Universal Time,Unix Time,Open,High,Low,Close,Volume
2019-08-15 00:00:00,1565827200.0,187.08,188.26,186.98,188.1,801.04289
2019-08-15 00:01:00,1565827260.0,188.16,189.46,187.34,188.64,2295.43477
2019-08-15 00:02:00,1565827320.0,188.46,188.87,187.83,188.53,1179.79899
2019-08-15 00:03:00,1565827380.0,188.46,188.58,188.32,188.5,348.79932
2019-08-15 00:04:00,1565827440.0,188.48,188.82,187.98,188.32,661.91856
2019-08-15 00:05:00,1565827500.0,188.33,188.59,188.14,188.33,644.56633
2019-08-15 00:06:00,1565827560.0,188.54,188.85,188.31,188.78,296.67134
2019-08-15 00:07:00,1565827620.0,188.82,189.09,188.58,188.79,290.34876
2019-08-15 00:08:00,1565827680.0,188.79,189.15,188.79,189.02,303.70077
2019-08-15 00:09:00,1565827740.0,189.06,189.37,188.98,189.34,463.67785
2019-08-15 00:10:00,1565827800.0,189.25,189.59,189.25,189.42,259.2889
2019-08-15 00:11:00,1565827860.0,189.42,189.53,188.97,189.08,436.41257
2019-08-15 00:12:00,1565827920.0,189.05,189.23,188.78,188.91,287.49826
2019-08-15 00:13:00,1565827980.0,188.85,188.92,188.44,188.48,173.46279
2019-08-15 00:14:00,1565828040.0,188.58,188.63,188.35,188.53,214.44829
2019-08-15 00:15:00,1565828100.0,188.6,188.7,188.41,188.6,117.04804
2019-08-15 00:16:00,1565828160.0,188.64,188.7,188.56,188.62,138.51165
2019-08-15 00:17:00,1565828220.0,188.66,188.84,188.58,188.78,162.02747
2019-08-15 00:18:00,1565828280.0,188.78,188.81,188.42,188.49,190.80278
2019-08-15 00:19:00,1565828340.0,188.44,188.71,188.44,188.71,113.74134
2019-08-15 00:20:00,1565828400.0,188.7,188.99,188.57,188.99,148.83272
2019-08-15 00:21:00,1565828460.0,189.0,189.18,188.75,188.75,307.28647
2019-08-15 00:22:00,1565828520.0,188.75,188.84,188.55,188.74,162.78974
2019-08-15 00:23:00,1565828580.0,188.72,188.78,188.37,188.51,233.40112
2019-08-15 00:24:00,1565828640.0,188.61,188.71,188.48,188.62,100.2053
2019-08-15 00:25:00,1565828700.0,188.66,188.66,188.49,188.53,138.87614
2019-08-15 00:26:00,1565828760.0,188.55,188.59,188.1,188.23,111.59759
2019-08-15 00:27:00,1565828820.0,188.2,188.38,188.05,188.09,153.96979
2019-08-15 00:28:00,1565828880.0,188.09,188.29,188.06,188.26,124.43624
2019-08-15 00:29:00,1565828940.0,188.29,188.74,188.26,188.73,217.17391
2019-08-15 00:30:00,1565829000.0,188.68,189.12,188.56,188.98,183.52782
2019-08-15 00:31:00,1565829060.0,189.05,189.62,189.03,189.59,500.01106
2019-08-15 00:32:00,1565829120.0,189.6,189.71,189.47,189.62,241.63054
2019-08-15 00:33:00,1565829180.0,189.6,189.95,189.51,189.95,253.16205
2019-08-15 00:34:00,1565829240.0,189.85,189.87,189.57,189.6,203.04885
2019-08-15 00:35:00,1565829300.0,189.63,189.64,189.4,189.4,263.07539
2019-08-15 00:36:00,1565829360.0,189.4,189.73,189.36,189.67,188.21652
2019-08-15 00:37:00,1565829420.0,189.7,189.81,189.6,189.64,155.55584
2019-08-15 00:38:00,1565829480.0,189.65,189.79,189.65,189.72,80.79228
2019-08-15 00:39:00,1565829540.0,189.76,189.8,189.6,189.7,127.64512
2019-08-15 00:40:00,1565829600.0,189.72,189.73,189.53,189.67,267.50401
2019-08-15 00:41:00,1565829660.0,189.67,189.7,189.38,189.44,79.15641
2019-08-15 00:42:00,1565829720.0,189.44,189.6,189.35,189.42,87.54195
2019-08-15 00:43:00,1565829780.0,189.4,189.47,189.26,189.3,173.40581
2019-08-15 00:44:00,1565829840.0,189.3,189.43,189.21,189.25,99.10605
2019-08-15 00:45:00,1565829900.0,189.2,189.28,189.01,189.11,111.1206
2019-08-15 00:46:00,1565829960.0,189.13,189.15,188.95,188.97,106.30747
2019-08-15 00:47:00,1565830020.0,188.98,189.19,188.96,189.08,147.48017
2019-08-15 00:48:00,1565830080.0,189.11,189.11,189.0,189.07,88.93048
2019-08-15 00:49:00,1565830140.0,189.07,189.07,188.31,188.6,659.81573
2019-08-15 00:50:00,1565830200.0,188.66,188.85,188.31,188.78,715.21473
2019-08-15 00:51:00,1565830260.0,188.78,188.78,188.08,188.58,1011.256
2019-08-15 00:52:00,1565830320.0,188.58,188.96,188.19,188.78,1204.63676
2019-08-15 00:53:00,1565830380.0,188.67,188.87,188.38,188.66,372.11433
2019-08-15 00:54:00,1565830440.0,188.71,188.74,188.42,188.67,188.45308
2019-08-15 00:55:00,1565830500.0,188.69,188.9,188.61,188.9,218.24912
2019-08-15 00:56:00,1565830560.0,188.95,189.31,188.92,189.22,98.2434
2019-08-15 00:57:00,1565830620.0,189.23,189.5,189.14,189.44,197.30432
2019-08-15 00:58:00,1565830680.0,189.44,189.44,189.2,189.36,141.23558
2019-08-15 00:59:00,1565830740.0,189.36,189.54,189.29,189.53,47.81867
2019-08-15 01:00:00,1565830800.0,189.48,189.54,189.42,189.45,61.45473
2019-08-15 01:01:00,1565830860.0,189.49,189.51,189.4,189.43,51.7946
2019-08-15 01:02:00,1565830920.0,189.4,189.46,189.22,189.22,147.23924
2019-08-15 01:03:00,1565830980.0,189.27,189.28,189.13,189.18,52.10815
2019-08-15 01:04:00,1565831040.0,189.18,189.19,189.05,189.06,146.3578
2019-08-15 01:05:00,1565831100.0,189.02,189.05,188.89,188.91,55.80828
2019-08-15 01:06:00,1565831160.0,188.91,188.92,188.64,188.71,97.8998
2019-08-15 01:07:00,1565831220.0,188.72,188.72,188.39,188.52,465.52277
2019-08-15 01:08:00,1565831280.0,188.52,188.52,188.34,188.35,164.32246
2019-08-15 01:09:00,1565831340.0,188.35,188.62,188.32,188.56,163.17727
2019-08-15 01:10:00,1565831400.0,188.57,188.68,188.32,188.56,354.60954
2019-08-15 01:11:00,1565831460.0,188.48,188.48,188.33,188.42,66.69937
2019-08-15 01:12:00,1565831520.0,188.43,188.54,188.4,188.48,139.6802
2019-08-15 01:13:00,1565831580.0,188.4,188.62,188.4,188.58,159.64145
2019-08-15 01:14:00,1565831640.0,188.57,188.68,188.42,188.66,63.06931
2019-08-15 01:15:00,1565831700.0,188.66,188.79,188.6,188.64,76.78532
2019-08-15 01:16:00,1565831760.0,188.67,188.73,188.6,188.73,87.83079
2019-08-15 01:17:00,1565831820.0,188.73,188.73,188.52,188.58,136.72812
2019-08-15 01:18:00,1565831880.0,188.58,188.88,188.55,188.76,138.47275
2019-08-15 01:19:00,1565831940.0,188.78,188.78,188.58,188.64,144.45735
2019-08-15 01:20:00,1565832000.0,188.69,188.7,188.59,188.62,64.69734
2019-08-15 01:21:00,1565832060.0,188.64,188.66,188.53,188.56,62.10823
2019-08-15 01:22:00,1565832120.0,188.53,188.64,188.5,188.61,341.41641
2019-08-15 01:23:00,1565832180.0,188.59,188.61,188.17,188.17,298.30416
2019-08-15 01:24:00,1565832240.0,188.2,188.29,188.14,188.21,89.3383
2019-08-15 01:25:00,1565832300.0,188.18,188.43,188.14,188.4,59.23761
2019-08-15 01:26:00,1565832360.0,188.4,188.4,188.16,188.22,84.97555
2019-08-15 01:27:00,1565832420.0,188.21,188.23,188.12,188.18,57.43203
2019-08-15 01:28:00,1565832480.0,188.16,188.23,188.11,188.16,138.47844
2019-08-15 01:29:00,1565832540.0,188.18,188.19,187.93,187.97,136.82067
2019-08-15 01:30:00,1565832600.0,187.99,188.1,187.94,188.03,214.92472
2019-08-15 01:31:00,1565832660.0,187.98,188.2,187.95,188.2,98.17583
2019-08-15 01:32:00,1565832720.0,188.21,188.29,188.1,188.12,121.03874
2019-08-15 01:33:00,1565832780.0,188.16,188.2,188.09,188.11,50.35772
2019-08-15 01:34:00,1565832840.0,188.1,188.13,188.01,188.07,39.06932
2019-08-15 01:35:00,1565832900.0,188.08,188.33,188.07,188.29,45.03851
2019-08-15 01:36:00,1565832960.0,188.29,188.43,188.27,188.35,74.20038
2019-08-15 01:37:00,1565833020.0,188.35,188.41,188.17,188.33,112.60683
2019-08-15 01:38:00,1565833080.0,188.31,188.46,188.22,188.37,137.19384
2019-08-15 01:39:00,1565833140.0,188.37,188.49,188.33,188.47,26.44613
2019-08-15 01:40:00,1565833200.0,188.47,188.61,188.41,188.57,88.30668
2019-08-15 01:41:00,1565833260.0,188.58,188.75,188.56,188.59,138.82882
2019-08-15 01:42:00,1565833320.0,188.56,188.72,188.56,188.67,30.02263
2019-08-15 01:43:00,1565833380.0,188.68,188.91,188.58,188.64,448.74516
2019-08-15 01:44:00,1565833440.0,188.58,188.62,188.46,188.47,70.43335
2019-08-15 01:45:00,1565833500.0,188.48,188.59,188.45,188.47,129.07588
2019-08-15 01:46:00,1565833560.0,188.49,188.71,188.48,188.71,589.19017
2019-08-15 01:47:00,1565833620.0,188.71,188.94,188.71,188.94,129.88998
2019-08-15 01:48:00,1565833680.0,188.93,189.1,188.83,189.05,62.53517
2019-08-15 01:49:00,1565833740.0,189.08,189.3,189.05,189.29,102.27929
2019-08-15 01:50:00,1565833800.0,189.26,189.27,189.2,189.26,53.5154
2019-08-15 01:51:00,1565833860.0,189.24,189.25,188.87,188.91,258.78067
2019-08-15 01:52:00,1565833920.0,188.94,189.08,188.94,189.0,81.23082
2019-08-15 01:53:00,1565833980.0,188.96,189.03,188.9,189.03,110.44751
2019-08-15 01:54:00,1565834040.0,188.99,189.03,188.86,188.86,41.17712
2019-08-15 01:55:00,1565834100.0,188.88,188.94,188.59,188.6,132.16291
2019-08-15 01:56:00,1565834160.0,188.58,188.71,188.47,188.58,78.66982
2019-08-15 01:57:00,1565834220.0,188.61,188.77,188.51,188.77,142.38059
2019-08-15 01:58:00,1565834280.0,188.72,188.72,188.58,188.58,36.97295
2019-08-15 01:59:00,1565834340.0,188.68,188.71,188.14,188.63,246.00703
2019-08-15 10:00:00,1565863200.0,188.55,188.55,181.26,182.6,2895.75287
2019-08-15 10:01:00,1565863260.0,182.59,183.04,182.0,182.73,828.21614
2019-08-15 10:02:00,1565863320.0,182.6,184.0,182.6,183.79,1154.25852
2019-08-15 10:03:00,1565863380.0,183.97,184.83,183.91,184.0,1123.15653
2019-08-15 10:04:00,1565863440.0,184.03,184.75,184.0,184.43,466.97399
2019-08-15 10:05:00,1565863500.0,184.59,185.03,184.44,184.58,493.97663
2019-08-15 10:06:00,1565863560.0,184.56,185.21,184.35,184.97,928.42212
2019-08-15 10:07:00,1565863620.0,185.11,185.72,184.59,185.14,922.34023
2019-08-15 10:08:00,1565863680.0,185.22,185.92,184.67,185.02,536.98652
2019-08-15 10:09:00,1565863740.0,185.0,185.0,184.2,184.38,931.45333
2019-08-15 10:10:00,1565863800.0,184.42,184.65,184.0,184.03,737.96227
2019-08-15 10:11:00,1565863860.0,184.03,184.37,183.55,183.88,530.0356
2019-08-15 10:12:00,1565863920.0,183.62,184.68,183.59,184.47,560.40307
2019-08-15 10:13:00,1565863980.0,184.46,184.64,183.89,184.28,1816.43787
2019-08-15 10:14:00,1565864040.0,184.33,184.62,183.94,184.32,514.65231
2019-08-15 10:15:00,1565864100.0,184.32,184.34,183.5,183.81,442.36455
2019-08-15 10:16:00,1565864160.0,183.73,184.11,183.73,184.01,220.6215
2019-08-15 10:17:00,1565864220.0,184.04,184.17,183.91,184.01,377.1814
2019-08-15 10:18:00,1565864280.0,184.01,184.16,183.9,184.14,252.93974
2019-08-15 10:19:00,1565864340.0,184.15,184.28,183.93,184.02,352.86063
2019-08-15 10:20:00,1565864400.0,184.11,184.22,183.91,184.17,157.2986
2019-08-15 10:21:00,1565864460.0,184.19,184.38,184.0,184.19,317.44182
2019-08-15 10:22:00,1565864520.0,184.3,184.59,184.27,184.48,256.51904
2019-08-15 10:23:00,1565864580.0,184.49,184.58,184.04,184.34,383.58374
2019-08-15 10:24:00,1565864640.0,184.35,184.46,184.12,184.3,196.79617
2019-08-15 10:25:00,1565864700.0,184.28,184.3,183.88,184.08,467.12906
2019-08-15 10:26:00,1565864760.0,184.03,184.21,183.93,184.02,302.55535
2019-08-15 10:27:00,1565864820.0,184.05,184.05,183.8,184.02,327.58685
2019-08-15 10:28:00,1565864880.0,184.03,184.12,183.75,183.78,429.43625
2019-08-15 10:29:00,1565864940.0,183.77,183.97,183.53,183.81,358.71527
2019-08-15 10:30:00,1565865000.0,183.94,183.94,183.58,183.72,238.0224
2019-08-15 10:31:00,1565865060.0,183.69,184.03,183.62,183.85,401.96185
2019-08-15 10:32:00,1565865120.0,183.88,184.39,183.88,184.31,253.5598
2019-08-15 10:33:00,1565865180.0,184.36,184.45,184.0,184.0,660.62656
2019-08-15 10:34:00,1565865240.0,184.0,184.43,183.86,184.4,344.78125
2019-08-15 10:35:00,1565865300.0,184.37,184.37,183.85,183.96,238.34652
2019-08-15 10:36:00,1565865360.0,184.06,184.31,183.85,184.01,294.94966
2019-08-15 10:37:00,1565865420.0,183.99,184.3,183.99,184.3,268.22892
2019-08-15 10:38:00,1565865480.0,184.28,184.44,184.28,184.4,317.3515
2019-08-15 10:39:00,1565865540.0,184.39,184.44,184.08,184.15,227.83083
2019-08-15 10:40:00,1565865600.0,184.15,184.21,183.86,184.05,308.10533
2019-08-15 10:41:00,1565865660.0,184.09,184.3,184.07,184.2,218.37376
2019-08-15 10:42:00,1565865720.0,184.2,184.22,183.82,183.87,786.57309
2019-08-15 10:43:00,1565865780.0,183.91,184.26,183.88,184.13,159.12726
2019-08-15 10:44:00,1565865840.0,184.13,184.14,183.87,183.92,175.3688
2019-08-15 10:45:00,1565865900.0,183.92,184.21,183.81,184.2,212.35466
2019-08-15 10:46:00,1565865960.0,184.24,184.26,183.85,183.85,189.43041
2019-08-15 10:47:00,1565866020.0,183.85,183.85,183.52,183.55,562.62842
2019-08-15 10:48:00,1565866080.0,183.54,183.7,183.38,183.7,307.80662
2019-08-15 10:49:00,1565866140.0,183.67,183.79,183.22,183.61,322.21272
2019-08-15 10:50:00,1565866200.0,183.61,183.69,183.41,183.55,216.39287
2019-08-15 10:51:00,1565866260.0,183.54,183.54,183.27,183.27,158.55318
2019-08-15 10:52:00,1565866320.0,183.29,183.46,183.22,183.38,194.04381
2019-08-15 10:53:00,1565866380.0,183.36,183.58,183.3,183.3,335.94273
2019-08-15 10:54:00,1565866440.0,183.31,183.52,183.2,183.42,618.63535
2019-08-15 10:55:00,1565866500.0,183.42,183.51,183.4,183.41,147.565
2019-08-15 10:56:00,1565866560.0,183.4,183.41,183.08,183.21,333.55065
2019-08-15 10:57:00,1565866620.0,183.07,183.19,183.03,183.12,233.36934
2019-08-15 10:58:00,1565866680.0,183.14,183.16,183.07,183.07,135.24069
2019-08-15 10:59:00,1565866740.0,183.14,183.14,183.05,183.1,130.16946
2019-08-15 11:00:00,1565866800.0,183.1,183.21,183.01,183.15,198.13431
2019-08-15 11:01:00,1565866860.0,183.15,183.17,183.04,183.09,106.38635
2019-08-15 11:02:00,1565866920.0,183.09,183.12,183.04,183.08,176.03057
2019-08-15 11:03:00,1565866980.0,183.08,183.31,183.05,183.29,140.19629
2019-08-15 11:04:00,1565867040.0,183.31,183.5,183.25,183.5,179.28595
2019-08-15 11:05:00,1565867100.0,183.49,183.73,183.42,183.47,370.07657
2019-08-15 11:06:00,1565867160.0,183.52,183.54,183.25,183.49,253.45909
2019-08-15 11:07:00,1565867220.0,183.45,183.71,183.45,183.71,115.96254
2019-08-15 11:08:00,1565867280.0,183.72,183.79,183.41,183.52,373.23192
2019-08-15 11:09:00,1565867340.0,183.52,183.52,183.3,183.41,119.42365
2019-08-15 11:10:00,1565867400.0,183.45,183.71,183.41,183.71,147.82788
2019-08-15 11:11:00,1565867460.0,183.69,183.79,183.42,183.5,176.37366
2019-08-15 11:12:00,1565867520.0,183.51,183.8,183.48,183.75,98.44059
2019-08-15 11:13:00,1565867580.0,183.74,183.81,183.73,183.81,160.43287
2019-08-15 11:14:00,1565867640.0,183.79,183.98,183.73,183.95,206.45788
2019-08-15 11:15:00,1565867700.0,183.9,184.08,183.8,184.06,198.35353
2019-08-15 11:16:00,1565867760.0,184.1,184.1,183.47,183.55,505.46431
2019-08-15 11:17:00,1565867820.0,183.59,183.74,183.53,183.53,273.24032
2019-08-15 11:18:00,1565867880.0,183.54,183.64,183.32,183.51,256.03239
2019-08-15 11:19:00,1565867940.0,183.51,183.77,183.44,183.59,226.44846
2019-08-15 11:20:00,1565868000.0,183.58,183.6,183.32,183.56,169.59774
2019-08-15 11:21:00,1565868060.0,183.59,183.66,183.41,183.62,203.59124
2019-08-15 11:22:00,1565868120.0,183.56,183.68,183.48,183.6,139.12595
2019-08-15 11:23:00,1565868180.0,183.65,183.69,183.41,183.45,223.36996
2019-08-15 11:24:00,1565868240.0,183.45,183.68,183.35,183.66,294.57973
2019-08-15 11:25:00,1565868300.0,183.69,183.74,183.45,183.53,275.81035
2019-08-15 11:26:00,1565868360.0,183.5,183.72,183.49,183.72,54.90067
2019-08-15 11:27:00,1565868420.0,183.7,183.84,183.64,183.79,60.48181
2019-08-15 11:28:00,1565868480.0,183.79,184.22,183.69,183.81,467.89765
2019-08-15 11:29:00,1565868540.0,183.89,184.02,183.46,183.79,364.99485
2019-08-15 11:30:00,1565868600.0,183.79,184.0,183.73,184.0,68.17537
2019-08-15 11:31:00,1565868660.0,183.94,184.47,183.94,184.36,286.7026
2019-08-15 11:32:00,1565868720.0,184.33,184.67,184.33,184.5,226.61799
2019-08-15 11:33:00,1565868780.0,184.44,184.78,184.44,184.71,173.0428
2019-08-15 11:34:00,1565868840.0,184.72,185.0,184.68,184.8,216.98768
2019-08-15 11:35:00,1565868900.0,184.86,184.99,184.66,184.85,332.88038
2019-08-15 11:36:00,1565868960.0,184.85,185.14,184.78,185.04,151.42447
2019-08-15 11:37:00,1565869020.0,185.08,185.08,184.43,184.64,229.10239
2019-08-15 11:38:00,1565869080.0,184.7,184.75,184.39,184.74,262.68866
2019-08-15 11:39:00,1565869140.0,184.76,184.77,184.5,184.59,161.0636
2019-08-15 11:40:00,1565869200.0,184.58,184.92,184.58,184.88,135.26893
2019-08-15 11:41:00,1565869260.0,184.86,184.88,184.69,184.77,149.87844
2019-08-15 11:42:00,1565869320.0,184.77,184.86,184.64,184.86,323.33069
2019-08-15 11:43:00,1565869380.0,184.85,185.41,184.85,185.27,427.454
2019-08-15 11:44:00,1565869440.0,185.34,185.44,185.0,185.14,270.35929
2019-08-15 11:45:00,1565869500.0,185.14,185.22,184.94,185.17,143.38335
2019-08-15 11:46:00,1565869560.0,185.16,185.37,185.02,185.3,141.77748
2019-08-15 11:47:00,1565869620.0,185.29,185.39,185.07,185.09,141.42507
2019-08-15 11:48:00,1565869680.0,185.14,185.15,185.0,185.13,125.36076
2019-08-15 11:49:00,1565869740.0,185.14,185.38,185.14,185.22,575.71336
2019-08-15 11:50:00,1565869800.0,185.17,185.22,185.03,185.05,109.16872
2019-08-15 11:51:00,1565869860.0,185.1,185.5,185.02,185.17,224.44666
2019-08-15 11:52:00,1565869920.0,185.29,185.41,185.0,185.08,340.85407
2019-08-15 11:53:00,1565869980.0,185.04,185.24,185.0,185.18,224.67924
2019-08-15 11:54:00,1565870040.0,185.18,185.58,185.17,185.5,236.01886
2019-08-15 11:55:00,1565870100.0,185.49,185.63,185.33,185.58,152.03635
2019-08-15 11:56:00,1565870160.0,185.58,185.86,185.42,185.56,1276.80544
2019-08-15 11:57:00,1565870220.0,185.56,185.69,185.09,185.41,853.40946
2019-08-15 11:58:00,1565870280.0,185.38,185.4,185.0,185.19,522.92247
2019-08-15 11:59:00,1565870340.0,185.12,185.38,185.0,185.3,208.15015
2019-08-15 12:00:00,1565870400.0,185.31,185.34,184.98,185.19,421.79671
2019-08-15 12:01:00,1565870460.0,185.15,185.31,185.0,185.11,513.20421
2019-08-15 12:02:00,1565870520.0,185.11,185.12,184.7,184.74,466.72899
2019-08-15 12:03:00,1565870580.0,184.74,184.88,184.05,184.25,550.08067
2019-08-15 12:04:00,1565870640.0,184.3,184.6,184.2,184.26,279.6719
2019-08-15 12:05:00,1565870700.0,184.29,184.34,184.16,184.2,435.01289
2019-08-15 12:06:00,1565870760.0,184.18,184.22,183.87,183.97,331.07295
2019-08-15 12:07:00,1565870820.0,183.95,184.1,183.86,183.93,251.54315
2019-08-15 12:08:00,1565870880.0,183.94,183.99,183.55,183.68,342.0766
2019-08-15 12:09:00,1565870940.0,183.63,184.06,183.63,183.79,452.26761
2019-08-15 12:10:00,1565871000.0,183.76,183.87,183.55,183.63,227.8103
2019-08-15 12:11:00,1565871060.0,183.57,183.88,183.22,183.84,710.50286
2019-08-15 12:12:00,1565871120.0,183.83,183.9,183.55,183.58,199.27519
2019-08-15 12:13:00,1565871180.0,183.64,183.72,183.5,183.68,249.27592
2019-08-15 12:14:00,1565871240.0,183.7,183.73,183.55,183.63,100.14737
2019-08-15 12:15:00,1565871300.0,183.59,183.89,183.44,183.89,433.54897
2019-08-15 12:16:00,1565871360.0,183.89,184.16,183.81,183.96,231.63763
2019-08-15 12:17:00,1565871420.0,183.97,184.16,183.89,184.14,240.4617
2019-08-15 12:18:00,1565871480.0,184.13,184.16,183.71,183.76,794.38489
2019-08-15 12:19:00,1565871540.0,183.76,184.03,183.76,183.92,243.55167
2019-08-15 12:20:00,1565871600.0,183.91,183.94,183.84,183.94,121.16816
2019-08-15 12:21:00,1565871660.0,183.93,184.14,183.92,184.02,224.32471
2019-08-15 12:22:00,1565871720.0,184.02,184.21,183.98,184.21,103.98009
2019-08-15 12:23:00,1565871780.0,184.2,184.2,183.97,184.14,236.42944
2019-08-15 12:24:00,1565871840.0,184.0,184.11,183.87,184.02,251.33118
2019-08-15 12:25:00,1565871900.0,184.02,184.02,183.86,183.87,224.46139
2019-08-15 12:26:00,1565871960.0,183.88,183.93,183.75,183.77,225.93593
2019-08-15 12:27:00,1565872020.0,183.76,183.8,183.6,183.6,203.80584
2019-08-15 12:28:00,1565872080.0,183.61,183.92,183.61,183.86,135.72131
2019-08-15 12:29:00,1565872140.0,183.91,183.94,183.49,183.61,307.48746
2019-08-15 12:30:00,1565872200.0,183.61,183.71,183.56,183.69,86.76549
2019-08-15 12:31:00,1565872260.0,183.68,183.71,183.51,183.63,80.96643
2019-08-15 12:32:00,1565872320.0,183.63,183.96,183.63,183.9,179.52656
2019-08-15 12:33:00,1565872380.0,183.9,183.93,183.74,183.8,123.33795
2019-08-15 12:34:00,1565872440.0,183.78,183.79,183.4,183.44,168.71712
2019-08-15 12:35:00,1565872500.0,183.45,183.52,183.21,183.34,224.49531
2019-08-15 12:36:00,1565872560.0,183.33,183.35,183.0,183.24,334.96632
2019-08-15 12:37:00,1565872620.0,183.24,183.3,183.0,183.09,160.20221
2019-08-15 12:38:00,1565872680.0,183.09,183.31,182.94,183.08,344.13113
2019-08-15 12:39:00,1565872740.0,183.09,183.16,183.01,183.04,100.76903
2019-08-15 12:40:00,1565872800.0,183.1,183.19,183.07,183.12,200.6257
2019-08-15 12:41:00,1565872860.0,183.1,183.19,182.9,182.96,327.01869
2019-08-15 12:42:00,1565872920.0,182.95,183.07,182.93,182.98,76.68733
2019-08-15 12:43:00,1565872980.0,183.02,183.03,182.53,182.75,295.93237
2019-08-15 12:44:00,1565873040.0,182.83,182.83,182.23,182.24,291.1469
2019-08-15 12:45:00,1565873100.0,182.25,182.48,182.08,182.15,628.28779
2019-08-15 12:46:00,1565873160.0,182.22,182.37,182.06,182.06,438.51308
2019-08-15 12:47:00,1565873220.0,182.06,182.14,181.74,181.98,1005.27056
2019-08-15 12:48:00,1565873280.0,181.98,182.11,181.57,181.8,442.35463
2019-08-15 12:49:00,1565873340.0,181.79,182.0,181.23,181.39,939.6981
2019-08-15 12:50:00,1565873400.0,181.4,181.84,181.36,181.69,474.28126
2019-08-15 12:51:00,1565873460.0,181.68,181.82,181.27,181.73,512.96686
2019-08-15 12:52:00,1565873520.0,181.67,182.0,181.63,181.87,466.92833
2019-08-15 12:53:00,1565873580.0,181.98,181.98,181.76,181.78,138.74271
2019-08-15 12:54:00,1565873640.0,181.78,182.0,181.73,182.0,677.13474
2019-08-15 12:55:00,1565873700.0,182.03,182.37,182.03,182.35,157.13605
2019-08-15 12:56:00,1565873760.0,182.35,182.66,182.27,182.3,426.54135
2019-08-15 12:57:00,1565873820.0,182.24,182.64,182.23,182.62,258.65848
2019-08-15 12:58:00,1565873880.0,182.58,182.67,182.33,182.33,147.86384
2019-08-15 12:59:00,1565873940.0,182.34,182.66,182.21,182.66,282.97812
2019-08-15 13:00:00,1565874000.0,182.64,182.83,182.62,182.78,123.55655
2019-08-15 13:01:00,1565874060.0,182.79,183.2,182.79,182.9,234.25796
2019-08-15 13:02:00,1565874120.0,182.95,183.0,182.53,182.71,200.09446
2019-08-15 13:03:00,1565874180.0,182.71,182.73,182.49,182.69,133.97822
2019-08-15 13:04:00,1565874240.0,182.68,183.0,182.47,182.99,302.56454
2019-08-15 13:05:00,1565874300.0,182.94,183.27,182.9,183.17,202.10204
2019-08-15 13:06:00,1565874360.0,183.17,183.2,182.75,182.78,251.38321
2019-08-15 13:07:00,1565874420.0,182.78,182.82,182.43,182.47,202.77811
2019-08-15 13:08:00,1565874480.0,182.47,182.63,182.29,182.47,295.77039
2019-08-15 13:09:00,1565874540.0,182.45,182.53,182.28,182.31,321.89272
2019-08-15 13:10:00,1565874600.0,182.31,182.56,181.78,182.54,441.59308
2019-08-15 13:11:00,1565874660.0,182.56,183.0,182.55,182.61,361.44622
2019-08-15 13:12:00,1565874720.0,182.61,182.96,182.59,182.89,246.99605
2019-08-15 13:13:00,1565874780.0,182.89,182.95,182.53,182.7,277.50508
2019-08-15 13:14:00,1565874840.0,182.82,182.83,182.71,182.81,89.09099
2019-08-15 13:15:00,1565874900.0,182.81,182.83,182.56,182.76,119.69593
2019-08-15 13:16:00,1565874960.0,182.76,183.19,182.76,183.17,176.85228
2019-08-15 13:17:00,1565875020.0,183.14,183.2,182.98,183.12,101.51035
2019-08-15 13:18:00,1565875080.0,183.11,183.3,183.11,183.22,110.72912
2019-08-15 13:19:00,1565875140.0,183.21,183.29,182.98,183.03,131.75916
2019-08-15 13:20:00,1565875200.0,183.03,183.29,182.97,183.23,176.59106
2019-08-15 13:21:00,1565875260.0,183.23,183.28,182.48,182.9,373.9376
2019-08-15 13:22:00,1565875320.0,182.93,183.15,182.89,183.11,110.33422
2019-08-15 13:23:00,1565875380.0,183.14,183.14,182.74,182.83,112.24425
2019-08-15 13:24:00,1565875440.0,182.84,182.87,182.64,182.82,217.95182
2019-08-15 13:25:00,1565875500.0,182.83,182.98,182.6,182.74,163.30423
2019-08-15 13:26:00,1565875560.0,182.74,183.0,182.74,182.99,261.09413
2019-08-15 13:27:00,1565875620.0,182.97,183.0,182.78,182.87,176.14712
2019-08-15 13:28:00,1565875680.0,182.92,183.18,182.9,183.15,105.53651
2019-08-15 13:29:00,1565875740.0,183.13,183.14,183.0,183.07,165.16446
2019-08-15 13:30:00,1565875800.0,183.07,183.08,182.95,183.06,74.19479
2019-08-15 13:31:00,1565875860.0,183.07,183.41,183.06,183.41,432.77086
2019-08-15 13:32:00,1565875920.0,183.4,183.47,183.12,183.44,247.60583
2019-08-15 13:33:00,1565875980.0,183.46,183.56,183.39,183.45,138.56072
2019-08-15 13:34:00,1565876040.0,183.49,183.55,183.26,183.27,261.45225
2019-08-15 13:35:00,1565876100.0,183.26,183.4,183.15,183.38,92.24134
2019-08-15 13:36:00,1565876160.0,183.39,183.48,183.35,183.41,65.78003
2019-08-15 13:37:00,1565876220.0,183.42,183.55,183.42,183.46,60.219
2019-08-15 13:38:00,1565876280.0,183.49,183.6,183.42,183.55,210.28137
2019-08-15 13:39:00,1565876340.0,183.55,183.64,183.49,183.63,90.28957
2019-08-15 13:40:00,1565876400.0,183.67,183.88,183.64,183.88,53.28744
2019-08-15 13:41:00,1565876460.0,183.79,183.89,183.66,183.69,137.49311
2019-08-15 13:42:00,1565876520.0,183.69,183.72,183.46,183.49,133.56465
2019-08-15 13:43:00,1565876580.0,183.47,183.71,183.46,183.68,76.70227
2019-08-15 13:44:00,1565876640.0,183.61,183.8,183.61,183.79,66.78665
2019-08-15 13:45:00,1565876700.0,183.79,184.37,183.78,184.27,144.97523
2019-08-15 13:46:00,1565876760.0,184.25,184.37,184.05,184.11,179.16297
2019-08-15 13:47:00,1565876820.0,184.13,184.13,183.96,184.06,64.59691
2019-08-15 13:48:00,1565876880.0,184.04,184.72,183.92,183.97,476.77687
2019-08-15 13:49:00,1565876940.0,183.97,183.98,183.69,183.71,114.94935
2019-08-15 13:50:00,1565877000.0,183.71,183.83,183.47,183.64,191.37853
2019-08-15 13:51:00,1565877060.0,183.72,183.72,183.51,183.53,76.13033
2019-08-15 13:52:00,1565877120.0,183.51,183.53,183.16,183.36,274.36988
2019-08-15 13:53:00,1565877180.0,183.36,183.51,183.28,183.48,107.21295
2019-08-15 13:54:00,1565877240.0,183.5,183.82,183.48,183.8,127.68016
2019-08-15 13:55:00,1565877300.0,183.78,183.9,183.68,183.85,83.02612
2019-08-15 13:56:00,1565877360.0,183.87,183.91,183.61,183.67,164.46855
2019-08-15 13:57:00,1565877420.0,183.67,183.88,183.48,183.83,61.67772
2019-08-15 13:58:00,1565877480.0,183.83,183.83,183.66,183.73,94.17118
2019-08-15 13:59:00,1565877540.0,183.7,183.78,183.62,183.68,66.78226
2019-08-15 14:00:00,1565877600.0,183.66,184.27,183.66,184.06,115.831
2019-08-15 14:01:00,1565877660.0,184.16,184.5,184.09,184.48,154.4277
2019-08-15 14:02:00,1565877720.0,184.49,184.89,184.45,184.66,359.40273
2019-08-15 14:03:00,1565877780.0,184.47,184.6,184.17,184.24,233.28041
2019-08-15 14:04:00,1565877840.0,184.23,184.74,184.07,184.67,190.45718
2019-08-15 14:05:00,1565877900.0,184.77,184.79,184.34,184.44,248.42924
2019-08-15 14:06:00,1565877960.0,184.36,184.52,184.25,184.5,70.42335
2019-08-15 14:07:00,1565878020.0,184.5,184.96,184.26,184.36,482.29301
2019-08-15 14:08:00,1565878080.0,184.35,184.35,184.07,184.1,131.47909
2019-08-15 14:09:00,1565878140.0,184.1,184.17,183.93,183.93,194.60747
2019-08-15 14:10:00,1565878200.0,183.86,184.13,183.83,184.11,82.58042
2019-08-15 14:11:00,1565878260.0,184.11,184.14,183.9,184.0,168.13075
2019-08-15 14:12:00,1565878320.0,184.0,184.0,183.83,183.95,97.38383
2019-08-15 14:13:00,1565878380.0,183.94,184.21,183.9,184.08,131.64978
2019-08-15 14:14:00,1565878440.0,184.08,184.29,184.0,184.16,199.99971
2019-08-15 14:15:00,1565878500.0,184.23,184.48,184.2,184.44,138.2716
2019-08-15 14:16:00,1565878560.0,184.41,184.44,184.23,184.4,91.49027
2019-08-15 14:17:00,1565878620.0,184.4,184.4,184.15,184.2,138.91777
2019-08-15 14:18:00,1565878680.0,184.19,184.3,184.13,184.27,113.34481
2019-08-15 14:19:00,1565878740.0,184.28,184.29,184.01,184.01,119.91964
2019-08-15 14:20:00,1565878800.0,184.06,184.14,183.83,184.07,200.52913
2019-08-15 14:21:00,1565878860.0,184.02,184.14,184.0,184.08,65.22759
2019-08-15 14:22:00,1565878920.0,184.08,184.08,183.67,183.71,172.09753
2019-08-15 14:23:00,1565878980.0,183.7,183.71,183.53,183.58,173.8217
2019-08-15 14:24:00,1565879040.0,183.58,183.65,183.53,183.63,90.40368
2019-08-15 14:25:00,1565879100.0,183.62,183.65,183.37,183.55,288.16677
2019-08-15 14:26:00,1565879160.0,183.55,183.63,183.41,183.63,179.40842
2019-08-15 14:27:00,1565879220.0,183.64,183.81,183.59,183.81,78.03286
2019-08-15 14:28:00,1565879280.0,183.82,183.85,183.62,183.67,140.04843
2019-08-15 14:29:00,1565879340.0,183.68,183.96,183.55,183.93,114.55655
2019-08-15 14:30:00,1565879400.0,183.93,183.97,183.72,183.83,129.94627
2019-08-15 14:31:00,1565879460.0,183.83,183.93,183.82,183.9,137.471
2019-08-15 14:32:00,1565879520.0,183.89,183.89,183.58,183.8,289.05148
2019-08-15 14:33:00,1565879580.0,183.83,183.83,183.78,183.82,41.09882
2019-08-15 14:34:00,1565879640.0,183.86,183.89,183.72,183.76,84.86229
2019-08-15 14:35:00,1565879700.0,183.77,183.85,183.72,183.74,75.24946
2019-08-15 14:36:00,1565879760.0,183.78,183.9,183.73,183.79,92.56884
2019-08-15 14:37:00,1565879820.0,183.77,183.79,183.64,183.71,150.8389
2019-08-15 14:38:00,1565879880.0,183.73,183.75,183.71,183.73,47.39956
2019-08-15 14:39:00,1565879940.0,183.73,183.73,183.64,183.69,71.30074
2019-08-15 14:40:00,1565880000.0,183.7,183.73,183.58,183.69,96.12263
2019-08-15 14:41:00,1565880060.0,183.72,183.73,183.66,183.73,75.45832
2019-08-15 14:42:00,1565880120.0,183.73,183.75,183.52,183.56,104.3924
2019-08-15 14:43:00,1565880180.0,183.6,183.65,183.42,183.5,134.28081
2019-08-15 14:44:00,1565880240.0,183.49,183.49,183.01,183.1,212.87361
2019-08-15 14:45:00,1565880300.0,183.01,183.33,182.97,183.23,373.20409
2019-08-15 14:46:00,1565880360.0,183.23,183.48,183.23,183.47,224.95702
2019-08-15 14:47:00,1565880420.0,183.49,183.59,183.31,183.46,256.46404
2019-08-15 14:48:00,1565880480.0,183.45,183.62,183.45,183.6,150.255
2019-08-15 14:49:00,1565880540.0,183.61,183.69,183.49,183.65,194.43365
2019-08-15 14:50:00,1565880600.0,183.66,183.9,183.63,183.72,185.48947
2019-08-15 14:51:00,1565880660.0,183.75,183.81,183.49,183.67,168.52602
2019-08-15 14:52:00,1565880720.0,183.65,183.79,183.6,183.7,100.30225
2019-08-15 14:53:00,1565880780.0,183.73,183.74,183.61,183.71,63.92631
2019-08-15 14:54:00,1565880840.0,183.71,183.75,183.67,183.74,128.88811
2019-08-15 14:55:00,1565880900.0,183.73,183.87,183.73,183.85,72.05589
2019-08-15 14:56:00,1565880960.0,183.85,183.9,183.82,183.89,73.62651
2019-08-15 14:57:00,1565881020.0,183.88,184.15,183.88,184.12,71.27333
2019-08-15 14:58:00,1565881080.0,184.13,184.2,184.12,184.16,248.17219
2019-08-15 14:59:00,1565881140.0,184.15,184.17,183.82,183.92,603.14829
2019-08-15 15:00:00,1565881200.0,183.92,184.27,183.83,184.15,128.58547
2019-08-15 15:01:00,1565881260.0,184.24,184.5,184.18,184.29,169.93088
2019-08-15 15:02:00,1565881320.0,184.27,184.32,184.1,184.26,145.37159
2019-08-15 15:03:00,1565881380.0,184.28,184.44,184.26,184.38,128.63452
2019-08-15 15:04:00,1565881440.0,184.38,184.44,184.28,184.36,99.30975
2019-08-15 15:05:00,1565881500.0,184.4,184.43,184.26,184.3,183.43274
2019-08-15 15:06:00,1565881560.0,184.34,184.39,184.21,184.21,151.49573
2019-08-15 15:07:00,1565881620.0,184.22,184.27,184.05,184.1,106.36277
2019-08-15 15:08:00,1565881680.0,184.11,184.11,183.99,184.01,91.18671
2019-08-15 15:09:00,1565881740.0,184.01,184.35,183.98,184.3,296.89547
2019-08-15 15:10:00,1565881800.0,184.25,184.32,184.21,184.26,113.94445
2019-08-15 15:11:00,1565881860.0,184.25,184.56,184.2,184.5,296.69253
2019-08-15 15:12:00,1565881920.0,184.5,184.5,184.33,184.43,128.91215
2019-08-15 15:13:00,1565881980.0,184.45,184.49,184.38,184.46,148.94361
2019-08-15 15:14:00,1565882040.0,184.49,184.61,184.41,184.61,130.92136
2019-08-15 15:15:00,1565882100.0,184.61,184.95,184.61,184.92,338.21536
2019-08-15 15:16:00,1565882160.0,184.85,184.95,184.75,184.84,157.04897
2019-08-15 15:17:00,1565882220.0,184.85,185.03,184.82,185.0,273.97341
2019-08-15 15:18:00,1565882280.0,185.02,185.03,184.91,184.96,115.13225
2019-08-15 15:19:00,1565882340.0,184.97,185.03,184.85,184.85,81.51541
2019-08-15 15:20:00,1565882400.0,184.83,184.97,184.83,184.93,108.66284
2019-08-15 15:21:00,1565882460.0,184.94,185.03,184.89,185.01,102.16721
2019-08-15 15:22:00,1565882520.0,185.02,185.03,184.76,184.83,169.51216
2019-08-15 15:23:00,1565882580.0,184.82,184.99,184.73,184.97,40.66744
2019-08-15 15:24:00,1565882640.0,184.98,185.06,184.84,184.88,154.20696
2019-08-15 15:25:00,1565882700.0,184.89,184.92,184.59,184.62,182.67471
2019-08-15 15:26:00,1565882760.0,184.6,184.6,184.3,184.35,192.53853
2019-08-15 15:27:00,1565882820.0,184.34,184.67,184.19,184.53,199.88794
2019-08-15 15:28:00,1565882880.0,184.53,184.58,184.29,184.33,206.71623
2019-08-15 15:29:00,1565882940.0,184.36,184.38,184.31,184.38,201.92134
2019-08-15 15:30:00,1565883000.0,184.37,184.77,184.37,184.61,570.49799
2019-08-15 15:31:00,1565883060.0,184.73,184.84,184.62,184.73,186.51584
2019-08-15 15:32:00,1565883120.0,184.79,184.79,184.73,184.77,81.31929
2019-08-15 15:33:00,1565883180.0,184.78,184.92,184.76,184.8,156.24542
2019-08-15 15:34:00,1565883240.0,184.83,184.91,184.79,184.81,81.40539
2019-08-15 15:35:00,1565883300.0,184.81,184.93,184.81,184.9,67.07404
2019-08-15 15:36:00,1565883360.0,184.87,184.93,184.69,184.74,111.41516
2019-08-15 15:37:00,1565883420.0,184.74,184.83,184.61,184.82,136.31822
2019-08-15 15:38:00,1565883480.0,184.83,184.94,184.81,184.93,108.18509
2019-08-15 15:39:00,1565883540.0,184.93,185.01,184.88,185.0,150.53511
2019-08-15 15:40:00,1565883600.0,185.0,185.0,184.86,184.9,87.69686
2019-08-15 15:41:00,1565883660.0,184.88,184.88,184.59,184.69,136.61397
2019-08-15 15:42:00,1565883720.0,184.7,184.7,184.49,184.62,136.32835
2019-08-15 15:43:00,1565883780.0,184.62,184.71,184.61,184.69,60.9147
2019-08-15 15:44:00,1565883840.0,184.7,184.84,184.7,184.83,85.06747
2019-08-15 15:45:00,1565883900.0,184.83,184.85,184.74,184.84,70.11317
2019-08-15 15:46:00,1565883960.0,184.84,184.92,184.73,184.92,114.3075
2019-08-15 15:47:00,1565884020.0,184.96,185.15,184.91,185.0,248.17637
2019-08-15 15:48:00,1565884080.0,184.95,185.16,184.86,185.1,164.61562
2019-08-15 15:49:00,1565884140.0,185.11,185.15,184.98,185.15,91.14503
2019-08-15 15:50:00,1565884200.0,185.15,186.31,185.14,185.65,825.58611
2019-08-15 15:51:00,1565884260.0,185.78,186.43,185.58,186.3,719.66062
2019-08-15 15:52:00,1565884320.0,186.42,186.79,186.35,186.79,349.64994
2019-08-15 15:53:00,1565884380.0,186.78,186.88,186.26,186.43,483.14458
2019-08-15 15:54:00,1565884440.0,186.43,187.48,186.31,186.93,1536.55124
2019-08-15 15:55:00,1565884500.0,186.79,187.27,186.75,186.95,972.47466
2019-08-15 15:56:00,1565884560.0,186.94,187.04,186.34,186.49,361.87245
2019-08-15 15:57:00,1565884620.0,186.49,186.49,186.31,186.37,272.90254
2019-08-15 15:58:00,1565884680.0,186.38,186.4,186.12,186.26,221.81603
2019-08-15 15:59:00,1565884740.0,186.26,186.7,186.26,186.47,274.511
2019-08-15 16:00:00,1565884800.0,186.46,187.12,186.31,187.04,513.64979
2019-08-15 16:01:00,1565884860.0,187.06,187.25,186.75,186.86,470.91549
2019-08-15 16:02:00,1565884920.0,186.85,187.74,186.83,187.43,479.62512
2019-08-15 16:03:00,1565884980.0,187.43,187.99,187.24,187.97,524.38762
2019-08-15 16:04:00,1565885040.0,187.96,188.01,187.44,187.46,1412.22679
2019-08-15 16:05:00,1565885100.0,187.46,187.59,187.18,187.21,300.63989
2019-08-15 16:06:00,1565885160.0,187.2,187.65,187.11,187.59,331.7992
2019-08-15 16:07:00,1565885220.0,187.59,187.66,187.31,187.41,245.20975
2019-08-15 16:08:00,1565885280.0,187.41,187.49,187.23,187.4,254.01101
2019-08-15 16:09:00,1565885340.0,187.39,187.45,187.23,187.31,239.17214
2019-08-15 16:10:00,1565885400.0,187.31,187.32,187.1,187.14,184.99529
2019-08-15 16:11:00,1565885460.0,187.14,187.21,187.05,187.17,175.25981
2019-08-15 16:12:00,1565885520.0,187.19,187.19,186.57,186.6,374.79291
2019-08-15 16:13:00,1565885580.0,186.59,186.59,185.5,185.57,1200.49024
2019-08-15 16:14:00,1565885640.0,185.57,185.91,185.16,185.22,444.20578
2019-08-15 16:15:00,1565885700.0,185.22,185.75,185.18,185.67,402.79487
2019-08-15 16:16:00,1565885760.0,185.65,185.84,185.57,185.57,316.74349
2019-08-15 16:17:00,1565885820.0,185.58,185.74,185.45,185.67,256.55531
2019-08-15 16:18:00,1565885880.0,185.67,185.77,185.51,185.52,256.10183
2019-08-15 16:19:00,1565885940.0,185.52,185.72,185.24,185.61,387.50352
2019-08-15 16:20:00,1565886000.0,185.69,185.7,185.26,185.31,184.77285
2019-08-15 16:21:00,1565886060.0,185.26,185.35,185.0,185.29,324.06114
2019-08-15 16:22:00,1565886120.0,185.2,185.31,184.74,184.74,566.36751
2019-08-15 16:23:00,1565886180.0,184.74,185.14,184.69,185.12,998.76427
2019-08-15 16:24:00,1565886240.0,185.13,185.26,184.86,184.92,336.15739
2019-08-15 16:25:00,1565886300.0,185.0,185.32,184.92,185.28,325.69483
2019-08-15 16:26:00,1565886360.0,185.3,185.46,185.14,185.28,350.1898
2019-08-15 16:27:00,1565886420.0,185.26,185.26,184.92,184.94,183.04846
2019-08-15 16:28:00,1565886480.0,184.97,185.0,184.4,184.52,389.3484
2019-08-15 16:29:00,1565886540.0,184.44,184.7,184.44,184.45,526.50995
2019-08-15 16:30:00,1565886600.0,184.46,184.46,184.03,184.16,389.40217
2019-08-15 16:31:00,1565886660.0,184.16,184.27,184.09,184.27,224.40196
2019-08-15 16:32:00,1565886720.0,184.28,184.47,184.24,184.44,252.60943
2019-08-15 16:33:00,1565886780.0,184.39,184.39,183.94,184.06,844.80298
2019-08-15 16:34:00,1565886840.0,184.07,184.49,183.94,184.44,210.24598
2019-08-15 16:35:00,1565886900.0,184.48,184.72,184.34,184.34,315.56141
2019-08-15 16:36:00,1565886960.0,184.45,184.86,184.37,184.85,404.53913
2019-08-15 16:37:00,1565887020.0,184.85,185.36,184.74,185.09,379.17452
2019-08-15 16:38:00,1565887080.0,185.11,185.16,184.85,184.96,312.36453
2019-08-15 16:39:00,1565887140.0,184.97,185.03,184.58,184.58,182.05459
2019-08-15 16:40:00,1565887200.0,184.57,185.01,184.51,185.0,333.12381
2019-08-15 16:41:00,1565887260.0,185.04,185.07,184.63,184.79,300.46975
2019-08-15 16:42:00,1565887320.0,184.84,184.91,184.81,184.9,84.15676
2019-08-15 16:43:00,1565887380.0,184.9,184.9,184.67,184.83,129.77702
2019-08-15 16:44:00,1565887440.0,184.85,185.09,184.85,185.05,125.28512
2019-08-15 16:45:00,1565887500.0,185.06,185.44,185.02,185.43,192.68418
2019-08-15 16:46:00,1565887560.0,185.42,185.44,185.06,185.28,139.8533
2019-08-15 16:47:00,1565887620.0,185.3,185.69,185.28,185.32,199.79246
2019-08-15 16:48:00,1565887680.0,185.36,185.6,185.13,185.13,331.28084
2019-08-15 16:49:00,1565887740.0,185.16,185.19,184.8,184.8,205.60803
2019-08-15 16:50:00,1565887800.0,184.88,184.89,184.25,184.25,261.89816
2019-08-15 16:51:00,1565887860.0,184.24,184.35,184.11,184.31,173.07499
2019-08-15 16:52:00,1565887920.0,184.32,184.38,184.13,184.34,131.0262
2019-08-15 16:53:00,1565887980.0,184.35,184.35,184.12,184.29,126.26533
2019-08-15 16:54:00,1565888040.0,184.3,184.31,184.12,184.28,162.45159
2019-08-15 16:55:00,1565888100.0,184.26,184.81,184.26,184.7,410.79216
2019-08-15 16:56:00,1565888160.0,184.7,184.95,184.52,184.55,201.65537
2019-08-15 16:57:00,1565888220.0,184.59,184.74,184.59,184.69,96.62333
2019-08-15 16:58:00,1565888280.0,184.71,184.72,184.35,184.45,423.56099
2019-08-15 16:59:00,1565888340.0,184.37,184.47,184.2,184.2,128.09517
2019-08-15 17:00:00,1565888400.0,184.26,184.49,184.18,184.45,140.90924
2019-08-15 17:01:00,1565888460.0,184.45,184.58,184.27,184.53,176.09314
2019-08-15 17:02:00,1565888520.0,184.61,184.64,184.28,184.48,192.26945
2019-08-15 17:03:00,1565888580.0,184.47,184.49,184.18,184.29,117.78462
2019-08-15 17:04:00,1565888640.0,184.29,184.35,184.12,184.23,104.09337
2019-08-15 17:05:00,1565888700.0,184.24,184.24,183.75,183.77,297.21086
2019-08-15 17:06:00,1565888760.0,183.77,184.55,183.15,184.07,1751.18089
2019-08-15 17:07:00,1565888820.0,184.17,184.23,183.88,184.11,192.48288
2019-08-15 17:08:00,1565888880.0,184.1,184.5,184.1,184.31,142.56032
2019-08-15 17:09:00,1565888940.0,184.29,184.38,184.1,184.14,132.03516
2019-08-15 17:10:00,1565889000.0,184.15,184.2,183.96,183.96,146.64343
2019-08-15 17:11:00,1565889060.0,183.97,183.97,183.23,183.58,489.58327
2019-08-15 17:12:00,1565889120.0,183.63,183.94,183.62,183.8,250.27269
2019-08-15 17:13:00,1565889180.0,183.79,183.83,183.58,183.81,168.35128
2019-08-15 17:14:00,1565889240.0,183.82,183.83,183.71,183.76,57.04066
2019-08-15 17:15:00,1565889300.0,183.75,184.0,183.59,183.6,176.31229
2019-08-15 17:16:00,1565889360.0,183.62,183.63,183.0,183.29,626.92276
2019-08-15 17:17:00,1565889420.0,183.28,183.28,182.86,183.09,346.97697
2019-08-15 17:18:00,1565889480.0,183.07,183.27,183.07,183.11,137.39806
2019-08-15 17:19:00,1565889540.0,183.13,183.21,182.84,182.99,199.27616
2019-08-15 17:20:00,1565889600.0,182.96,183.55,182.96,183.43,678.66644
2019-08-15 17:21:00,1565889660.0,183.55,183.66,183.35,183.44,162.00244
2019-08-15 17:22:00,1565889720.0,183.43,183.71,183.41,183.67,161.85801
2019-08-15 17:23:00,1565889780.0,183.65,183.69,183.4,183.52,103.64217
2019-08-15 17:24:00,1565889840.0,183.53,183.7,183.51,183.51,83.26024
2019-08-15 17:25:00,1565889900.0,183.51,183.61,183.45,183.46,157.68523
2019-08-15 17:26:00,1565889960.0,183.44,183.52,183.39,183.39,105.31506
2019-08-15 17:27:00,1565890020.0,183.4,183.69,183.39,183.61,108.0115
2019-08-15 17:28:00,1565890080.0,183.64,183.7,183.55,183.59,85.42775
2019-08-15 17:29:00,1565890140.0,183.59,183.63,183.38,183.41,144.28686
2019-08-15 17:30:00,1565890200.0,183.41,184.0,183.41,184.0,668.27229
2019-08-15 17:31:00,1565890260.0,184.01,184.23,183.92,184.06,135.36901
2019-08-15 17:32:00,1565890320.0,184.11,184.22,184.06,184.21,69.4003
2019-08-15 17:33:00,1565890380.0,184.22,184.22,183.96,184.11,116.45857
2019-08-15 17:34:00,1565890440.0,184.12,184.13,183.99,184.05,72.21404
2019-08-15 17:35:00,1565890500.0,184.04,184.08,183.86,183.97,109.75629
2019-08-15 17:36:00,1565890560.0,183.98,184.36,183.97,184.27,40.69444
2019-08-15 17:37:00,1565890620.0,184.31,184.34,184.11,184.22,210.00872
2019-08-15 17:38:00,1565890680.0,184.17,184.22,183.99,183.99,90.8234
2019-08-15 17:39:00,1565890740.0,184.0,184.15,184.0,184.15,76.39953
2019-08-15 17:40:00,1565890800.0,184.14,184.15,183.98,184.02,51.14419
2019-08-15 17:41:00,1565890860.0,184.08,184.29,183.97,184.29,297.58402
2019-08-15 17:42:00,1565890920.0,184.27,184.36,184.2,184.27,46.51723
2019-08-15 17:43:00,1565890980.0,184.29,184.34,184.17,184.34,83.22985
2019-08-15 17:44:00,1565891040.0,184.34,184.95,184.32,184.51,418.51253
2019-08-15 17:45:00,1565891100.0,184.55,184.69,184.31,184.57,347.61094
2019-08-15 17:46:00,1565891160.0,184.68,184.75,184.42,184.51,144.87984
2019-08-15 17:47:00,1565891220.0,184.51,184.72,184.34,184.66,181.45792
2019-08-15 17:48:00,1565891280.0,184.7,184.7,184.51,184.61,114.54645
2019-08-15 17:49:00,1565891340.0,184.59,184.74,184.45,184.6,119.73634
2019-08-15 17:50:00,1565891400.0,184.54,184.74,184.53,184.66,111.32997
2019-08-15 17:51:00,1565891460.0,184.73,184.74,184.49,184.49,82.76441
2019-08-15 17:52:00,1565891520.0,184.52,184.61,184.24,184.24,103.59231
2019-08-15 17:53:00,1565891580.0,184.18,184.41,184.18,184.27,83.87604
2019-08-15 17:54:00,1565891640.0,184.26,184.27,184.03,184.26,71.31625
2019-08-15 17:55:00,1565891700.0,184.27,184.52,184.27,184.41,124.70514
2019-08-15 17:56:00,1565891760.0,184.42,184.43,184.05,184.05,85.20162
2019-08-15 17:57:00,1565891820.0,184.03,184.27,183.96,184.2,128.53786
2019-08-15 17:58:00,1565891880.0,184.15,184.26,183.81,184.03,132.36204
2019-08-15 17:59:00,1565891940.0,184.03,184.32,184.03,184.3,34.06367
2019-08-15 18:00:00,1565892000.0,184.34,184.44,184.3,184.35,33.59768
2019-08-15 18:01:00,1565892060.0,184.33,184.45,184.32,184.32,60.64041
2019-08-15 18:02:00,1565892120.0,184.31,184.31,183.8,184.2,156.25259
2019-08-15 18:03:00,1565892180.0,184.23,184.29,184.04,184.1,133.36824
2019-08-15 18:04:00,1565892240.0,184.11,184.16,184.05,184.05,98.52145
2019-08-15 18:05:00,1565892300.0,184.07,184.36,184.06,184.36,65.06448
2019-08-15 18:06:00,1565892360.0,184.32,184.37,184.17,184.17,78.78366
2019-08-15 18:07:00,1565892420.0,184.17,184.38,184.16,184.32,76.31978
2019-08-15 18:08:00,1565892480.0,184.32,184.43,184.17,184.3,71.02169
2019-08-15 18:09:00,1565892540.0,184.3,184.46,184.29,184.35,73.4742
2019-08-15 18:10:00,1565892600.0,184.33,184.48,184.3,184.43,55.85852
2019-08-15 18:11:00,1565892660.0,184.44,184.74,184.43,184.5,165.62007
2019-08-15 18:12:00,1565892720.0,184.43,184.55,184.14,184.18,188.19327
2019-08-15 18:13:00,1565892780.0,184.17,184.6,184.17,184.42,96.7426
2019-08-15 18:14:00,1565892840.0,184.46,184.47,184.31,184.46,63.70391
2019-08-15 18:15:00,1565892900.0,184.41,184.53,184.34,184.44,95.53078
2019-08-15 18:16:00,1565892960.0,184.46,184.55,184.39,184.55,47.97067
2019-08-15 18:17:00,1565893020.0,184.57,184.64,184.54,184.63,123.03891
2019-08-15 18:18:00,1565893080.0,184.64,184.77,184.64,184.71,71.26887
2019-08-15 18:19:00,1565893140.0,184.7,184.7,184.43,184.47,60.31462
2019-08-15 18:20:00,1565893200.0,184.45,184.77,184.43,184.73,66.4721
2019-08-15 18:21:00,1565893260.0,184.72,184.73,184.47,184.5,101.02344
2019-08-15 18:22:00,1565893320.0,184.53,184.79,184.48,184.79,118.58212
2019-08-15 18:23:00,1565893380.0,184.79,184.8,184.46,184.5,55.03993
2019-08-15 18:24:00,1565893440.0,184.5,184.58,184.43,184.44,62.10044
2019-08-15 18:25:00,1565893500.0,184.44,184.56,184.44,184.56,109.52607
2019-08-15 18:26:00,1565893560.0,184.56,184.59,184.45,184.55,51.95989
2019-08-15 18:27:00,1565893620.0,184.56,184.59,184.39,184.39,80.59147
2019-08-15 18:28:00,1565893680.0,184.39,184.44,183.92,184.09,357.4584
2019-08-15 18:29:00,1565893740.0,184.09,184.2,183.92,184.09,105.10627
2019-08-15 18:30:00,1565893800.0,184.15,184.27,184.1,184.25,49.51548
2019-08-15 18:31:00,1565893860.0,184.24,184.27,184.1,184.27,51.96233
2019-08-15 18:32:00,1565893920.0,184.27,184.5,184.25,184.33,292.16244
2019-08-15 18:33:00,1565893980.0,184.33,184.5,184.33,184.43,65.28351
2019-08-15 18:34:00,1565894040.0,184.48,184.63,184.48,184.6,68.25213
2019-08-15 18:35:00,1565894100.0,184.57,184.57,184.33,184.48,72.18725
2019-08-15 18:36:00,1565894160.0,184.39,184.57,184.39,184.55,60.80833
2019-08-15 18:37:00,1565894220.0,184.55,184.56,184.39,184.42,52.50515
2019-08-15 18:38:00,1565894280.0,184.47,184.55,184.33,184.48,54.75525
2019-08-15 18:39:00,1565894340.0,184.5,184.6,184.44,184.59,27.73714
2019-08-15 18:40:00,1565894400.0,184.6,184.6,184.39,184.46,331.81542
2019-08-15 18:41:00,1565894460.0,184.5,184.6,184.45,184.56,76.76627
2019-08-15 18:42:00,1565894520.0,184.55,184.6,184.48,184.6,56.96075
2019-08-15 18:43:00,1565894580.0,184.59,184.59,184.5,184.56,98.154
2019-08-15 18:44:00,1565894640.0,184.5,184.56,184.27,184.4,108.09713
2019-08-15 18:45:00,1565894700.0,184.41,184.42,184.28,184.3,94.40876
2019-08-15 18:46:00,1565894760.0,184.32,184.33,184.18,184.22,39.23583
2019-08-15 18:47:00,1565894820.0,184.19,184.51,184.18,184.51,39.11099
2019-08-15 18:48:00,1565894880.0,184.48,184.56,184.06,184.11,113.63753
2019-08-15 18:49:00,1565894940.0,184.12,184.58,183.93,184.34,272.53828
2019-08-15 18:50:00,1565895000.0,184.26,184.31,184.1,184.29,141.94857
2019-08-15 18:51:00,1565895060.0,184.27,184.28,183.99,184.1,174.06749
2019-08-15 18:52:00,1565895120.0,184.08,184.28,184.0,184.22,157.20291
2019-08-15 18:53:00,1565895180.0,184.22,184.5,184.09,184.5,165.39679
2019-08-15 18:54:00,1565895240.0,184.48,184.49,184.21,184.24,104.72598
2019-08-15 18:55:00,1565895300.0,184.23,184.3,184.01,184.2,80.81791
2019-08-15 18:56:00,1565895360.0,184.25,184.29,184.08,184.09,30.972
2019-08-15 18:57:00,1565895420.0,184.15,184.45,184.13,184.44,24.77886
2019-08-15 18:58:00,1565895480.0,184.49,184.5,184.45,184.49,79.80203
2019-08-15 18:59:00,1565895540.0,184.49,184.49,184.37,184.42,34.77673
2019-08-15 19:00:00,1565895600.0,184.45,184.59,184.38,184.52,219.72368
2019-08-15 19:01:00,1565895660.0,184.53,184.59,184.47,184.55,242.05292
2019-08-15 19:02:00,1565895720.0,184.46,184.53,184.35,184.45,55.71778
2019-08-15 19:03:00,1565895780.0,184.38,184.44,184.34,184.37,46.12384
2019-08-15 19:04:00,1565895840.0,184.36,184.46,184.32,184.35,69.56503
2019-08-15 19:05:00,1565895900.0,184.34,184.44,184.32,184.37,61.79876
2019-08-15 19:06:00,1565895960.0,184.38,184.38,184.27,184.33,25.80074
2019-08-15 19:07:00,1565896020.0,184.34,184.34,184.27,184.3,4.42964
2019-08-15 19:08:00,1565896080.0,184.3,184.45,184.29,184.37,167.10637
2019-08-15 19:09:00,1565896140.0,184.38,184.43,184.22,184.41,65.71953
2019-08-15 19:10:00,1565896200.0,184.38,184.43,184.33,184.4,47.75679
2019-08-15 19:11:00,1565896260.0,184.44,184.53,184.44,184.47,70.33331
2019-08-15 19:12:00,1565896320.0,184.47,184.55,184.4,184.46,68.20681
2019-08-15 19:13:00,1565896380.0,184.49,184.69,184.35,184.56,351.1478
2019-08-15 19:14:00,1565896440.0,184.6,184.61,184.43,184.52,76.1373
2019-08-15 19:15:00,1565896500.0,184.52,184.82,184.51,184.73,104.96785
2019-08-15 19:16:00,1565896560.0,184.81,184.81,184.53,184.64,210.93226
2019-08-15 19:17:00,1565896620.0,184.64,184.93,184.58,184.8,258.38153
2019-08-15 19:18:00,1565896680.0,184.8,184.95,184.61,184.82,301.32954
2019-08-15 19:19:00,1565896740.0,184.82,184.82,184.67,184.77,52.29884
2019-08-15 19:20:00,1565896800.0,184.74,184.96,184.73,184.79,75.89901
2019-08-15 19:21:00,1565896860.0,184.78,184.78,184.44,184.67,359.90621
2019-08-15 19:22:00,1565896920.0,184.67,184.89,184.67,184.87,47.47134
2019-08-15 19:23:00,1565896980.0,184.88,184.97,184.65,184.76,74.58012
2019-08-15 19:24:00,1565897040.0,184.76,184.82,184.63,184.82,70.96536
2019-08-15 19:25:00,1565897100.0,184.82,185.07,184.79,185.07,76.28323
2019-08-15 19:26:00,1565897160.0,184.98,185.07,184.86,184.86,614.64645
2019-08-15 19:27:00,1565897220.0,185.03,185.03,184.76,184.81,99.04698
2019-08-15 19:28:00,1565897280.0,184.8,184.97,184.78,184.87,45.83471
2019-08-15 19:29:00,1565897340.0,184.87,184.99,184.82,184.9,60.73281
2019-08-15 19:30:00,1565897400.0,184.9,185.21,184.81,185.2,141.85553
2019-08-15 19:31:00,1565897460.0,185.19,185.19,184.96,185.02,68.53025
2019-08-15 19:32:00,1565897520.0,185.01,185.14,185.0,185.11,66.84002
2019-08-15 19:33:00,1565897580.0,185.09,185.14,185.03,185.13,48.12673
2019-08-15 19:34:00,1565897640.0,185.13,185.47,185.13,185.47,336.97998
2019-08-15 19:35:00,1565897700.0,185.38,185.5,185.38,185.46,45.2194
2019-08-15 19:36:00,1565897760.0,185.48,185.56,185.37,185.56,323.51232
2019-08-15 19:37:00,1565897820.0,185.57,185.61,185.41,185.47,107.23015
2019-08-15 19:38:00,1565897880.0,185.44,185.45,185.15,185.18,160.93283
2019-08-15 19:39:00,1565897940.0,185.16,185.16,184.67,184.67,291.12188
2019-08-15 19:40:00,1565898000.0,184.64,184.91,184.63,184.7,308.50293
2019-08-15 19:41:00,1565898060.0,184.71,184.87,184.69,184.82,208.83553
2019-08-15 19:42:00,1565898120.0,184.81,185.0,184.77,184.88,274.45925
2019-08-15 19:43:00,1565898180.0,184.92,184.97,184.85,184.92,114.13382
2019-08-15 19:44:00,1565898240.0,184.9,184.99,184.57,184.66,134.33866
2019-08-15 19:45:00,1565898300.0,184.7,184.7,184.58,184.65,74.04677
2019-08-15 19:46:00,1565898360.0,184.64,184.86,184.64,184.73,576.10927
2019-08-15 19:47:00,1565898420.0,184.78,184.86,184.68,184.76,57.3269
2019-08-15 19:48:00,1565898480.0,184.73,184.97,184.7,184.9,58.53411
2019-08-15 19:49:00,1565898540.0,184.92,185.01,184.76,184.83,106.78576
2019-08-15 19:50:00,1565898600.0,184.84,184.89,184.81,184.85,36.79931
2019-08-15 19:51:00,1565898660.0,184.84,185.04,184.82,184.99,19.88831
2019-08-15 19:52:00,1565898720.0,184.95,185.08,184.95,185.03,42.88635
2019-08-15 19:53:00,1565898780.0,184.98,185.04,184.81,184.86,108.24358
2019-08-15 19:54:00,1565898840.0,184.81,184.81,184.74,184.76,39.11166
2019-08-15 19:55:00,1565898900.0,184.76,184.86,184.69,184.7,64.13351
2019-08-15 19:56:00,1565898960.0,184.7,184.91,184.58,184.87,117.49205
2019-08-15 19:57:00,1565899020.0,184.85,185.0,184.78,184.86,220.88857
2019-08-15 19:58:00,1565899080.0,184.86,184.87,184.61,184.69,112.65979
2019-08-15 19:59:00,1565899140.0,184.71,184.86,184.7,184.76,50.41149
2019-08-15 20:00:00,1565899200.0,184.76,184.77,184.4,184.62,290.16755
2019-08-15 20:01:00,1565899260.0,184.72,184.77,184.5,184.56,124.91763
2019-08-15 20:02:00,1565899320.0,184.63,184.64,184.47,184.54,68.48226
2019-08-15 20:03:00,1565899380.0,184.54,184.68,184.4,184.58,48.55664
2019-08-15 20:04:00,1565899440.0,184.6,184.77,184.58,184.68,54.45424
2019-08-15 20:05:00,1565899500.0,184.72,184.83,184.61,184.82,76.38914
2019-08-15 20:06:00,1565899560.0,184.73,184.83,184.64,184.68,70.80074
2019-08-15 20:07:00,1565899620.0,184.67,184.77,184.61,184.77,80.25518
2019-08-15 20:08:00,1565899680.0,184.77,184.83,184.7,184.78,43.6615
2019-08-15 20:09:00,1565899740.0,184.79,184.83,184.63,184.77,64.0773
2019-08-15 20:10:00,1565899800.0,184.76,184.94,184.73,184.87,53.06199
2019-08-15 20:11:00,1565899860.0,184.89,185.0,184.79,184.88,197.47527
2019-08-15 20:12:00,1565899920.0,184.83,184.9,184.77,184.89,32.29826
2019-08-15 20:13:00,1565899980.0,184.91,185.0,184.86,184.95,29.91286
2019-08-15 20:14:00,1565900040.0,184.94,185.08,184.94,185.03,32.39809
2019-08-15 20:15:00,1565900100.0,185.04,185.05,184.67,184.76,146.834
2019-08-15 20:16:00,1565900160.0,184.78,185.02,184.75,185.0,66.14012
2019-08-15 20:17:00,1565900220.0,185.01,185.1,184.98,185.02,36.34347
2019-08-15 20:18:00,1565900280.0,185.08,185.11,185.02,185.08,28.48029
2019-08-15 20:19:00,1565900340.0,185.09,185.64,185.09,185.6,124.85835
2019-08-15 20:20:00,1565900400.0,185.61,186.33,185.45,185.65,1300.42729
2019-08-15 20:21:00,1565900460.0,185.67,186.06,185.63,186.0,770.19776
2019-08-15 20:22:00,1565900520.0,186.0,186.46,185.99,186.4,206.85732
2019-08-15 20:23:00,1565900580.0,186.41,186.61,186.04,186.46,469.19971
2019-08-15 20:24:00,1565900640.0,186.52,186.9,186.35,186.51,577.04348
2019-08-15 20:25:00,1565900700.0,186.51,186.63,186.23,186.63,579.04128
2019-08-15 20:26:00,1565900760.0,186.58,186.74,186.44,186.66,916.46497
2019-08-15 20:27:00,1565900820.0,186.58,186.84,186.43,186.63,473.62449
2019-08-15 20:28:00,1565900880.0,186.67,186.84,186.5,186.69,241.56014
2019-08-15 20:29:00,1565900940.0,186.67,186.76,186.37,186.55,613.30739
2019-08-15 20:30:00,1565901000.0,186.55,186.84,186.54,186.56,347.06362
2019-08-15 20:31:00,1565901060.0,186.64,187.05,186.56,187.05,819.10119
2019-08-15 20:32:00,1565901120.0,186.97,187.19,186.73,187.19,1886.47551
2019-08-15 20:33:00,1565901180.0,187.18,187.54,186.88,187.46,967.84006
2019-08-15 20:34:00,1565901240.0,187.46,188.12,187.43,187.75,1429.5729
2019-08-15 20:35:00,1565901300.0,187.85,188.56,187.69,188.06,992.25477
2019-08-15 20:36:00,1565901360.0,188.21,188.74,187.93,188.01,842.49298
2019-08-15 20:37:00,1565901420.0,188.02,188.25,187.71,188.05,639.395
2019-08-15 20:38:00,1565901480.0,188.05,188.48,187.54,187.74,981.79532
2019-08-15 20:39:00,1565901540.0,187.73,187.8,186.63,187.61,1042.14801
2019-08-15 20:40:00,1565901600.0,187.56,187.93,187.55,187.78,391.47052
2019-08-15 20:41:00,1565901660.0,187.78,188.15,187.62,187.8,451.51172
2019-08-15 20:42:00,1565901720.0,187.8,188.16,187.68,187.77,433.65549
2019-08-15 20:43:00,1565901780.0,187.86,187.93,187.5,187.61,713.87876
2019-08-15 20:44:00,1565901840.0,187.58,187.71,187.03,187.19,312.214
2019-08-15 20:45:00,1565901900.0,187.16,187.42,187.02,187.29,611.89781
2019-08-15 20:46:00,1565901960.0,187.3,187.47,187.09,187.1,127.92936
2019-08-15 20:47:00,1565902020.0,187.11,187.17,186.45,186.79,307.65472
2019-08-15 20:48:00,1565902080.0,186.83,187.0,186.49,186.72,1051.41582
2019-08-15 20:49:00,1565902140.0,186.8,186.97,186.68,186.88,288.31576
2019-08-15 20:50:00,1565902200.0,186.81,187.0,186.7,186.9,384.06994
2019-08-15 20:51:00,1565902260.0,186.89,186.91,186.71,186.84,151.77832
2019-08-15 20:52:00,1565902320.0,186.81,186.92,186.65,186.92,332.13799
2019-08-15 20:53:00,1565902380.0,186.87,187.11,186.78,187.03,307.80321
2019-08-15 20:54:00,1565902440.0,187.04,187.08,186.9,186.96,219.67601
2019-08-15 20:55:00,1565902500.0,186.95,187.1,186.69,186.88,439.4088
2019-08-15 20:56:00,1565902560.0,186.88,187.1,186.67,186.82,366.60894
2019-08-15 20:57:00,1565902620.0,186.89,187.09,186.66,186.66,642.68836
2019-08-15 20:58:00,1565902680.0,186.69,186.96,186.63,186.74,429.15064
2019-08-15 20:59:00,1565902740.0,186.75,187.16,186.74,186.92,575.77739
2019-08-15 21:00:00,1565902800.0,186.94,187.09,186.84,186.94,310.67087
2019-08-15 21:01:00,1565902860.0,186.94,186.95,186.7,186.8,229.99571
2019-08-15 21:02:00,1565902920.0,186.74,186.8,186.57,186.72,346.30425
2019-08-15 21:03:00,1565902980.0,186.73,186.77,186.58,186.68,236.58006
2019-08-15 21:04:00,1565903040.0,186.69,187.03,186.59,186.85,811.91554
2019-08-15 21:05:00,1565903100.0,186.89,186.89,186.51,186.59,206.78624
2019-08-15 21:06:00,1565903160.0,186.6,186.8,186.14,186.45,435.9695
2019-08-15 21:07:00,1565903220.0,186.45,186.87,186.15,186.65,480.61802
2019-08-15 21:08:00,1565903280.0,186.68,186.8,186.64,186.78,206.82008
2019-08-15 21:09:00,1565903340.0,186.72,186.89,186.64,186.82,240.89528
2019-08-15 21:10:00,1565903400.0,186.86,186.87,186.73,186.76,153.53081
2019-08-15 21:11:00,1565903460.0,186.73,186.8,186.65,186.78,184.76989
2019-08-15 21:12:00,1565903520.0,186.8,187.18,186.78,187.09,114.21289
2019-08-15 21:13:00,1565903580.0,187.12,187.21,186.94,187.1,208.66236
2019-08-15 21:14:00,1565903640.0,187.18,187.23,186.95,187.16,177.93035
2019-08-15 21:15:00,1565903700.0,187.17,187.17,186.92,187.06,204.10392
2019-08-15 21:16:00,1565903760.0,187.1,187.19,187.04,187.17,151.38317
2019-08-15 21:17:00,1565903820.0,187.08,187.23,186.99,187.19,615.36694
2019-08-15 21:18:00,1565903880.0,187.15,187.22,187.1,187.12,160.53116
2019-08-15 21:19:00,1565903940.0,187.14,187.2,187.05,187.13,150.48815
2019-08-15 21:20:00,1565904000.0,187.14,187.26,187.08,187.22,162.16392
2019-08-15 21:21:00,1565904060.0,187.26,187.48,187.18,187.36,265.15986
2019-08-15 21:22:00,1565904120.0,187.36,187.43,187.28,187.37,71.8317
2019-08-15 21:23:00,1565904180.0,187.4,187.41,187.23,187.27,221.18407
2019-08-15 21:24:00,1565904240.0,187.27,187.47,187.27,187.36,115.88455
2019-08-15 21:25:00,1565904300.0,187.36,187.37,186.97,187.02,292.85023
2019-08-15 21:26:00,1565904360.0,187.06,187.2,187.03,187.17,105.70069
2019-08-15 21:27:00,1565904420.0,187.15,187.15,186.7,186.9,726.7296
2019-08-15 21:28:00,1565904480.0,186.89,187.06,186.7,187.03,720.80563
2019-08-15 21:29:00,1565904540.0,187.02,187.11,186.91,186.98,241.43863
2019-08-15 21:30:00,1565904600.0,187.02,187.2,187.01,187.15,106.78191
2019-08-15 21:31:00,1565904660.0,187.14,187.17,187.03,187.1,146.94349
2019-08-15 21:32:00,1565904720.0,187.15,187.18,187.11,187.14,74.28209
2019-08-15 21:33:00,1565904780.0,187.12,187.15,187.09,187.11,78.86449
2019-08-15 21:34:00,1565904840.0,187.12,187.13,186.98,187.01,136.84347
2019-08-15 21:35:00,1565904900.0,187.05,187.06,186.87,186.96,134.30331
2019-08-15 21:36:00,1565904960.0,186.96,187.44,186.88,187.44,192.33066
2019-08-15 21:37:00,1565905020.0,187.36,187.41,187.22,187.22,91.67675
2019-08-15 21:38:00,1565905080.0,187.23,187.53,187.23,187.5,96.47595
2019-08-15 21:39:00,1565905140.0,187.5,187.6,187.25,187.25,165.1447
2019-08-15 21:40:00,1565905200.0,187.25,187.46,187.13,187.46,160.62748
2019-08-15 21:41:00,1565905260.0,187.44,187.45,187.38,187.43,80.51326
2019-08-15 21:42:00,1565905320.0,187.44,187.56,187.4,187.46,144.24715
2019-08-15 21:43:00,1565905380.0,187.45,187.6,187.42,187.56,114.15468
2019-08-15 21:44:00,1565905440.0,187.51,187.73,187.51,187.71,96.72213
2019-08-15 21:45:00,1565905500.0,187.71,187.87,187.66,187.72,94.98116
2019-08-15 21:46:00,1565905560.0,187.71,187.71,187.29,187.34,185.18044
2019-08-15 21:47:00,1565905620.0,187.37,187.49,187.27,187.46,339.48238
2019-08-15 21:48:00,1565905680.0,187.41,187.53,187.31,187.49,182.18123
2019-08-15 21:49:00,1565905740.0,187.45,187.63,187.44,187.54,216.82105
2019-08-15 21:50:00,1565905800.0,187.54,187.55,187.33,187.42,114.26498
2019-08-15 21:51:00,1565905860.0,187.42,187.55,187.41,187.42,58.21005
2019-08-15 21:52:00,1565905920.0,187.46,187.48,187.2,187.23,237.06152
2019-08-15 21:53:00,1565905980.0,187.23,187.32,187.22,187.23,48.83404
2019-08-15 21:54:00,1565906040.0,187.23,187.36,187.2,187.3,132.60507
2019-08-15 21:55:00,1565906100.0,187.27,187.33,187.23,187.27,35.1005
2019-08-15 21:56:00,1565906160.0,187.33,187.42,187.26,187.39,82.29036
2019-08-15 21:57:00,1565906220.0,187.36,187.52,187.3,187.46,82.59729
2019-08-15 21:58:00,1565906280.0,187.43,187.52,187.39,187.46,63.74317
2019-08-15 21:59:00,1565906340.0,187.42,187.48,187.38,187.4,90.96395
2019-08-15 22:00:00,1565906400.0,187.39,187.47,187.36,187.47,104.4328
2019-08-15 22:01:00,1565906460.0,187.42,187.45,187.36,187.4,69.10834
2019-08-15 22:02:00,1565906520.0,187.41,187.5,187.36,187.42,194.95266
2019-08-15 22:03:00,1565906580.0,187.46,187.52,187.41,187.52,52.27128
2019-08-15 22:04:00,1565906640.0,187.51,187.77,187.45,187.52,289.8554
2019-08-15 22:05:00,1565906700.0,187.54,187.71,187.53,187.62,558.04255
2019-08-15 22:06:00,1565906760.0,187.61,188.04,187.61,187.75,316.12593
2019-08-15 22:07:00,1565906820.0,187.8,187.98,187.73,187.89,117.89108
2019-08-15 22:08:00,1565906880.0,187.89,188.0,187.85,188.0,189.90416
2019-08-15 22:09:00,1565906940.0,188.02,188.08,187.87,188.04,128.06757
2019-08-15 22:10:00,1565907000.0,188.03,188.28,188.02,188.22,157.21382
2019-08-15 22:11:00,1565907060.0,188.23,188.32,188.11,188.31,95.28416
2019-08-15 22:12:00,1565907120.0,188.3,188.39,188.17,188.22,80.23947
2019-08-15 22:13:00,1565907180.0,188.22,188.43,188.07,188.22,162.92771
2019-08-15 22:14:00,1565907240.0,188.18,188.46,188.15,188.36,123.92755
2019-08-15 22:15:00,1565907300.0,188.38,188.5,188.34,188.43,80.44745
2019-08-15 22:16:00,1565907360.0,188.44,188.49,188.33,188.35,78.2886
2019-08-15 22:17:00,1565907420.0,188.39,188.49,188.27,188.33,73.89813
2019-08-15 22:18:00,1565907480.0,188.37,188.4,188.12,188.34,368.92532
2019-08-15 22:19:00,1565907540.0,188.32,188.43,188.29,188.35,194.47656
2019-08-15 22:20:00,1565907600.0,188.34,188.43,188.24,188.24,462.61832
2019-08-15 22:21:00,1565907660.0,188.26,188.31,188.2,188.29,30.23987
2019-08-15 22:22:00,1565907720.0,188.26,188.36,188.25,188.36,46.51639
2019-08-15 22:23:00,1565907780.0,188.37,188.58,188.37,188.48,115.55487
2019-08-15 22:24:00,1565907840.0,188.55,188.58,188.31,188.4,81.65562
2019-08-15 22:25:00,1565907900.0,188.4,188.55,188.4,188.44,66.26157
2019-08-15 22:26:00,1565907960.0,188.45,188.8,188.45,188.73,649.85316
2019-08-15 22:27:00,1565908020.0,188.76,188.86,188.57,188.72,291.18545
2019-08-15 22:28:00,1565908080.0,188.68,188.78,188.61,188.61,44.15907
2019-08-15 22:29:00,1565908140.0,188.63,188.69,188.6,188.67,18.93844
2019-08-15 22:30:00,1565908200.0,188.66,188.82,188.61,188.73,518.13522
2019-08-15 22:31:00,1565908260.0,188.74,188.88,188.71,188.73,275.31841
2019-08-15 22:32:00,1565908320.0,188.76,188.84,188.65,188.7,227.06795
2019-08-15 22:33:00,1565908380.0,188.67,188.74,188.52,188.57,213.889
2019-08-15 22:34:00,1565908440.0,188.55,189.0,188.52,188.98,630.7313
2019-08-15 22:35:00,1565908500.0,189.01,189.04,188.85,189.0,1982.92185
2019-08-15 22:36:00,1565908560.0,189.0,189.11,189.0,189.02,123.7739
2019-08-15 22:37:00,1565908620.0,189.04,189.08,189.0,189.0,399.37891
2019-08-15 22:38:00,1565908680.0,189.0,189.01,188.56,188.63,452.66297
2019-08-15 22:39:00,1565908740.0,188.61,188.87,188.55,188.62,248.60206
2019-08-15 22:40:00,1565908800.0,188.58,188.72,188.56,188.6,68.95382
2019-08-15 22:41:00,1565908860.0,188.61,188.63,188.28,188.34,129.73546
2019-08-15 22:42:00,1565908920.0,188.28,188.33,188.07,188.07,90.14192
2019-08-15 22:43:00,1565908980.0,188.09,188.16,188.0,188.03,199.07126
2019-08-15 22:44:00,1565909040.0,188.03,188.26,187.91,188.2,190.548
2019-08-15 22:45:00,1565909100.0,188.26,188.45,188.17,188.2,164.29589
2019-08-15 22:46:00,1565909160.0,188.2,188.23,187.92,187.92,127.41147
2019-08-15 22:47:00,1565909220.0,187.92,188.02,187.74,187.74,107.81445
2019-08-15 22:48:00,1565909280.0,187.74,187.79,187.67,187.74,73.86133
2019-08-15 22:49:00,1565909340.0,187.74,187.99,187.68,187.85,84.46593
2019-08-15 22:50:00,1565909400.0,187.9,187.9,187.6,187.61,76.5874
2019-08-15 22:51:00,1565909460.0,187.61,187.74,187.61,187.67,98.551
2019-08-15 22:52:00,1565909520.0,187.67,187.71,187.61,187.64,65.16669
2019-08-15 22:53:00,1565909580.0,187.64,187.99,187.61,187.89,252.55382
2019-08-15 22:54:00,1565909640.0,187.85,187.96,187.76,187.87,156.3308
2019-08-15 22:55:00,1565909700.0,187.87,187.9,187.62,187.67,176.11111
2019-08-15 22:56:00,1565909760.0,187.67,188.01,187.67,187.99,406.35725
2019-08-15 22:57:00,1565909820.0,188.03,188.05,187.85,187.95,87.26628
2019-08-15 22:58:00,1565909880.0,187.92,188.0,187.69,187.69,100.63499
2019-08-15 22:59:00,1565909940.0,187.69,187.91,187.69,187.87,59.16712
2019-08-15 23:00:00,1565910000.0,187.89,188.08,187.89,188.04,114.82992
2019-08-15 23:01:00,1565910060.0,188.08,188.09,187.76,187.77,168.57435
2019-08-15 23:02:00,1565910120.0,187.77,188.05,187.77,188.04,101.95309
2019-08-15 23:03:00,1565910180.0,188.07,188.22,187.01,187.75,867.09013
2019-08-15 23:04:00,1565910240.0,187.68,187.88,187.41,187.64,619.20184
2019-08-15 23:05:00,1565910300.0,187.66,187.94,187.44,187.55,611.53424
2019-08-15 23:06:00,1565910360.0,187.58,187.58,187.25,187.25,64.94686
2019-08-15 23:07:00,1565910420.0,187.31,187.45,187.27,187.4,68.51336
2019-08-15 23:08:00,1565910480.0,187.4,187.41,187.22,187.26,43.64117
2019-08-15 23:09:00,1565910540.0,187.28,187.34,187.13,187.22,84.30703
2019-08-15 23:10:00,1565910600.0,187.2,187.2,187.09,187.16,51.7548
2019-08-15 23:11:00,1565910660.0,187.11,187.12,187.01,187.08,68.57901
2019-08-15 23:12:00,1565910720.0,187.08,187.21,187.07,187.11,75.03318
2019-08-15 23:13:00,1565910780.0,187.17,187.28,187.02,187.26,236.41793
2019-08-15 23:14:00,1565910840.0,187.19,187.29,187.08,187.08,346.16081
2019-08-15 23:15:00,1565910900.0,187.11,187.12,186.91,187.02,523.54693
2019-08-15 23:16:00,1565910960.0,187.04,187.08,186.89,186.92,56.65549
2019-08-15 23:17:00,1565911020.0,186.91,186.97,186.26,186.59,664.18923
2019-08-15 23:18:00,1565911080.0,186.62,186.89,186.62,186.71,147.39396
2019-08-15 23:19:00,1565911140.0,186.74,186.93,186.7,186.88,60.38144
2019-08-15 23:20:00,1565911200.0,186.85,186.93,186.61,186.62,103.34353
2019-08-15 23:21:00,1565911260.0,186.7,186.85,186.66,186.8,193.20389
2019-08-15 23:22:00,1565911320.0,186.82,186.95,186.79,186.9,114.7018
2019-08-15 23:23:00,1565911380.0,186.9,186.91,186.75,186.77,112.88938
2019-08-15 23:24:00,1565911440.0,186.76,186.86,186.7,186.8,115.68112
2019-08-15 23:25:00,1565911500.0,186.8,186.84,186.77,186.83,70.73258
2019-08-15 23:26:00,1565911560.0,186.83,187.24,186.83,187.08,478.28605
2019-08-15 23:27:00,1565911620.0,187.12,188.69,187.06,188.36,719.66515
2019-08-15 23:28:00,1565911680.0,188.35,188.73,187.94,188.53,705.67241
2019-08-15 23:29:00,1565911740.0,188.52,188.57,188.34,188.47,369.34458
2019-08-15 23:30:00,1565911800.0,188.42,189.3,188.38,189.17,531.79618
2019-08-15 23:31:00,1565911860.0,189.27,189.43,189.01,189.06,586.40698
2019-08-15 23:32:00,1565911920.0,189.11,189.11,189.0,189.03,665.0908
2019-08-15 23:33:00,1565911980.0,189.05,189.06,188.81,188.81,211.59234
2019-08-15 23:34:00,1565912040.0,188.81,188.87,188.37,188.4,114.85347
2019-08-15 23:35:00,1565912100.0,188.38,188.67,188.22,188.57,173.19782
2019-08-15 23:36:00,1565912160.0,188.58,188.63,188.1,188.13,239.77096
2019-08-15 23:37:00,1565912220.0,188.13,188.47,188.06,188.17,147.13889
2019-08-15 23:38:00,1565912280.0,188.14,188.41,188.07,188.17,239.09966
2019-08-15 23:39:00,1565912340.0,188.23,188.31,188.09,188.2,219.52676
2019-08-15 23:40:00,1565912400.0,188.18,188.29,188.03,188.03,119.57033
2019-08-15 23:41:00,1565912460.0,188.08,188.17,187.9,187.92,261.5335
2019-08-15 23:42:00,1565912520.0,187.94,188.0,187.57,187.91,292.58249
2019-08-15 23:43:00,1565912580.0,187.89,188.51,187.89,188.27,311.37281
2019-08-15 23:44:00,1565912640.0,188.3,188.33,187.98,188.11,203.47216
2019-08-15 23:45:00,1565912700.0,188.03,188.08,187.7,187.77,204.8304
2019-08-15 23:46:00,1565912760.0,187.78,187.92,187.64,187.77,252.63986
2019-08-15 23:47:00,1565912820.0,187.77,187.96,187.61,187.73,287.05167
2019-08-15 23:48:00,1565912880.0,187.77,187.9,187.62,187.63,335.76088
2019-08-15 23:49:00,1565912940.0,187.67,187.74,187.39,187.5,245.82042
2019-08-15 23:50:00,1565913000.0,187.5,187.73,187.48,187.62,285.95568
2019-08-15 23:51:00,1565913060.0,187.64,187.77,187.55,187.7,142.64254
2019-08-15 23:52:00,1565913120.0,187.7,187.8,187.62,187.75,183.26169
2019-08-15 23:53:00,1565913180.0,187.69,188.2,187.67,188.09,235.58149
2019-08-15 23:54:00,1565913240.0,188.15,188.22,187.87,187.9,208.55891
2019-08-15 23:55:00,1565913300.0,187.88,188.22,187.87,188.2,131.71083
2019-08-15 23:56:00,1565913360.0,188.12,188.22,188.05,188.15,94.98883
2019-08-15 23:57:00,1565913420.0,188.13,188.15,187.93,187.96,110.09029
2019-08-15 23:58:00,1565913480.0,187.96,188.11,187.88,188.06,102.05981
2019-08-15 23:59:00,1565913540.0,188.07,188.21,187.94,188.03,109.68323
