Universal Time,Unix Time,Open,High,Low,Close,Volume
2023-08-19 00:00:00,1692403200.0,0.5776,0.5776,0.5766,0.5766,75902.0
2023-08-19 00:01:00,1692403260.0,0.5766,0.5768,0.5765,0.5768,24698.9
2023-08-19 00:02:00,1692403320.0,0.5768,0.5769,0.5765,0.5769,11303.7
2023-08-19 00:03:00,1692403380.0,0.5771,0.5775,0.5771,0.5773,19735.8
2023-08-19 00:04:00,1692403440.0,0.5774,0.578,0.5774,0.578,93921.9
2023-08-19 00:05:00,1692403500.0,0.5781,0.5781,0.5776,0.5777,100382.3
2023-08-19 00:06:00,1692403560.0,0.5777,0.5779,0.5777,0.5779,1049.8
2023-08-19 00:07:00,1692403620.0,0.5779,0.5784,0.5779,0.5783,33909.4
2023-08-19 00:08:00,1692403680.0,0.5783,0.5783,0.5779,0.5782,6780.4
2023-08-19 00:09:00,1692403740.0,0.5781,0.5783,0.5781,0.5783,5519.3
2023-08-19 00:10:00,1692403800.0,0.5783,0.5783,0.578,0.5782,10911.7
2023-08-19 00:11:00,1692403860.0,0.5781,0.5781,0.5778,0.5778,20193.6
2023-08-19 00:12:00,1692403920.0,0.5778,0.5778,0.5777,0.5778,3060.7
2023-08-19 00:13:00,1692403980.0,0.578,0.578,0.5777,0.5779,9687.7
2023-08-19 00:14:00,1692404040.0,0.5778,0.5782,0.5778,0.5782,18184.7
2023-08-19 00:15:00,1692404100.0,0.5781,0.5784,0.5778,0.5784,15412.9
2023-08-19 00:16:00,1692404160.0,0.5784,0.5787,0.5782,0.5782,42559.8
2023-08-19 00:17:00,1692404220.0,0.5781,0.5783,0.5781,0.5781,308.0
2023-08-19 00:18:00,1692404280.0,0.5781,0.5781,0.5776,0.5778,22074.8
2023-08-19 00:19:00,1692404340.0,0.5777,0.5779,0.5773,0.5773,20805.1
2023-08-19 00:20:00,1692404400.0,0.5772,0.5774,0.5771,0.5773,14603.5
2023-08-19 00:21:00,1692404460.0,0.5772,0.5772,0.5766,0.5769,14569.0
2023-08-19 00:22:00,1692404520.0,0.5769,0.577,0.5767,0.5767,5613.9
2023-08-19 00:23:00,1692404580.0,0.5766,0.5768,0.5762,0.5767,86458.2
2023-08-19 00:24:00,1692404640.0,0.5765,0.577,0.5765,0.577,36799.6
2023-08-19 00:25:00,1692404700.0,0.577,0.5776,0.577,0.5774,23258.2
2023-08-19 00:26:00,1692404760.0,0.5774,0.5775,0.5771,0.5773,18686.9
2023-08-19 00:27:00,1692404820.0,0.5773,0.5779,0.5773,0.5778,22291.0
2023-08-19 00:28:00,1692404880.0,0.5779,0.5781,0.5778,0.5781,10013.5
2023-08-19 00:29:00,1692404940.0,0.578,0.578,0.5776,0.578,11530.7
2023-08-19 00:30:00,1692405000.0,0.5781,0.5782,0.5779,0.5781,4411.7
2023-08-19 00:31:00,1692405060.0,0.578,0.578,0.5779,0.578,1136.9
2023-08-19 00:32:00,1692405120.0,0.578,0.5789,0.578,0.5789,17861.5
2023-08-19 00:33:00,1692405180.0,0.5789,0.5792,0.5788,0.5792,16880.6
2023-08-19 00:34:00,1692405240.0,0.5792,0.5795,0.5792,0.5795,11857.9
2023-08-19 00:35:00,1692405300.0,0.5795,0.58,0.5795,0.58,95028.5
2023-08-19 00:36:00,1692405360.0,0.5799,0.58,0.5798,0.5799,25484.0
2023-08-19 00:37:00,1692405420.0,0.5798,0.58,0.5798,0.5799,41739.0
2023-08-19 00:38:00,1692405480.0,0.58,0.58,0.5799,0.58,38172.8
2023-08-19 00:39:00,1692405540.0,0.58,0.5801,0.58,0.5801,13124.3
2023-08-19 00:40:00,1692405600.0,0.5801,0.5809,0.5801,0.5807,66397.8
2023-08-19 00:41:00,1692405660.0,0.5806,0.5817,0.5805,0.5817,100194.4
2023-08-19 00:42:00,1692405720.0,0.5817,0.5827,0.5817,0.5824,161502.9
2023-08-19 00:43:00,1692405780.0,0.5823,0.5825,0.5821,0.5825,30510.4
2023-08-19 00:44:00,1692405840.0,0.5825,0.5825,0.5821,0.5823,45031.6
2023-08-19 00:45:00,1692405900.0,0.5822,0.5822,0.5809,0.5811,78910.1
2023-08-19 00:46:00,1692405960.0,0.5811,0.5816,0.581,0.5812,30119.9
2023-08-19 00:47:00,1692406020.0,0.5811,0.5813,0.5807,0.5808,45519.5
2023-08-19 00:48:00,1692406080.0,0.5809,0.5809,0.5802,0.5809,15502.8
2023-08-19 00:49:00,1692406140.0,0.5809,0.581,0.5807,0.5808,17379.4
2023-08-19 00:50:00,1692406200.0,0.5808,0.5811,0.5807,0.5811,16016.6
2023-08-19 00:51:00,1692406260.0,0.5811,0.5812,0.581,0.5811,15552.5
2023-08-19 00:52:00,1692406320.0,0.5812,0.5816,0.5811,0.5816,1694.5
2023-08-19 00:53:00,1692406380.0,0.5815,0.582,0.5815,0.5817,55323.9
2023-08-19 00:54:00,1692406440.0,0.5816,0.5816,0.5811,0.5814,14762.5
2023-08-19 00:55:00,1692406500.0,0.5813,0.5814,0.5811,0.5813,10735.7
2023-08-19 00:56:00,1692406560.0,0.5813,0.5814,0.5811,0.5811,2088.7
2023-08-19 00:57:00,1692406620.0,0.5811,0.5811,0.5808,0.5809,4386.7
2023-08-19 00:58:00,1692406680.0,0.5809,0.5811,0.5808,0.581,25589.2
2023-08-19 00:59:00,1692406740.0,0.581,0.5816,0.581,0.5815,12207.2
2023-08-19 01:00:00,1692406800.0,0.5815,0.5815,0.581,0.581,33077.5
2023-08-19 01:01:00,1692406860.0,0.5812,0.5816,0.5812,0.5815,20542.3
2023-08-19 01:02:00,1692406920.0,0.5814,0.5814,0.581,0.5812,7025.1
2023-08-19 01:03:00,1692406980.0,0.5812,0.5812,0.5806,0.5807,11880.7
2023-08-19 01:04:00,1692407040.0,0.5806,0.5806,0.5804,0.5804,3249.2
2023-08-19 01:05:00,1692407100.0,0.5804,0.5809,0.5804,0.5805,19172.6
2023-08-19 01:06:00,1692407160.0,0.5805,0.5805,0.58,0.58,10886.9
2023-08-19 01:07:00,1692407220.0,0.5802,0.5805,0.5802,0.5803,2731.3
2023-08-19 01:08:00,1692407280.0,0.5803,0.5804,0.5801,0.5804,10060.9
2023-08-19 01:09:00,1692407340.0,0.5804,0.5804,0.5799,0.5802,65119.7
2023-08-19 01:10:00,1692407400.0,0.5801,0.5802,0.58,0.58,2950.3
2023-08-19 01:11:00,1692407460.0,0.5801,0.5801,0.5796,0.5801,8396.6
2023-08-19 01:12:00,1692407520.0,0.5801,0.5801,0.5798,0.58,10384.2
2023-08-19 01:13:00,1692407580.0,0.58,0.58,0.5799,0.5799,2399.9
2023-08-19 01:14:00,1692407640.0,0.58,0.58,0.5796,0.5798,13144.9
2023-08-19 01:15:00,1692407700.0,0.5798,0.5798,0.5796,0.5797,930.1
2023-08-19 01:16:00,1692407760.0,0.5797,0.5797,0.5791,0.5791,7277.5
2023-08-19 01:17:00,1692407820.0,0.5791,0.5797,0.5788,0.5797,34285.9
2023-08-19 01:18:00,1692407880.0,0.5798,0.58,0.5797,0.5798,16831.9
2023-08-19 01:19:00,1692407940.0,0.5798,0.5802,0.5794,0.5794,49297.6
2023-08-19 01:20:00,1692408000.0,0.5794,0.5794,0.5788,0.5789,7481.9
2023-08-19 01:21:00,1692408060.0,0.5789,0.5789,0.5784,0.5784,17752.3
2023-08-19 01:22:00,1692408120.0,0.5785,0.5787,0.5785,0.5786,3311.9
2023-08-19 01:23:00,1692408180.0,0.5786,0.5786,0.5785,0.5786,15055.8
2023-08-19 01:24:00,1692408240.0,0.5784,0.5785,0.5781,0.5782,9805.0
2023-08-19 01:25:00,1692408300.0,0.5781,0.5785,0.5781,0.5785,25190.8
2023-08-19 01:26:00,1692408360.0,0.5785,0.5791,0.5784,0.579,11336.3
2023-08-19 01:27:00,1692408420.0,0.579,0.5793,0.5786,0.5788,11140.8
2023-08-19 01:28:00,1692408480.0,0.5788,0.5794,0.5788,0.5792,53473.0
2023-08-19 01:29:00,1692408540.0,0.5791,0.5794,0.5791,0.5793,1388.2
2023-08-19 01:30:00,1692408600.0,0.5793,0.5793,0.5788,0.579,5650.1
2023-08-19 01:31:00,1692408660.0,0.5789,0.5789,0.5782,0.5782,9592.8
2023-08-19 01:32:00,1692408720.0,0.5782,0.5784,0.5782,0.5784,725.9
2023-08-19 01:33:00,1692408780.0,0.5783,0.5784,0.5782,0.5783,18286.1
2023-08-19 01:34:00,1692408840.0,0.5783,0.5783,0.578,0.5781,24694.7
2023-08-19 01:35:00,1692408900.0,0.5781,0.5784,0.578,0.578,45008.2
2023-08-19 01:36:00,1692408960.0,0.578,0.5781,0.5777,0.5779,31258.8
2023-08-19 01:37:00,1692409020.0,0.5779,0.5779,0.5773,0.5776,17628.9
2023-08-19 01:38:00,1692409080.0,0.5776,0.5779,0.5776,0.5777,17894.8
2023-08-19 01:39:00,1692409140.0,0.5775,0.5775,0.5771,0.5773,21987.8
2023-08-19 01:40:00,1692409200.0,0.5772,0.5776,0.5772,0.5776,17191.6
2023-08-19 01:41:00,1692409260.0,0.5776,0.5779,0.5776,0.5779,13846.8
2023-08-19 01:42:00,1692409320.0,0.578,0.5783,0.5778,0.5778,17153.8
2023-08-19 01:43:00,1692409380.0,0.5777,0.5777,0.5776,0.5776,5062.8
2023-08-19 01:44:00,1692409440.0,0.5777,0.5778,0.5777,0.5778,762.1
2023-08-19 01:45:00,1692409500.0,0.5777,0.5782,0.5777,0.5782,7204.0
2023-08-19 01:46:00,1692409560.0,0.5779,0.5783,0.5778,0.5781,22575.0
2023-08-19 01:47:00,1692409620.0,0.5781,0.5781,0.5778,0.5779,15630.1
2023-08-19 01:48:00,1692409680.0,0.5778,0.5782,0.5778,0.578,22649.3
2023-08-19 01:49:00,1692409740.0,0.5781,0.5781,0.5779,0.5779,2328.3
2023-08-19 01:50:00,1692409800.0,0.5779,0.5779,0.5777,0.5777,9871.8
2023-08-19 01:51:00,1692409860.0,0.5777,0.5777,0.5773,0.5774,7675.6
2023-08-19 01:52:00,1692409920.0,0.5774,0.5776,0.5773,0.5774,41441.3
2023-08-19 01:53:00,1692409980.0,0.5776,0.5778,0.5776,0.5778,2814.7
2023-08-19 01:54:00,1692410040.0,0.5777,0.5781,0.5777,0.5778,11277.3
2023-08-19 01:55:00,1692410100.0,0.5778,0.5779,0.5778,0.5779,3435.0
2023-08-19 01:56:00,1692410160.0,0.5778,0.5778,0.5774,0.5776,7833.8
2023-08-19 01:57:00,1692410220.0,0.5777,0.5778,0.5777,0.5777,728.9
2023-08-19 01:58:00,1692410280.0,0.5777,0.5777,0.5769,0.5769,24563.1
2023-08-19 01:59:00,1692410340.0,0.577,0.577,0.5769,0.577,1364.9
2023-08-19 02:00:00,1692410400.0,0.577,0.5771,0.5767,0.5767,54736.3
2023-08-19 02:01:00,1692410460.0,0.5767,0.5775,0.5767,0.5771,52749.0
2023-08-19 02:02:00,1692410520.0,0.5771,0.5774,0.5768,0.5769,35459.8
2023-08-19 02:03:00,1692410580.0,0.5769,0.577,0.5767,0.5767,36367.7
2023-08-19 02:04:00,1692410640.0,0.5768,0.5774,0.5768,0.5774,6214.2
2023-08-19 02:05:00,1692410700.0,0.5775,0.5781,0.5775,0.5777,7029.5
2023-08-19 02:06:00,1692410760.0,0.5776,0.578,0.5776,0.5777,51771.2
2023-08-19 02:07:00,1692410820.0,0.5776,0.5776,0.5773,0.5773,20208.4
2023-08-19 02:08:00,1692410880.0,0.5774,0.578,0.5774,0.5779,28998.6
2023-08-19 02:09:00,1692410940.0,0.5778,0.5779,0.5776,0.5778,13440.2
2023-08-19 02:10:00,1692411000.0,0.5779,0.5779,0.5777,0.5779,1914.7
2023-08-19 02:11:00,1692411060.0,0.5778,0.5778,0.5775,0.5775,17280.2
2023-08-19 02:12:00,1692411120.0,0.5775,0.5776,0.5773,0.5776,55616.0
2023-08-19 02:13:00,1692411180.0,0.5775,0.5775,0.5773,0.5774,12263.6
2023-08-19 02:14:00,1692411240.0,0.5775,0.5776,0.5774,0.5775,10147.2
2023-08-19 02:15:00,1692411300.0,0.5775,0.5775,0.5772,0.5774,528.6
2023-08-19 02:16:00,1692411360.0,0.5773,0.5778,0.5773,0.5778,33176.6
2023-08-19 02:17:00,1692411420.0,0.5778,0.5778,0.5774,0.5775,18553.3
2023-08-19 02:18:00,1692411480.0,0.5774,0.5775,0.5771,0.5775,4192.6
2023-08-19 02:19:00,1692411540.0,0.5775,0.5776,0.5775,0.5776,3789.0
2023-08-19 02:20:00,1692411600.0,0.5775,0.5775,0.5774,0.5774,8780.3
2023-08-19 02:21:00,1692411660.0,0.5774,0.5775,0.5773,0.5775,20962.5
2023-08-19 02:22:00,1692411720.0,0.5775,0.5776,0.5774,0.5775,5528.2
2023-08-19 02:23:00,1692411780.0,0.5776,0.5779,0.5776,0.5779,8055.3
2023-08-19 02:24:00,1692411840.0,0.5778,0.5781,0.5778,0.5781,2307.7
2023-08-19 02:25:00,1692411900.0,0.5781,0.5785,0.5779,0.5783,10627.5
2023-08-19 02:26:00,1692411960.0,0.5785,0.5788,0.5785,0.5788,15879.2
2023-08-19 02:27:00,1692412020.0,0.5788,0.5792,0.5784,0.5791,50177.0
2023-08-19 02:28:00,1692412080.0,0.5791,0.5793,0.5789,0.5793,7332.5
2023-08-19 02:29:00,1692412140.0,0.5793,0.5794,0.5793,0.5794,14641.2
2023-08-19 02:30:00,1692412200.0,0.5793,0.5798,0.5792,0.5797,10065.8
2023-08-19 02:31:00,1692412260.0,0.5797,0.5797,0.5791,0.5792,94741.9
2023-08-19 02:32:00,1692412320.0,0.5791,0.5791,0.5785,0.5787,39030.5
2023-08-19 02:33:00,1692412380.0,0.5787,0.5787,0.5783,0.5783,6844.7
2023-08-19 02:34:00,1692412440.0,0.5782,0.5782,0.5781,0.5781,2202.9
2023-08-19 02:35:00,1692412500.0,0.5781,0.5785,0.5781,0.5782,95354.5
2023-08-19 02:36:00,1692412560.0,0.5781,0.5781,0.5777,0.5777,9410.9
2023-08-19 02:37:00,1692412620.0,0.5778,0.5779,0.5776,0.5779,22949.8
2023-08-19 02:38:00,1692412680.0,0.578,0.5782,0.578,0.5782,7444.4
2023-08-19 02:39:00,1692412740.0,0.5782,0.5782,0.5781,0.5782,10176.5
2023-08-19 02:40:00,1692412800.0,0.5781,0.5785,0.5781,0.5785,14511.3
2023-08-19 02:41:00,1692412860.0,0.5784,0.5785,0.5784,0.5785,2925.9
2023-08-19 02:42:00,1692412920.0,0.5785,0.5785,0.5783,0.5785,2748.4
2023-08-19 02:43:00,1692412980.0,0.5784,0.5784,0.5782,0.5782,1756.0
2023-08-19 02:44:00,1692413040.0,0.5783,0.5783,0.578,0.5781,22280.4
2023-08-19 02:45:00,1692413100.0,0.5782,0.5782,0.578,0.578,3050.8
2023-08-19 02:46:00,1692413160.0,0.5782,0.5782,0.5777,0.5779,28103.3
2023-08-19 02:47:00,1692413220.0,0.5779,0.5781,0.5779,0.578,3391.6
2023-08-19 02:48:00,1692413280.0,0.578,0.5781,0.578,0.5781,1995.2
2023-08-19 02:49:00,1692413340.0,0.5781,0.5781,0.578,0.5781,2373.8
2023-08-19 02:50:00,1692413400.0,0.5782,0.5785,0.5782,0.5784,798.3
2023-08-19 02:51:00,1692413460.0,0.5784,0.5789,0.5784,0.5786,19462.2
2023-08-19 02:52:00,1692413520.0,0.5786,0.5786,0.5783,0.5783,312.4
2023-08-19 02:53:00,1692413580.0,0.5783,0.5783,0.578,0.5781,16849.2
2023-08-19 02:54:00,1692413640.0,0.5781,0.5781,0.5778,0.5778,19174.4
2023-08-19 02:55:00,1692413700.0,0.5778,0.5781,0.5778,0.5781,18001.4
2023-08-19 02:56:00,1692413760.0,0.5779,0.578,0.5779,0.5779,6176.0
2023-08-19 02:57:00,1692413820.0,0.5779,0.5783,0.5779,0.5782,15729.3
2023-08-19 02:58:00,1692413880.0,0.5781,0.5782,0.578,0.578,4803.9
2023-08-19 02:59:00,1692413940.0,0.5781,0.5783,0.5781,0.5781,11937.4
2023-08-19 03:00:00,1692414000.0,0.578,0.578,0.5779,0.5779,7235.8
2023-08-19 03:01:00,1692414060.0,0.5779,0.5781,0.5778,0.5778,35040.9
2023-08-19 03:02:00,1692414120.0,0.5777,0.5777,0.5774,0.5774,12431.9
2023-08-19 03:03:00,1692414180.0,0.5772,0.5776,0.577,0.5776,13568.5
2023-08-19 03:04:00,1692414240.0,0.5776,0.578,0.5776,0.5778,29258.0
2023-08-19 03:05:00,1692414300.0,0.5778,0.578,0.5774,0.5774,4532.6
2023-08-19 03:06:00,1692414360.0,0.5775,0.5778,0.5773,0.5773,57161.2
2023-08-19 03:07:00,1692414420.0,0.5772,0.5772,0.5771,0.5772,3485.8
2023-08-19 03:08:00,1692414480.0,0.5771,0.5771,0.5767,0.5767,14935.9
2023-08-19 03:09:00,1692414540.0,0.5767,0.5771,0.5767,0.577,33248.2
2023-08-19 03:10:00,1692414600.0,0.5769,0.5771,0.5769,0.577,12431.4
2023-08-19 03:11:00,1692414660.0,0.577,0.577,0.5766,0.5766,11078.6
2023-08-19 03:12:00,1692414720.0,0.5767,0.5767,0.5761,0.5761,33693.0
2023-08-19 03:13:00,1692414780.0,0.5761,0.5761,0.5758,0.5758,26478.6
2023-08-19 03:14:00,1692414840.0,0.5758,0.5761,0.5758,0.576,20413.4
2023-08-19 03:15:00,1692414900.0,0.576,0.576,0.5752,0.5755,60208.1
2023-08-19 03:16:00,1692414960.0,0.5754,0.5755,0.5754,0.5755,1905.7
2023-08-19 03:17:00,1692415020.0,0.5755,0.5755,0.5754,0.5754,2702.1
2023-08-19 03:18:00,1692415080.0,0.5755,0.5757,0.5754,0.5755,10548.4
2023-08-19 03:19:00,1692415140.0,0.5754,0.5754,0.5751,0.5751,10530.8
2023-08-19 03:20:00,1692415200.0,0.5751,0.5755,0.575,0.5755,35762.8
2023-08-19 03:21:00,1692415260.0,0.5754,0.5757,0.5753,0.5757,16938.9
2023-08-19 03:22:00,1692415320.0,0.5757,0.5759,0.5757,0.5758,62123.2
2023-08-19 03:23:00,1692415380.0,0.5757,0.5758,0.5755,0.5758,6644.4
2023-08-19 03:24:00,1692415440.0,0.5757,0.5757,0.5754,0.5754,44412.8
2023-08-19 03:25:00,1692415500.0,0.5754,0.5757,0.5754,0.5756,13002.7
2023-08-19 03:26:00,1692415560.0,0.5756,0.5759,0.5755,0.5759,20319.2
2023-08-19 03:27:00,1692415620.0,0.5759,0.5763,0.5759,0.5762,29024.8
2023-08-19 03:28:00,1692415680.0,0.5763,0.5769,0.5762,0.5769,19566.7
2023-08-19 03:29:00,1692415740.0,0.5768,0.5772,0.5768,0.5772,16291.7
2023-08-19 03:30:00,1692415800.0,0.5772,0.5772,0.5768,0.5768,34464.3
2023-08-19 03:31:00,1692415860.0,0.5768,0.5769,0.5761,0.5761,6756.4
2023-08-19 03:32:00,1692415920.0,0.5763,0.5764,0.5761,0.5762,12721.9
2023-08-19 03:33:00,1692415980.0,0.5762,0.5764,0.5762,0.5764,7861.8
2023-08-19 03:34:00,1692416040.0,0.5763,0.5764,0.5763,0.5764,2175.3
2023-08-19 03:35:00,1692416100.0,0.5764,0.5764,0.5762,0.5763,6223.0
2023-08-19 03:36:00,1692416160.0,0.5763,0.5763,0.5761,0.5761,2143.0
2023-08-19 03:37:00,1692416220.0,0.5761,0.5763,0.576,0.576,37880.8
2023-08-19 03:38:00,1692416280.0,0.5761,0.5762,0.5761,0.5762,10129.1
2023-08-19 03:39:00,1692416340.0,0.5762,0.5762,0.576,0.5761,831.2
2023-08-19 03:40:00,1692416400.0,0.5761,0.5761,0.5756,0.5757,39098.5
2023-08-19 03:41:00,1692416460.0,0.5757,0.576,0.5757,0.5757,66362.9
2023-08-19 03:42:00,1692416520.0,0.5757,0.5757,0.5756,0.5757,7398.1
2023-08-19 03:43:00,1692416580.0,0.5757,0.5757,0.5756,0.5757,631.8
2023-08-19 03:44:00,1692416640.0,0.5757,0.5757,0.5756,0.5757,3739.2
2023-08-19 03:45:00,1692416700.0,0.5756,0.5756,0.5753,0.5754,42809.3
2023-08-19 03:46:00,1692416760.0,0.5754,0.5756,0.5754,0.5756,7103.0
2023-08-19 03:47:00,1692416820.0,0.5756,0.5757,0.5755,0.5755,2594.3
2023-08-19 03:48:00,1692416880.0,0.5754,0.5755,0.5754,0.5755,747.2
2023-08-19 03:49:00,1692416940.0,0.5755,0.5759,0.5755,0.5757,11502.0
2023-08-19 03:50:00,1692417000.0,0.5758,0.576,0.5758,0.576,10784.9
2023-08-19 03:51:00,1692417060.0,0.5762,0.5764,0.5762,0.5762,14683.1
2023-08-19 03:52:00,1692417120.0,0.5762,0.5766,0.5762,0.5766,7420.1
2023-08-19 03:53:00,1692417180.0,0.5767,0.5768,0.5765,0.5767,9756.4
2023-08-19 03:54:00,1692417240.0,0.5767,0.5768,0.5766,0.5767,4377.1
2023-08-19 03:55:00,1692417300.0,0.5767,0.5771,0.5767,0.577,5012.7
2023-08-19 03:56:00,1692417360.0,0.577,0.5771,0.577,0.5771,877.8
2023-08-19 03:57:00,1692417420.0,0.5771,0.5773,0.5771,0.5772,6922.8
2023-08-19 03:58:00,1692417480.0,0.5772,0.5773,0.5771,0.5772,1582.2
2023-08-19 03:59:00,1692417540.0,0.5773,0.5774,0.5771,0.5772,47043.8
2023-08-19 04:00:00,1692417600.0,0.5771,0.5774,0.5769,0.5774,9826.6
2023-08-19 04:01:00,1692417660.0,0.5773,0.5773,0.5769,0.577,14882.1
2023-08-19 04:02:00,1692417720.0,0.5769,0.577,0.5768,0.5769,1169.1
2023-08-19 04:03:00,1692417780.0,0.5769,0.577,0.5768,0.5768,11045.8
2023-08-19 04:04:00,1692417840.0,0.5768,0.5769,0.5768,0.5768,12500.1
2023-08-19 04:05:00,1692417900.0,0.5767,0.577,0.5767,0.5769,17079.9
2023-08-19 04:06:00,1692417960.0,0.5768,0.5768,0.5765,0.5765,4627.3
2023-08-19 04:07:00,1692418020.0,0.5766,0.5766,0.5759,0.576,35392.9
2023-08-19 04:08:00,1692418080.0,0.576,0.5761,0.5759,0.5761,12740.4
2023-08-19 04:09:00,1692418140.0,0.5761,0.5762,0.576,0.576,4875.6
2023-08-19 04:10:00,1692418200.0,0.576,0.5763,0.576,0.5763,5448.9
2023-08-19 04:11:00,1692418260.0,0.5762,0.5767,0.5762,0.5767,2467.3
2023-08-19 04:12:00,1692418320.0,0.5768,0.5768,0.5767,0.5768,7883.5
2023-08-19 04:13:00,1692418380.0,0.5766,0.5767,0.5766,0.5767,2298.2
2023-08-19 04:14:00,1692418440.0,0.5767,0.5771,0.5767,0.577,15324.0
2023-08-19 04:15:00,1692418500.0,0.577,0.5773,0.5769,0.5772,21316.0
2023-08-19 04:16:00,1692418560.0,0.5772,0.5773,0.5771,0.5771,6279.3
2023-08-19 04:17:00,1692418620.0,0.577,0.5773,0.577,0.5773,50779.6
2023-08-19 04:18:00,1692418680.0,0.5773,0.5773,0.5772,0.5772,5863.5
2023-08-19 04:19:00,1692418740.0,0.5772,0.5775,0.5772,0.5773,9156.7
2023-08-19 04:20:00,1692418800.0,0.5772,0.5772,0.577,0.577,13995.4
2023-08-19 04:21:00,1692418860.0,0.577,0.577,0.5766,0.5767,3523.4
2023-08-19 04:22:00,1692418920.0,0.5767,0.5767,0.576,0.5764,41192.5
2023-08-19 04:23:00,1692418980.0,0.5764,0.5766,0.5764,0.5766,18338.1
2023-08-19 04:24:00,1692419040.0,0.5768,0.5771,0.5768,0.5771,5702.7
2023-08-19 04:25:00,1692419100.0,0.577,0.5775,0.577,0.5775,9266.6
2023-08-19 04:26:00,1692419160.0,0.5775,0.5776,0.5775,0.5775,2319.8
2023-08-19 04:27:00,1692419220.0,0.5775,0.5775,0.5772,0.5773,7715.8
2023-08-19 04:28:00,1692419280.0,0.5773,0.5773,0.5772,0.5772,1264.2
2023-08-19 04:29:00,1692419340.0,0.5773,0.5775,0.5772,0.5775,9315.7
2023-08-19 04:30:00,1692419400.0,0.5775,0.5775,0.5771,0.5773,1877.2
2023-08-19 04:31:00,1692419460.0,0.5774,0.5777,0.5774,0.5777,3539.1
2023-08-19 04:32:00,1692419520.0,0.5777,0.5777,0.5776,0.5777,696.3
2023-08-19 04:33:00,1692419580.0,0.5776,0.5781,0.5776,0.5781,20988.7
2023-08-19 04:34:00,1692419640.0,0.5781,0.5781,0.578,0.5781,11953.8
2023-08-19 04:35:00,1692419700.0,0.578,0.5783,0.578,0.5783,11624.9
2023-08-19 04:36:00,1692419760.0,0.5784,0.5784,0.578,0.578,29615.9
2023-08-19 04:37:00,1692419820.0,0.5779,0.578,0.5778,0.578,1415.5
2023-08-19 04:38:00,1692419880.0,0.578,0.5785,0.578,0.5785,26245.3
2023-08-19 04:39:00,1692419940.0,0.5785,0.5785,0.5784,0.5785,9546.4
2023-08-19 04:40:00,1692420000.0,0.5785,0.5786,0.5784,0.5786,2624.3
2023-08-19 04:41:00,1692420060.0,0.5787,0.5789,0.5787,0.5788,4216.4
2023-08-19 04:42:00,1692420120.0,0.5787,0.5787,0.5785,0.5786,11468.0
2023-08-19 04:43:00,1692420180.0,0.5786,0.5788,0.5786,0.5788,955.8
2023-08-19 04:44:00,1692420240.0,0.5787,0.579,0.5787,0.579,7844.4
2023-08-19 04:45:00,1692420300.0,0.5791,0.5794,0.5789,0.5794,38011.5
2023-08-19 04:46:00,1692420360.0,0.5793,0.5794,0.5792,0.5792,12154.1
2023-08-19 04:47:00,1692420420.0,0.5792,0.5796,0.579,0.5795,48680.0
2023-08-19 04:48:00,1692420480.0,0.5794,0.5795,0.5794,0.5795,3898.4
2023-08-19 04:49:00,1692420540.0,0.5795,0.5795,0.5793,0.5793,1196.5
2023-08-19 04:50:00,1692420600.0,0.5793,0.5793,0.5788,0.5788,50196.8
2023-08-19 04:51:00,1692420660.0,0.5787,0.5791,0.5785,0.5791,34320.1
2023-08-19 04:52:00,1692420720.0,0.5791,0.5791,0.579,0.5791,2979.1
2023-08-19 04:53:00,1692420780.0,0.5791,0.5791,0.579,0.5791,1575.3
2023-08-19 04:54:00,1692420840.0,0.5791,0.5791,0.579,0.5791,1548.5
2023-08-19 04:55:00,1692420900.0,0.579,0.5791,0.5787,0.5787,10872.5
2023-08-19 04:56:00,1692420960.0,0.579,0.579,0.5787,0.5789,33579.8
2023-08-19 04:57:00,1692421020.0,0.5789,0.5789,0.5787,0.5788,5707.5
2023-08-19 04:58:00,1692421080.0,0.5788,0.579,0.5788,0.5789,8057.1
2023-08-19 04:59:00,1692421140.0,0.579,0.5793,0.5789,0.5793,10125.1
2023-08-19 05:00:00,1692421200.0,0.5792,0.5792,0.5789,0.5789,21673.8
2023-08-19 05:01:00,1692421260.0,0.5789,0.5789,0.5785,0.5785,10319.6
2023-08-19 05:02:00,1692421320.0,0.5786,0.5786,0.5783,0.5783,8186.6
2023-08-19 05:03:00,1692421380.0,0.5783,0.5783,0.5778,0.5778,6958.7
2023-08-19 05:04:00,1692421440.0,0.5778,0.5781,0.5778,0.5781,42177.3
2023-08-19 05:05:00,1692421500.0,0.5781,0.5783,0.5781,0.5782,13448.3
2023-08-19 05:06:00,1692421560.0,0.5781,0.5782,0.5781,0.5782,560.6
2023-08-19 05:07:00,1692421620.0,0.5781,0.5786,0.5781,0.5786,5452.8
2023-08-19 05:08:00,1692421680.0,0.5786,0.5787,0.5784,0.5787,5835.8
2023-08-19 05:09:00,1692421740.0,0.5787,0.579,0.5787,0.579,2589.8
2023-08-19 05:10:00,1692421800.0,0.579,0.579,0.5789,0.579,12437.0
2023-08-19 05:11:00,1692421860.0,0.5789,0.5789,0.5788,0.5788,1201.8
2023-08-19 05:12:00,1692421920.0,0.5789,0.5789,0.5785,0.5785,9516.6
2023-08-19 05:13:00,1692421980.0,0.5786,0.5786,0.5785,0.5786,245.2
2023-08-19 05:14:00,1692422040.0,0.5785,0.5788,0.5783,0.5787,58655.7
2023-08-19 05:15:00,1692422100.0,0.5786,0.5787,0.5783,0.5786,4410.5
2023-08-19 05:16:00,1692422160.0,0.5785,0.5785,0.5785,0.5785,11666.9
2023-08-19 05:17:00,1692422220.0,0.5784,0.5784,0.5782,0.5782,11308.0
2023-08-19 05:18:00,1692422280.0,0.5782,0.5782,0.578,0.578,14143.1
2023-08-19 05:19:00,1692422340.0,0.5781,0.5781,0.5778,0.5781,6037.0
2023-08-19 05:20:00,1692422400.0,0.5781,0.5784,0.5781,0.5783,15592.1
2023-08-19 05:21:00,1692422460.0,0.5784,0.5785,0.5783,0.5785,504.2
2023-08-19 05:22:00,1692422520.0,0.5784,0.5786,0.5784,0.5785,4567.3
2023-08-19 05:23:00,1692422580.0,0.5786,0.5786,0.5785,0.5785,379.5
2023-08-19 05:24:00,1692422640.0,0.5786,0.5786,0.5784,0.5784,22659.9
2023-08-19 05:25:00,1692422700.0,0.578,0.5781,0.5779,0.578,559.2
2023-08-19 05:26:00,1692422760.0,0.578,0.5781,0.578,0.578,4469.4
2023-08-19 05:27:00,1692422820.0,0.578,0.5781,0.5779,0.5779,1332.6
2023-08-19 05:28:00,1692422880.0,0.5779,0.5781,0.5778,0.5779,11980.2
2023-08-19 05:29:00,1692422940.0,0.5778,0.5778,0.5775,0.5776,12436.2
2023-08-19 05:30:00,1692423000.0,0.5775,0.5778,0.5771,0.5778,43425.3
2023-08-19 05:31:00,1692423060.0,0.5778,0.578,0.5778,0.5778,8801.6
2023-08-19 05:32:00,1692423120.0,0.5779,0.5779,0.5776,0.5777,29142.7
2023-08-19 05:33:00,1692423180.0,0.5776,0.5776,0.5766,0.5771,54542.0
2023-08-19 05:34:00,1692423240.0,0.577,0.5774,0.5766,0.5771,42107.0
2023-08-19 05:35:00,1692423300.0,0.5771,0.5771,0.5768,0.5768,2425.2
2023-08-19 05:36:00,1692423360.0,0.5766,0.5771,0.5766,0.577,9351.6
2023-08-19 05:37:00,1692423420.0,0.577,0.577,0.5761,0.5762,24233.7
2023-08-19 05:38:00,1692423480.0,0.5762,0.5766,0.5762,0.5765,28491.9
2023-08-19 05:39:00,1692423540.0,0.5764,0.5765,0.5761,0.5762,14300.3
2023-08-19 05:40:00,1692423600.0,0.5762,0.5764,0.5761,0.5764,4706.1
2023-08-19 05:41:00,1692423660.0,0.5765,0.5768,0.5765,0.5767,13043.1
2023-08-19 05:42:00,1692423720.0,0.5767,0.5768,0.5765,0.5766,43424.6
2023-08-19 05:43:00,1692423780.0,0.5766,0.5767,0.5765,0.5767,25897.1
2023-08-19 05:44:00,1692423840.0,0.5768,0.5768,0.5763,0.5763,37693.3
2023-08-19 05:45:00,1692423900.0,0.5764,0.5765,0.5761,0.5764,4936.9
2023-08-19 05:46:00,1692423960.0,0.5764,0.5767,0.5764,0.5767,17568.4
2023-08-19 05:47:00,1692424020.0,0.5766,0.5767,0.5766,0.5766,3165.1
2023-08-19 05:48:00,1692424080.0,0.5766,0.5766,0.5762,0.5762,3871.3
2023-08-19 05:49:00,1692424140.0,0.5762,0.5762,0.5761,0.5761,40095.9
2023-08-19 05:50:00,1692424200.0,0.576,0.5762,0.576,0.5762,9131.7
2023-08-19 05:51:00,1692424260.0,0.5764,0.5764,0.5762,0.5763,1157.7
2023-08-19 05:52:00,1692424320.0,0.5762,0.5762,0.5761,0.5762,2366.1
2023-08-19 05:53:00,1692424380.0,0.5762,0.5764,0.5762,0.5763,1080.8
2023-08-19 05:54:00,1692424440.0,0.5764,0.5765,0.5762,0.5764,35580.9
2023-08-19 05:55:00,1692424500.0,0.5763,0.5763,0.5761,0.5763,5410.7
2023-08-19 05:56:00,1692424560.0,0.5763,0.5763,0.5762,0.5762,2498.6
2023-08-19 05:57:00,1692424620.0,0.5763,0.5763,0.5761,0.5762,882.0
2023-08-19 05:58:00,1692424680.0,0.5762,0.5764,0.5762,0.5763,5998.5
2023-08-19 05:59:00,1692424740.0,0.5761,0.5762,0.576,0.576,4048.7
2023-08-19 06:00:00,1692424800.0,0.5761,0.5763,0.5758,0.5763,9393.3
2023-08-19 06:01:00,1692424860.0,0.5764,0.5765,0.5763,0.5763,6053.9
2023-08-19 06:02:00,1692424920.0,0.5762,0.5766,0.5762,0.5766,41319.2
2023-08-19 06:03:00,1692424980.0,0.5766,0.5766,0.5763,0.5765,5507.5
2023-08-19 06:04:00,1692425040.0,0.5764,0.5764,0.5763,0.5764,1014.7
2023-08-19 06:05:00,1692425100.0,0.5764,0.5766,0.5762,0.5766,24380.2
2023-08-19 06:06:00,1692425160.0,0.5765,0.5767,0.5765,0.5766,8830.5
2023-08-19 06:07:00,1692425220.0,0.5766,0.5767,0.5766,0.5766,570.0
2023-08-19 06:08:00,1692425280.0,0.5767,0.5767,0.5765,0.5766,16995.3
2023-08-19 06:09:00,1692425340.0,0.5766,0.5771,0.5766,0.577,16784.7
2023-08-19 06:10:00,1692425400.0,0.577,0.5773,0.577,0.5772,1108.7
2023-08-19 06:11:00,1692425460.0,0.5772,0.5775,0.5772,0.5775,8008.0
2023-08-19 06:12:00,1692425520.0,0.5775,0.5776,0.5775,0.5776,3986.5
2023-08-19 06:13:00,1692425580.0,0.5775,0.5775,0.5773,0.5774,9365.3
2023-08-19 06:14:00,1692425640.0,0.5774,0.5776,0.5774,0.5776,4623.9
2023-08-19 06:15:00,1692425700.0,0.5776,0.5776,0.577,0.577,15444.6
2023-08-19 06:16:00,1692425760.0,0.5772,0.5773,0.5771,0.5771,8897.8
2023-08-19 06:17:00,1692425820.0,0.5772,0.5772,0.5767,0.5771,4295.7
2023-08-19 06:18:00,1692425880.0,0.577,0.5772,0.577,0.5771,3768.9
2023-08-19 06:19:00,1692425940.0,0.5772,0.5773,0.5772,0.5773,5874.6
2023-08-19 06:20:00,1692426000.0,0.5773,0.5776,0.5773,0.5775,2860.4
2023-08-19 06:21:00,1692426060.0,0.5774,0.5774,0.5771,0.5774,27035.2
2023-08-19 06:22:00,1692426120.0,0.5774,0.5775,0.5774,0.5774,19535.2
2023-08-19 06:23:00,1692426180.0,0.5775,0.5775,0.5772,0.5775,26746.2
2023-08-19 06:24:00,1692426240.0,0.5775,0.5776,0.5774,0.5774,1942.3
2023-08-19 06:25:00,1692426300.0,0.5775,0.578,0.5775,0.578,16509.3
2023-08-19 06:26:00,1692426360.0,0.5779,0.578,0.5779,0.578,11278.8
2023-08-19 06:27:00,1692426420.0,0.578,0.578,0.5779,0.578,2883.0
2023-08-19 06:28:00,1692426480.0,0.578,0.5781,0.5778,0.5781,5046.6
2023-08-19 06:29:00,1692426540.0,0.5781,0.5781,0.578,0.5781,1202.7
2023-08-19 06:30:00,1692426600.0,0.578,0.5782,0.5779,0.5782,7780.5
2023-08-19 06:31:00,1692426660.0,0.5781,0.5781,0.578,0.578,12697.4
2023-08-19 06:32:00,1692426720.0,0.5781,0.5783,0.5781,0.5781,10039.7
2023-08-19 06:33:00,1692426780.0,0.5781,0.5781,0.578,0.5781,7230.8
2023-08-19 06:34:00,1692426840.0,0.578,0.5783,0.5778,0.5783,11548.0
2023-08-19 06:35:00,1692426900.0,0.5783,0.5786,0.5783,0.5785,26200.5
2023-08-19 06:36:00,1692426960.0,0.5785,0.5788,0.5784,0.5786,42750.1
2023-08-19 06:37:00,1692427020.0,0.5785,0.5785,0.5783,0.5783,10852.9
2023-08-19 06:38:00,1692427080.0,0.5783,0.5783,0.5781,0.5781,6791.4
2023-08-19 06:39:00,1692427140.0,0.5782,0.5782,0.5776,0.5776,26153.8
2023-08-19 06:40:00,1692427200.0,0.5777,0.5777,0.5772,0.5773,29238.8
2023-08-19 06:41:00,1692427260.0,0.5772,0.5772,0.5768,0.5768,21817.7
2023-08-19 06:42:00,1692427320.0,0.5767,0.5772,0.5767,0.577,17898.0
2023-08-19 06:43:00,1692427380.0,0.5771,0.5771,0.5768,0.577,9818.7
2023-08-19 06:44:00,1692427440.0,0.5769,0.5769,0.5769,0.5769,509.7
2023-08-19 06:45:00,1692427500.0,0.5769,0.5772,0.5769,0.5772,6951.3
2023-08-19 06:46:00,1692427560.0,0.5772,0.5777,0.5772,0.5777,16355.2
2023-08-19 06:47:00,1692427620.0,0.5778,0.5779,0.5775,0.5776,4823.3
2023-08-19 06:48:00,1692427680.0,0.5776,0.5779,0.5776,0.5778,17543.8
2023-08-19 06:49:00,1692427740.0,0.5779,0.5779,0.5777,0.5778,6240.9
2023-08-19 06:50:00,1692427800.0,0.5777,0.5778,0.5777,0.5777,1971.3
2023-08-19 06:51:00,1692427860.0,0.5777,0.5778,0.5776,0.5777,9509.0
2023-08-19 06:52:00,1692427920.0,0.5777,0.5777,0.5773,0.5773,3907.5
2023-08-19 06:53:00,1692427980.0,0.5772,0.5772,0.5768,0.577,8601.0
2023-08-19 06:54:00,1692428040.0,0.5771,0.5772,0.577,0.5772,1555.9
2023-08-19 06:55:00,1692428100.0,0.5772,0.5772,0.5771,0.5772,4653.5
2023-08-19 06:56:00,1692428160.0,0.5772,0.5775,0.5772,0.5773,12388.5
2023-08-19 06:57:00,1692428220.0,0.5775,0.5775,0.5771,0.5771,7460.1
2023-08-19 06:58:00,1692428280.0,0.5771,0.5771,0.5766,0.5766,1671.1
2023-08-19 06:59:00,1692428340.0,0.5766,0.577,0.5765,0.577,30469.9
2023-08-19 07:00:00,1692428400.0,0.5769,0.577,0.5769,0.5769,3189.8
2023-08-19 07:01:00,1692428460.0,0.5769,0.5771,0.5768,0.577,60227.1
2023-08-19 07:02:00,1692428520.0,0.5769,0.5769,0.5759,0.5763,31548.5
2023-08-19 07:03:00,1692428580.0,0.5761,0.5763,0.5759,0.5763,63392.9
2023-08-19 07:04:00,1692428640.0,0.5763,0.5766,0.5763,0.5766,3356.8
2023-08-19 07:05:00,1692428700.0,0.5766,0.5768,0.5765,0.5768,20014.5
2023-08-19 07:06:00,1692428760.0,0.5769,0.5771,0.5768,0.5769,10250.7
2023-08-19 07:07:00,1692428820.0,0.5769,0.5771,0.5768,0.577,9235.2
2023-08-19 07:08:00,1692428880.0,0.577,0.577,0.5767,0.5767,5429.9
2023-08-19 07:09:00,1692428940.0,0.5764,0.5764,0.576,0.576,2865.7
2023-08-19 07:10:00,1692429000.0,0.5761,0.5765,0.5761,0.5765,9890.2
2023-08-19 07:11:00,1692429060.0,0.5766,0.5766,0.5762,0.5762,13856.9
2023-08-19 07:12:00,1692429120.0,0.5761,0.5762,0.576,0.5761,2613.7
2023-08-19 07:13:00,1692429180.0,0.5761,0.5761,0.5758,0.576,8723.1
2023-08-19 07:14:00,1692429240.0,0.576,0.5763,0.576,0.5761,10938.7
2023-08-19 07:15:00,1692429300.0,0.5761,0.5766,0.5761,0.5766,12675.9
2023-08-19 07:16:00,1692429360.0,0.5766,0.5773,0.5766,0.5772,5725.0
2023-08-19 07:17:00,1692429420.0,0.5772,0.5772,0.5768,0.5769,7453.1
2023-08-19 07:18:00,1692429480.0,0.5769,0.5769,0.5766,0.5767,21164.6
2023-08-19 07:19:00,1692429540.0,0.5766,0.5768,0.5764,0.5768,2300.3
2023-08-19 07:20:00,1692429600.0,0.5767,0.5769,0.5766,0.5768,5927.2
2023-08-19 07:21:00,1692429660.0,0.5768,0.5768,0.5767,0.5767,3373.9
2023-08-19 07:22:00,1692429720.0,0.5768,0.5769,0.5766,0.5768,65814.6
2023-08-19 07:23:00,1692429780.0,0.5769,0.5773,0.5769,0.5771,4763.6
2023-08-19 07:24:00,1692429840.0,0.5771,0.5773,0.5771,0.5772,9934.4
2023-08-19 07:25:00,1692429900.0,0.5772,0.5773,0.5771,0.5771,4328.2
2023-08-19 07:26:00,1692429960.0,0.5772,0.5773,0.5772,0.5772,3934.4
2023-08-19 07:27:00,1692430020.0,0.5772,0.5774,0.5769,0.5769,34090.2
2023-08-19 07:28:00,1692430080.0,0.5769,0.5772,0.5769,0.5772,4285.4
2023-08-19 07:29:00,1692430140.0,0.5774,0.5776,0.5774,0.5775,11807.6
2023-08-19 07:30:00,1692430200.0,0.5775,0.5778,0.5775,0.5777,17552.2
2023-08-19 07:31:00,1692430260.0,0.5776,0.5782,0.5776,0.578,39795.8
2023-08-19 07:32:00,1692430320.0,0.578,0.5782,0.5778,0.5781,39793.1
2023-08-19 07:33:00,1692430380.0,0.5781,0.5789,0.5781,0.5788,33463.4
2023-08-19 07:34:00,1692430440.0,0.5788,0.5793,0.5788,0.5788,18619.5
2023-08-19 07:35:00,1692430500.0,0.5789,0.5794,0.5789,0.5794,11887.0
2023-08-19 07:36:00,1692430560.0,0.5794,0.5795,0.5793,0.5794,3514.0
2023-08-19 07:37:00,1692430620.0,0.5795,0.5802,0.5793,0.5799,71202.8
2023-08-19 07:38:00,1692430680.0,0.5799,0.58,0.5797,0.5799,6739.2
2023-08-19 07:39:00,1692430740.0,0.5798,0.5799,0.5797,0.5799,13841.5
2023-08-19 07:40:00,1692430800.0,0.5798,0.5798,0.5792,0.5794,30260.5
2023-08-19 07:41:00,1692430860.0,0.5795,0.5798,0.5795,0.5798,6128.1
2023-08-19 07:42:00,1692430920.0,0.5797,0.5798,0.5797,0.5798,2059.4
2023-08-19 07:43:00,1692430980.0,0.5798,0.5798,0.5794,0.5796,11121.6
2023-08-19 07:44:00,1692431040.0,0.5796,0.5796,0.5792,0.5792,9559.0
2023-08-19 07:45:00,1692431100.0,0.5793,0.5795,0.5791,0.5794,96338.7
2023-08-19 07:46:00,1692431160.0,0.5794,0.5797,0.5794,0.5797,15748.1
2023-08-19 07:47:00,1692431220.0,0.5797,0.5798,0.5796,0.5798,7637.7
2023-08-19 07:48:00,1692431280.0,0.5798,0.58,0.5797,0.58,21740.3
2023-08-19 07:49:00,1692431340.0,0.5801,0.5801,0.58,0.58,53937.8
2023-08-19 07:50:00,1692431400.0,0.5799,0.58,0.5796,0.5796,18247.8
2023-08-19 07:51:00,1692431460.0,0.5795,0.5795,0.5792,0.5792,1940.0
2023-08-19 07:52:00,1692431520.0,0.5792,0.5795,0.5792,0.5795,16271.5
2023-08-19 07:53:00,1692431580.0,0.5795,0.5796,0.5794,0.5796,2179.1
2023-08-19 07:54:00,1692431640.0,0.5797,0.5798,0.5794,0.5797,3441.8
2023-08-19 07:55:00,1692431700.0,0.5796,0.58,0.5796,0.58,7984.8
2023-08-19 07:56:00,1692431760.0,0.58,0.5804,0.58,0.5802,27177.5
2023-08-19 07:57:00,1692431820.0,0.5801,0.5802,0.5799,0.5801,19943.1
2023-08-19 07:58:00,1692431880.0,0.5801,0.5801,0.5796,0.5796,27818.5
2023-08-19 07:59:00,1692431940.0,0.5797,0.58,0.5797,0.58,3759.6
2023-08-19 08:00:00,1692432000.0,0.5801,0.5802,0.5799,0.5802,3084.3
2023-08-19 08:01:00,1692432060.0,0.5802,0.5806,0.5802,0.5804,55790.0
2023-08-19 08:02:00,1692432120.0,0.5804,0.5807,0.5803,0.5806,39579.0
2023-08-19 08:03:00,1692432180.0,0.5806,0.5806,0.58,0.5802,7892.7
2023-08-19 08:04:00,1692432240.0,0.5802,0.5804,0.5802,0.5802,8059.8
2023-08-19 08:05:00,1692432300.0,0.5802,0.5802,0.5798,0.5798,14611.6
2023-08-19 08:06:00,1692432360.0,0.5798,0.5798,0.5793,0.5793,20253.2
2023-08-19 08:07:00,1692432420.0,0.5792,0.5793,0.5791,0.5793,46649.7
2023-08-19 08:08:00,1692432480.0,0.5793,0.5795,0.5793,0.5794,3173.1
2023-08-19 08:09:00,1692432540.0,0.5794,0.5797,0.5794,0.5797,6756.2
2023-08-19 08:10:00,1692432600.0,0.5798,0.5807,0.5798,0.5807,50743.3
2023-08-19 08:11:00,1692432660.0,0.5806,0.5813,0.5806,0.5812,58091.6
2023-08-19 08:12:00,1692432720.0,0.5812,0.5817,0.5812,0.5812,70303.6
2023-08-19 08:13:00,1692432780.0,0.5813,0.5815,0.5812,0.5813,55226.9
2023-08-19 08:14:00,1692432840.0,0.5814,0.5814,0.5812,0.5814,15362.2
2023-08-19 08:15:00,1692432900.0,0.5814,0.5814,0.5809,0.5809,24780.8
2023-08-19 08:16:00,1692432960.0,0.5808,0.5819,0.5808,0.5817,154114.7
2023-08-19 08:17:00,1692433020.0,0.5817,0.5822,0.5814,0.582,139259.6
2023-08-19 08:18:00,1692433080.0,0.5819,0.5822,0.5818,0.5822,44074.4
2023-08-19 08:19:00,1692433140.0,0.5822,0.5822,0.5818,0.5819,10981.1
2023-08-19 08:20:00,1692433200.0,0.5819,0.5823,0.5815,0.5823,84336.0
2023-08-19 08:21:00,1692433260.0,0.5824,0.5862,0.5824,0.5833,1051009.8
2023-08-19 08:22:00,1692433320.0,0.5833,0.5835,0.5826,0.5831,108685.1
2023-08-19 08:23:00,1692433380.0,0.5832,0.5833,0.5827,0.5833,73502.7
2023-08-19 08:24:00,1692433440.0,0.5833,0.5845,0.5831,0.5844,157325.6
2023-08-19 08:25:00,1692433500.0,0.5844,0.5852,0.5843,0.5851,226452.8
2023-08-19 08:26:00,1692433560.0,0.5852,0.5853,0.5849,0.5849,69591.6
2023-08-19 08:27:00,1692433620.0,0.5848,0.585,0.5844,0.5846,76353.9
2023-08-19 08:28:00,1692433680.0,0.5846,0.5848,0.584,0.5841,18145.2
2023-08-19 08:29:00,1692433740.0,0.5841,0.5848,0.584,0.5845,13536.6
2023-08-19 08:30:00,1692433800.0,0.5846,0.5851,0.5846,0.5849,31403.7
2023-08-19 08:31:00,1692433860.0,0.5849,0.585,0.5843,0.5843,33084.8
2023-08-19 08:32:00,1692433920.0,0.5844,0.5845,0.5839,0.584,13649.1
2023-08-19 08:33:00,1692433980.0,0.5839,0.5842,0.5839,0.5841,2810.5
2023-08-19 08:34:00,1692434040.0,0.5841,0.5841,0.5832,0.5835,110614.1
2023-08-19 08:35:00,1692434100.0,0.5835,0.5836,0.5834,0.5834,6256.8
2023-08-19 08:36:00,1692434160.0,0.5833,0.5836,0.5832,0.5832,86121.3
2023-08-19 08:37:00,1692434220.0,0.5832,0.5835,0.5831,0.5831,17416.0
2023-08-19 08:38:00,1692434280.0,0.583,0.5832,0.5827,0.5832,23530.1
2023-08-19 08:39:00,1692434340.0,0.5833,0.5837,0.5833,0.5833,38172.8
2023-08-19 08:40:00,1692434400.0,0.5831,0.5838,0.5827,0.5837,22294.5
2023-08-19 08:41:00,1692434460.0,0.5839,0.584,0.5833,0.5833,60379.1
2023-08-19 08:42:00,1692434520.0,0.5832,0.5836,0.5823,0.5824,137869.8
2023-08-19 08:43:00,1692434580.0,0.5824,0.5824,0.5811,0.5811,244333.4
2023-08-19 08:44:00,1692434640.0,0.5812,0.5815,0.5812,0.5815,5910.9
2023-08-19 08:45:00,1692434700.0,0.5814,0.5817,0.5812,0.5812,24550.9
2023-08-19 08:46:00,1692434760.0,0.5812,0.5812,0.5804,0.5809,55061.2
2023-08-19 08:47:00,1692434820.0,0.5808,0.581,0.5807,0.5809,21714.5
2023-08-19 08:48:00,1692434880.0,0.5809,0.5812,0.5808,0.5812,14516.8
2023-08-19 08:49:00,1692434940.0,0.5812,0.5812,0.5808,0.5812,31086.0
2023-08-19 08:50:00,1692435000.0,0.5813,0.5815,0.5809,0.5811,53917.8
2023-08-19 08:51:00,1692435060.0,0.5813,0.5814,0.5811,0.5814,40310.2
2023-08-19 08:52:00,1692435120.0,0.5813,0.5814,0.5809,0.5814,29404.1
2023-08-19 08:53:00,1692435180.0,0.5813,0.5813,0.5809,0.581,12175.7
2023-08-19 08:54:00,1692435240.0,0.5809,0.5809,0.5805,0.5806,16007.0
2023-08-19 08:55:00,1692435300.0,0.5805,0.5806,0.5802,0.5802,47119.0
2023-08-19 08:56:00,1692435360.0,0.5802,0.5807,0.5802,0.5804,55373.8
2023-08-19 08:57:00,1692435420.0,0.5804,0.5809,0.5804,0.5809,13912.4
2023-08-19 08:58:00,1692435480.0,0.5808,0.5808,0.5805,0.5807,6127.2
2023-08-19 08:59:00,1692435540.0,0.5806,0.5807,0.5805,0.5806,709.2
2023-08-19 09:00:00,1692435600.0,0.5806,0.5807,0.5802,0.5803,57060.7
2023-08-19 09:01:00,1692435660.0,0.5803,0.5804,0.5799,0.5801,74447.8
2023-08-19 09:02:00,1692435720.0,0.5802,0.5804,0.58,0.5802,27655.4
2023-08-19 09:03:00,1692435780.0,0.5801,0.5801,0.5799,0.58,1436.6
2023-08-19 09:04:00,1692435840.0,0.5799,0.5801,0.5798,0.5801,12139.9
2023-08-19 09:05:00,1692435900.0,0.58,0.58,0.5792,0.5794,166046.1
2023-08-19 09:06:00,1692435960.0,0.5794,0.5798,0.5794,0.5797,25061.7
2023-08-19 09:07:00,1692436020.0,0.5797,0.5798,0.5796,0.5798,6340.8
2023-08-19 09:08:00,1692436080.0,0.5798,0.5798,0.5795,0.5797,34143.6
2023-08-19 09:09:00,1692436140.0,0.5798,0.5801,0.5797,0.58,14019.3
2023-08-19 09:10:00,1692436200.0,0.5801,0.5803,0.58,0.5802,25540.9
2023-08-19 09:11:00,1692436260.0,0.5802,0.5803,0.5801,0.5803,7031.3
2023-08-19 09:12:00,1692436320.0,0.5802,0.5803,0.58,0.5803,6347.9
2023-08-19 09:13:00,1692436380.0,0.5803,0.5805,0.5802,0.5805,17790.8
2023-08-19 09:14:00,1692436440.0,0.5805,0.5807,0.5804,0.5807,8977.2
2023-08-19 09:15:00,1692436500.0,0.5807,0.5812,0.5807,0.5809,86967.5
2023-08-19 09:16:00,1692436560.0,0.5808,0.5809,0.5806,0.5806,18839.7
2023-08-19 09:17:00,1692436620.0,0.5805,0.5805,0.5802,0.5802,9527.3
2023-08-19 09:18:00,1692436680.0,0.5802,0.5803,0.5802,0.5803,2582.9
2023-08-19 09:19:00,1692436740.0,0.5803,0.5803,0.5801,0.5802,6811.9
2023-08-19 09:20:00,1692436800.0,0.5802,0.5803,0.5801,0.5803,5210.8
2023-08-19 09:21:00,1692436860.0,0.5803,0.5805,0.5802,0.5804,23433.0
2023-08-19 09:22:00,1692436920.0,0.5805,0.5807,0.5805,0.5806,6095.2
2023-08-19 09:23:00,1692436980.0,0.5807,0.5807,0.5803,0.5803,23346.0
2023-08-19 09:24:00,1692437040.0,0.5804,0.5804,0.5803,0.5804,5199.9
2023-08-19 09:25:00,1692437100.0,0.5804,0.5807,0.5804,0.5805,15467.6
2023-08-19 09:26:00,1692437160.0,0.5806,0.5812,0.5805,0.5812,65223.8
2023-08-19 09:27:00,1692437220.0,0.5812,0.5816,0.5812,0.5816,39565.1
2023-08-19 09:28:00,1692437280.0,0.5815,0.5815,0.581,0.5813,32100.3
2023-08-19 09:29:00,1692437340.0,0.5812,0.5813,0.5805,0.5806,79399.8
2023-08-19 09:30:00,1692437400.0,0.5807,0.5809,0.5806,0.5808,14018.3
2023-08-19 09:31:00,1692437460.0,0.5808,0.5811,0.5804,0.5805,47165.3
2023-08-19 09:32:00,1692437520.0,0.5806,0.5808,0.58,0.58,28064.9
2023-08-19 09:33:00,1692437580.0,0.5801,0.5803,0.5796,0.5801,140778.9
2023-08-19 09:34:00,1692437640.0,0.5801,0.5803,0.58,0.5803,14212.7
2023-08-19 09:35:00,1692437700.0,0.5802,0.5806,0.5802,0.5805,24739.6
2023-08-19 09:36:00,1692437760.0,0.5806,0.5806,0.5804,0.5805,19419.6
2023-08-19 09:37:00,1692437820.0,0.5805,0.5805,0.5804,0.5804,10989.2
2023-08-19 09:38:00,1692437880.0,0.5804,0.5805,0.5803,0.5804,4650.9
2023-08-19 09:39:00,1692437940.0,0.5804,0.5813,0.5804,0.5812,24223.0
2023-08-19 09:40:00,1692438000.0,0.5811,0.5813,0.5809,0.5809,1241.0
2023-08-19 09:41:00,1692438060.0,0.5809,0.5811,0.5809,0.5811,1556.1
2023-08-19 09:42:00,1692438120.0,0.5811,0.5814,0.5811,0.5813,5558.0
2023-08-19 09:43:00,1692438180.0,0.5813,0.5814,0.5811,0.5812,6715.5
2023-08-19 09:44:00,1692438240.0,0.5814,0.5816,0.5814,0.5814,28867.9
2023-08-19 09:45:00,1692438300.0,0.5814,0.5818,0.5814,0.5818,10568.1
2023-08-19 09:46:00,1692438360.0,0.5817,0.582,0.5817,0.5818,23641.3
2023-08-19 09:47:00,1692438420.0,0.5818,0.5822,0.5818,0.5822,52511.7
2023-08-19 09:48:00,1692438480.0,0.5822,0.5824,0.5817,0.5818,79826.9
2023-08-19 09:49:00,1692438540.0,0.5818,0.5819,0.5815,0.5816,18492.7
2023-08-19 09:50:00,1692438600.0,0.5817,0.5817,0.5813,0.5814,10168.8
2023-08-19 09:51:00,1692438660.0,0.5813,0.5814,0.5812,0.5812,4049.4
2023-08-19 09:52:00,1692438720.0,0.5812,0.5814,0.5811,0.5811,11685.6
2023-08-19 09:53:00,1692438780.0,0.5812,0.5813,0.5811,0.5812,9466.6
2023-08-19 09:54:00,1692438840.0,0.5812,0.5815,0.5812,0.5815,4281.0
2023-08-19 09:55:00,1692438900.0,0.5815,0.5816,0.5811,0.5812,41082.4
2023-08-19 09:56:00,1692438960.0,0.5813,0.5813,0.5811,0.5812,13181.4
2023-08-19 09:57:00,1692439020.0,0.5813,0.5814,0.5813,0.5814,1389.4
2023-08-19 09:58:00,1692439080.0,0.5814,0.5815,0.5814,0.5815,6027.7
2023-08-19 09:59:00,1692439140.0,0.5815,0.5816,0.5815,0.5816,4284.7
2023-08-19 10:00:00,1692439200.0,0.5816,0.5819,0.5815,0.5819,11528.3
2023-08-19 10:01:00,1692439260.0,0.582,0.582,0.5819,0.5819,1640.4
2023-08-19 10:02:00,1692439320.0,0.582,0.5823,0.5819,0.5823,15545.6
2023-08-19 10:03:00,1692439380.0,0.5822,0.5822,0.5821,0.5821,2154.0
2023-08-19 10:04:00,1692439440.0,0.5821,0.5821,0.5818,0.5819,5314.1
2023-08-19 10:05:00,1692439500.0,0.5819,0.5819,0.5813,0.5813,22752.0
2023-08-19 10:06:00,1692439560.0,0.5813,0.5815,0.5813,0.5814,11872.7
2023-08-19 10:07:00,1692439620.0,0.5814,0.5815,0.5812,0.5814,13054.2
2023-08-19 10:08:00,1692439680.0,0.5815,0.5817,0.5815,0.5815,12341.2
2023-08-19 10:09:00,1692439740.0,0.5816,0.5817,0.5816,0.5817,1880.5
2023-08-19 10:10:00,1692439800.0,0.5817,0.5817,0.5815,0.5816,2559.3
2023-08-19 10:11:00,1692439860.0,0.5816,0.5819,0.5816,0.5818,12581.0
2023-08-19 10:12:00,1692439920.0,0.5817,0.582,0.5817,0.582,11276.8
2023-08-19 10:13:00,1692439980.0,0.582,0.5822,0.5819,0.5821,26209.5
2023-08-19 10:14:00,1692440040.0,0.582,0.5821,0.582,0.582,4346.5
2023-08-19 10:15:00,1692440100.0,0.582,0.5822,0.5818,0.5821,16194.1
2023-08-19 10:16:00,1692440160.0,0.5821,0.5821,0.5819,0.5819,3694.6
2023-08-19 10:17:00,1692440220.0,0.5819,0.5822,0.5819,0.582,5610.0
2023-08-19 10:18:00,1692440280.0,0.582,0.582,0.5818,0.5818,10850.1
2023-08-19 10:19:00,1692440340.0,0.5817,0.5817,0.5815,0.5815,8935.7
2023-08-19 10:20:00,1692440400.0,0.5814,0.5815,0.5812,0.5812,13894.5
2023-08-19 10:21:00,1692440460.0,0.5813,0.5815,0.5813,0.5813,13777.5
2023-08-19 10:22:00,1692440520.0,0.5814,0.5814,0.5813,0.5813,4534.1
2023-08-19 10:23:00,1692440580.0,0.5813,0.5813,0.5812,0.5812,7394.3
2023-08-19 10:24:00,1692440640.0,0.5812,0.5813,0.5812,0.5812,832.3
2023-08-19 10:25:00,1692440700.0,0.5813,0.5821,0.5812,0.5821,19315.0
2023-08-19 10:26:00,1692440760.0,0.5821,0.5821,0.582,0.582,2387.7
2023-08-19 10:27:00,1692440820.0,0.5821,0.5821,0.582,0.582,2851.7
2023-08-19 10:28:00,1692440880.0,0.5821,0.5823,0.5821,0.5821,4233.2
2023-08-19 10:29:00,1692440940.0,0.5821,0.5821,0.5818,0.5818,7424.6
2023-08-19 10:30:00,1692441000.0,0.5818,0.5821,0.5817,0.5817,12546.6
2023-08-19 10:31:00,1692441060.0,0.5816,0.5816,0.5812,0.5812,5626.5
2023-08-19 10:32:00,1692441120.0,0.5812,0.5814,0.5809,0.581,36629.4
2023-08-19 10:33:00,1692441180.0,0.581,0.5812,0.5809,0.5811,10087.6
2023-08-19 10:34:00,1692441240.0,0.5812,0.5814,0.5809,0.5812,19628.2
2023-08-19 10:35:00,1692441300.0,0.5812,0.5814,0.5812,0.5813,10582.7
2023-08-19 10:36:00,1692441360.0,0.5813,0.5814,0.5813,0.5814,2684.8
2023-08-19 10:37:00,1692441420.0,0.5814,0.5814,0.5813,0.5814,2034.2
2023-08-19 10:38:00,1692441480.0,0.5814,0.5814,0.581,0.5811,28028.6
2023-08-19 10:39:00,1692441540.0,0.5811,0.5811,0.5808,0.5809,5207.7
2023-08-19 10:40:00,1692441600.0,0.5807,0.5808,0.5805,0.5807,10842.7
2023-08-19 10:41:00,1692441660.0,0.5807,0.5814,0.5807,0.5814,96863.8
2023-08-19 10:42:00,1692441720.0,0.5813,0.5813,0.5812,0.5812,4107.0
2023-08-19 10:43:00,1692441780.0,0.5812,0.5813,0.5812,0.5813,2938.0
2023-08-19 10:44:00,1692441840.0,0.5813,0.5814,0.5811,0.5811,2787.2
2023-08-19 10:45:00,1692441900.0,0.5812,0.5816,0.5811,0.5816,13648.0
2023-08-19 10:46:00,1692441960.0,0.5815,0.5816,0.5812,0.5812,13794.7
2023-08-19 10:47:00,1692442020.0,0.5813,0.5817,0.5812,0.5817,23009.4
2023-08-19 10:48:00,1692442080.0,0.5817,0.5817,0.5816,0.5817,1999.6
2023-08-19 10:49:00,1692442140.0,0.5817,0.5817,0.5816,0.5817,4103.0
2023-08-19 10:50:00,1692442200.0,0.5818,0.5818,0.5817,0.5818,3187.2
2023-08-19 10:51:00,1692442260.0,0.5817,0.5817,0.5812,0.5812,52093.4
2023-08-19 10:52:00,1692442320.0,0.5812,0.5812,0.5805,0.5806,98318.1
2023-08-19 10:53:00,1692442380.0,0.5805,0.5806,0.5804,0.5804,4257.2
2023-08-19 10:54:00,1692442440.0,0.5804,0.5804,0.5801,0.5801,3840.4
2023-08-19 10:55:00,1692442500.0,0.5802,0.5806,0.5801,0.5805,66753.7
2023-08-19 10:56:00,1692442560.0,0.5808,0.5808,0.5806,0.5806,2939.1
2023-08-19 10:57:00,1692442620.0,0.5806,0.5807,0.5804,0.5804,10584.7
2023-08-19 10:58:00,1692442680.0,0.5804,0.5806,0.5804,0.5805,9011.0
2023-08-19 10:59:00,1692442740.0,0.5806,0.5807,0.5805,0.5806,11173.2
2023-08-19 11:00:00,1692442800.0,0.5806,0.5807,0.5804,0.5804,17374.1
2023-08-19 11:01:00,1692442860.0,0.5803,0.5803,0.5802,0.5802,6622.1
2023-08-19 11:02:00,1692442920.0,0.5801,0.5801,0.5799,0.5799,29313.7
2023-08-19 11:03:00,1692442980.0,0.5799,0.5801,0.5799,0.58,13171.2
2023-08-19 11:04:00,1692443040.0,0.5801,0.5803,0.5801,0.5803,14158.2
2023-08-19 11:05:00,1692443100.0,0.5803,0.5803,0.5801,0.5801,7698.8
2023-08-19 11:06:00,1692443160.0,0.58,0.5801,0.5799,0.58,6970.0
2023-08-19 11:07:00,1692443220.0,0.58,0.5804,0.5799,0.5804,22185.1
2023-08-19 11:08:00,1692443280.0,0.5805,0.5805,0.5802,0.5803,4479.5
2023-08-19 11:09:00,1692443340.0,0.5801,0.5803,0.5801,0.5803,22072.2
2023-08-19 11:10:00,1692443400.0,0.5803,0.5803,0.5802,0.5803,626.5
2023-08-19 11:11:00,1692443460.0,0.5802,0.5803,0.5802,0.5802,13274.8
2023-08-19 11:12:00,1692443520.0,0.5802,0.5803,0.5797,0.58,45757.4
2023-08-19 11:13:00,1692443580.0,0.58,0.5801,0.5799,0.5799,5970.1
2023-08-19 11:14:00,1692443640.0,0.58,0.5801,0.5798,0.5798,24507.1
2023-08-19 11:15:00,1692443700.0,0.5798,0.58,0.5797,0.5799,22129.9
2023-08-19 11:16:00,1692443760.0,0.58,0.58,0.5797,0.5797,6488.2
2023-08-19 11:17:00,1692443820.0,0.5797,0.5797,0.5792,0.5792,43852.0
2023-08-19 11:18:00,1692443880.0,0.5792,0.5794,0.5792,0.5792,9142.1
2023-08-19 11:19:00,1692443940.0,0.5792,0.5792,0.5789,0.579,8344.7
2023-08-19 11:20:00,1692444000.0,0.5789,0.5794,0.5789,0.5794,53549.4
2023-08-19 11:21:00,1692444060.0,0.5793,0.5793,0.579,0.579,17147.8
2023-08-19 11:22:00,1692444120.0,0.5791,0.5794,0.5791,0.5792,5293.1
2023-08-19 11:23:00,1692444180.0,0.5791,0.5793,0.5791,0.5792,19725.0
2023-08-19 11:24:00,1692444240.0,0.5792,0.5793,0.5791,0.5793,4993.7
2023-08-19 11:25:00,1692444300.0,0.5793,0.5793,0.5788,0.5792,24234.7
2023-08-19 11:26:00,1692444360.0,0.5791,0.5793,0.5791,0.5793,1834.9
2023-08-19 11:27:00,1692444420.0,0.5793,0.5793,0.5792,0.5793,1105.4
2023-08-19 11:28:00,1692444480.0,0.5793,0.5793,0.5789,0.5789,4584.3
2023-08-19 11:29:00,1692444540.0,0.5789,0.579,0.5789,0.579,4378.8
2023-08-19 11:30:00,1692444600.0,0.579,0.5793,0.579,0.5793,7734.5
2023-08-19 11:31:00,1692444660.0,0.5792,0.5796,0.5792,0.5793,37134.5
2023-08-19 11:32:00,1692444720.0,0.5794,0.5795,0.5793,0.5795,8301.4
2023-08-19 11:33:00,1692444780.0,0.5794,0.5795,0.5794,0.5795,6884.4
2023-08-19 11:34:00,1692444840.0,0.5796,0.5799,0.5796,0.5798,4801.9
2023-08-19 11:35:00,1692444900.0,0.5799,0.58,0.5797,0.5797,34016.2
2023-08-19 11:36:00,1692444960.0,0.5799,0.5801,0.5795,0.5797,18763.7
2023-08-19 11:37:00,1692445020.0,0.5796,0.5799,0.5796,0.5799,28964.3
2023-08-19 11:38:00,1692445080.0,0.5798,0.5799,0.5797,0.5798,10261.8
2023-08-19 11:39:00,1692445140.0,0.5798,0.5798,0.5795,0.5796,26889.4
2023-08-19 11:40:00,1692445200.0,0.5795,0.5795,0.5792,0.5792,6464.3
2023-08-19 11:41:00,1692445260.0,0.5792,0.5792,0.5786,0.5787,27803.5
2023-08-19 11:42:00,1692445320.0,0.5786,0.5786,0.5782,0.5782,99760.7
2023-08-19 11:43:00,1692445380.0,0.5783,0.5786,0.5782,0.5786,44281.3
2023-08-19 11:44:00,1692445440.0,0.5786,0.5786,0.5784,0.5785,8698.1
2023-08-19 11:45:00,1692445500.0,0.5785,0.5786,0.5784,0.5785,3049.3
2023-08-19 11:46:00,1692445560.0,0.5785,0.5786,0.5785,0.5786,16736.0
2023-08-19 11:47:00,1692445620.0,0.5785,0.5786,0.5783,0.5783,11887.2
2023-08-19 11:48:00,1692445680.0,0.5783,0.5784,0.5783,0.5784,5252.2
2023-08-19 11:49:00,1692445740.0,0.5784,0.5784,0.5783,0.5783,4010.3
2023-08-19 11:50:00,1692445800.0,0.5783,0.5786,0.5783,0.5786,16706.1
2023-08-19 11:51:00,1692445860.0,0.5785,0.5787,0.5785,0.5786,7752.7
2023-08-19 11:52:00,1692445920.0,0.5787,0.5791,0.5787,0.579,10884.3
2023-08-19 11:53:00,1692445980.0,0.579,0.5791,0.5789,0.579,6653.0
2023-08-19 11:54:00,1692446040.0,0.5791,0.5793,0.5791,0.5791,4336.0
2023-08-19 11:55:00,1692446100.0,0.579,0.5797,0.579,0.5796,35809.0
2023-08-19 11:56:00,1692446160.0,0.5797,0.5797,0.5792,0.5792,7824.7
2023-08-19 11:57:00,1692446220.0,0.5792,0.5792,0.5788,0.5789,19038.0
2023-08-19 11:58:00,1692446280.0,0.5788,0.5791,0.5787,0.5787,3379.8
2023-08-19 11:59:00,1692446340.0,0.5787,0.5788,0.5787,0.5788,5038.6
2023-08-19 12:00:00,1692446400.0,0.5788,0.5793,0.5788,0.5793,15640.3
2023-08-19 12:01:00,1692446460.0,0.5793,0.5793,0.579,0.5791,4994.8
2023-08-19 12:02:00,1692446520.0,0.5791,0.5791,0.5789,0.579,3375.0
2023-08-19 12:03:00,1692446580.0,0.5791,0.5791,0.579,0.579,2190.3
2023-08-19 12:04:00,1692446640.0,0.579,0.579,0.5787,0.5788,5578.6
2023-08-19 12:05:00,1692446700.0,0.5787,0.5791,0.5787,0.5791,2373.9
2023-08-19 12:06:00,1692446760.0,0.5791,0.5795,0.5791,0.5793,12991.3
2023-08-19 12:07:00,1692446820.0,0.5793,0.5793,0.5789,0.579,14404.8
2023-08-19 12:08:00,1692446880.0,0.579,0.5791,0.579,0.579,7696.7
2023-08-19 12:09:00,1692446940.0,0.5791,0.5791,0.5788,0.579,11219.5
2023-08-19 12:10:00,1692447000.0,0.5789,0.579,0.5788,0.5789,6950.6
2023-08-19 12:11:00,1692447060.0,0.5789,0.5789,0.5785,0.5786,19916.0
2023-08-19 12:12:00,1692447120.0,0.5785,0.5785,0.5779,0.5781,54044.8
2023-08-19 12:13:00,1692447180.0,0.5782,0.5782,0.5779,0.5779,11795.2
2023-08-19 12:14:00,1692447240.0,0.5779,0.578,0.5775,0.5777,64787.6
2023-08-19 12:15:00,1692447300.0,0.5777,0.578,0.5775,0.578,15232.0
2023-08-19 12:16:00,1692447360.0,0.578,0.578,0.5779,0.5779,5835.5
2023-08-19 12:17:00,1692447420.0,0.5778,0.5785,0.5778,0.5782,21735.2
2023-08-19 12:18:00,1692447480.0,0.5783,0.5785,0.5783,0.5784,9948.0
2023-08-19 12:19:00,1692447540.0,0.5784,0.5786,0.5784,0.5785,8245.1
2023-08-19 12:20:00,1692447600.0,0.5785,0.5786,0.5785,0.5785,4918.9
2023-08-19 12:21:00,1692447660.0,0.5786,0.5786,0.5785,0.5785,5485.9
2023-08-19 12:22:00,1692447720.0,0.5784,0.5785,0.5782,0.5782,47951.2
2023-08-19 12:23:00,1692447780.0,0.5782,0.5782,0.5776,0.5778,25225.5
2023-08-19 12:24:00,1692447840.0,0.5777,0.5779,0.5777,0.5778,5323.9
2023-08-19 12:25:00,1692447900.0,0.5779,0.5784,0.5778,0.5783,13114.1
2023-08-19 12:26:00,1692447960.0,0.5783,0.5784,0.5783,0.5783,12356.4
2023-08-19 12:27:00,1692448020.0,0.5784,0.5784,0.5782,0.5783,15639.3
2023-08-19 12:28:00,1692448080.0,0.5782,0.5782,0.5773,0.5773,101390.6
2023-08-19 12:29:00,1692448140.0,0.5773,0.5774,0.5771,0.5771,28572.0
2023-08-19 12:30:00,1692448200.0,0.5771,0.5774,0.5771,0.5772,39284.2
2023-08-19 12:31:00,1692448260.0,0.5773,0.5773,0.577,0.577,10041.6
2023-08-19 12:32:00,1692448320.0,0.577,0.5774,0.577,0.5774,11666.3
2023-08-19 12:33:00,1692448380.0,0.5774,0.5776,0.5772,0.5774,30281.1
2023-08-19 12:34:00,1692448440.0,0.5775,0.5778,0.5775,0.5776,28353.2
2023-08-19 12:35:00,1692448500.0,0.5776,0.5779,0.5775,0.5778,49626.6
2023-08-19 12:36:00,1692448560.0,0.5777,0.5783,0.5777,0.5783,10102.5
2023-08-19 12:37:00,1692448620.0,0.5783,0.5784,0.5782,0.5782,16652.6
2023-08-19 12:38:00,1692448680.0,0.5781,0.5787,0.5781,0.5787,157413.9
2023-08-19 12:39:00,1692448740.0,0.5787,0.5787,0.5783,0.5783,60458.8
2023-08-19 12:40:00,1692448800.0,0.5781,0.5781,0.5772,0.5773,37334.6
2023-08-19 12:41:00,1692448860.0,0.5773,0.5773,0.5769,0.5773,33066.1
2023-08-19 12:42:00,1692448920.0,0.5773,0.5776,0.5772,0.5774,23270.2
2023-08-19 12:43:00,1692448980.0,0.5773,0.5775,0.5772,0.5775,24079.8
2023-08-19 12:44:00,1692449040.0,0.5776,0.578,0.5776,0.5776,28524.5
2023-08-19 12:45:00,1692449100.0,0.5777,0.5781,0.5777,0.5781,13106.2
2023-08-19 12:46:00,1692449160.0,0.5781,0.5782,0.5779,0.578,27047.8
2023-08-19 12:47:00,1692449220.0,0.578,0.578,0.5775,0.5776,8688.4
2023-08-19 12:48:00,1692449280.0,0.5775,0.5776,0.5775,0.5775,3117.8
2023-08-19 12:49:00,1692449340.0,0.5775,0.5779,0.5771,0.5771,25545.6
2023-08-19 12:50:00,1692449400.0,0.5771,0.5771,0.577,0.577,7344.1
2023-08-19 12:51:00,1692449460.0,0.577,0.5771,0.5769,0.5769,22001.5
2023-08-19 12:52:00,1692449520.0,0.5768,0.5769,0.5767,0.5768,31069.1
2023-08-19 12:53:00,1692449580.0,0.5767,0.5769,0.5766,0.5768,18231.3
2023-08-19 12:54:00,1692449640.0,0.5769,0.5771,0.5769,0.5771,9127.5
2023-08-19 12:55:00,1692449700.0,0.5771,0.5774,0.577,0.5774,37860.1
2023-08-19 12:56:00,1692449760.0,0.5774,0.5774,0.5772,0.5773,12232.7
2023-08-19 12:57:00,1692449820.0,0.5772,0.5772,0.577,0.577,1972.8
2023-08-19 12:58:00,1692449880.0,0.577,0.5771,0.5767,0.5768,8617.5
2023-08-19 12:59:00,1692449940.0,0.5768,0.5768,0.5766,0.5767,10188.4
2023-08-19 13:00:00,1692450000.0,0.5767,0.5768,0.5766,0.5768,25081.8
2023-08-19 13:01:00,1692450060.0,0.5768,0.577,0.5768,0.5768,7534.6
2023-08-19 13:02:00,1692450120.0,0.577,0.5771,0.5768,0.5768,22732.1
2023-08-19 13:03:00,1692450180.0,0.5768,0.5771,0.5768,0.577,9211.2
2023-08-19 13:04:00,1692450240.0,0.577,0.5776,0.577,0.5776,47666.1
2023-08-19 13:05:00,1692450300.0,0.5776,0.5776,0.5775,0.5776,5110.6
2023-08-19 13:06:00,1692450360.0,0.5776,0.5777,0.5775,0.5776,14648.5
2023-08-19 13:07:00,1692450420.0,0.5776,0.5777,0.5776,0.5777,934.7
2023-08-19 13:08:00,1692450480.0,0.5777,0.5782,0.5777,0.5782,28591.5
2023-08-19 13:09:00,1692450540.0,0.5781,0.5782,0.5779,0.578,32087.0
2023-08-19 13:10:00,1692450600.0,0.578,0.578,0.5777,0.578,12154.2
2023-08-19 13:11:00,1692450660.0,0.5781,0.5781,0.5779,0.578,4799.0
2023-08-19 13:12:00,1692450720.0,0.578,0.5781,0.5778,0.5781,8130.1
2023-08-19 13:13:00,1692450780.0,0.5781,0.5782,0.578,0.5781,6464.9
2023-08-19 13:14:00,1692450840.0,0.578,0.5781,0.578,0.5781,971.0
2023-08-19 13:15:00,1692450900.0,0.5781,0.5786,0.578,0.5781,25612.4
2023-08-19 13:16:00,1692450960.0,0.5781,0.5781,0.5779,0.5779,7982.4
2023-08-19 13:17:00,1692451020.0,0.5778,0.5778,0.5774,0.5775,5416.1
2023-08-19 13:18:00,1692451080.0,0.5774,0.5775,0.5774,0.5775,958.4
2023-08-19 13:19:00,1692451140.0,0.5775,0.5775,0.5772,0.5774,16414.8
2023-08-19 13:20:00,1692451200.0,0.5773,0.5777,0.5773,0.5777,5852.2
2023-08-19 13:21:00,1692451260.0,0.5776,0.5777,0.5774,0.5777,14239.7
2023-08-19 13:22:00,1692451320.0,0.5777,0.5777,0.5776,0.5777,22858.3
2023-08-19 13:23:00,1692451380.0,0.5776,0.5777,0.5776,0.5776,1121.2
2023-08-19 13:24:00,1692451440.0,0.5776,0.5781,0.5776,0.578,13422.6
2023-08-19 13:25:00,1692451500.0,0.5781,0.5786,0.5781,0.5785,9056.6
2023-08-19 13:26:00,1692451560.0,0.5784,0.5792,0.5783,0.579,45539.0
2023-08-19 13:27:00,1692451620.0,0.5791,0.5793,0.579,0.5793,8535.3
2023-08-19 13:28:00,1692451680.0,0.5792,0.5792,0.5787,0.5787,15270.6
2023-08-19 13:29:00,1692451740.0,0.5786,0.5789,0.5786,0.5789,1156.7
2023-08-19 13:30:00,1692451800.0,0.5791,0.5791,0.5787,0.5788,2764.0
2023-08-19 13:31:00,1692451860.0,0.5788,0.5789,0.5785,0.5786,12511.3
2023-08-19 13:32:00,1692451920.0,0.5786,0.5789,0.5786,0.5789,8568.4
2023-08-19 13:33:00,1692451980.0,0.5787,0.5788,0.5787,0.5787,6252.3
2023-08-19 13:34:00,1692452040.0,0.5788,0.579,0.5787,0.5789,11896.7
2023-08-19 13:35:00,1692452100.0,0.579,0.5791,0.5789,0.5789,8231.6
2023-08-19 13:36:00,1692452160.0,0.579,0.579,0.5787,0.5787,10827.0
2023-08-19 13:37:00,1692452220.0,0.5787,0.5788,0.5782,0.5782,6480.7
2023-08-19 13:38:00,1692452280.0,0.5783,0.5784,0.5781,0.5781,18093.6
2023-08-19 13:39:00,1692452340.0,0.5782,0.5782,0.5781,0.5781,5631.4
2023-08-19 13:40:00,1692452400.0,0.5782,0.5784,0.5781,0.5783,13608.6
2023-08-19 13:41:00,1692452460.0,0.5782,0.5783,0.5777,0.5778,48358.9
2023-08-19 13:42:00,1692452520.0,0.5778,0.5779,0.5778,0.5779,9750.9
2023-08-19 13:43:00,1692452580.0,0.5779,0.5779,0.5777,0.5778,8942.1
2023-08-19 13:44:00,1692452640.0,0.5777,0.5779,0.5777,0.5779,17540.4
2023-08-19 13:45:00,1692452700.0,0.5779,0.5779,0.5774,0.5775,13981.5
2023-08-19 13:46:00,1692452760.0,0.5774,0.5775,0.5774,0.5774,8878.9
2023-08-19 13:47:00,1692452820.0,0.5774,0.5775,0.577,0.5772,16334.6
2023-08-19 13:48:00,1692452880.0,0.5772,0.5773,0.5771,0.5773,13221.6
2023-08-19 13:49:00,1692452940.0,0.5774,0.5774,0.5771,0.5772,25664.2
2023-08-19 13:50:00,1692453000.0,0.5771,0.5775,0.5769,0.5772,20225.8
2023-08-19 13:51:00,1692453060.0,0.5772,0.5772,0.5769,0.5772,15480.4
2023-08-19 13:52:00,1692453120.0,0.5771,0.5774,0.5771,0.5773,13260.9
2023-08-19 13:53:00,1692453180.0,0.5772,0.5773,0.5769,0.577,12846.6
2023-08-19 13:54:00,1692453240.0,0.5769,0.5771,0.5769,0.577,28472.9
2023-08-19 13:55:00,1692453300.0,0.577,0.5774,0.577,0.5771,32246.1
2023-08-19 13:56:00,1692453360.0,0.5771,0.5771,0.5768,0.5769,13832.0
2023-08-19 13:57:00,1692453420.0,0.5769,0.5769,0.5768,0.5768,12579.8
2023-08-19 13:58:00,1692453480.0,0.5768,0.577,0.5768,0.5769,17355.1
2023-08-19 13:59:00,1692453540.0,0.577,0.577,0.5765,0.5765,109809.6
2023-08-19 14:00:00,1692453600.0,0.5766,0.5769,0.5766,0.5768,24957.8
2023-08-19 14:01:00,1692453660.0,0.577,0.577,0.5766,0.5767,14058.0
2023-08-19 14:02:00,1692453720.0,0.5768,0.5772,0.5768,0.5772,1547.0
2023-08-19 14:03:00,1692453780.0,0.5773,0.5773,0.5771,0.5771,3227.7
2023-08-19 14:04:00,1692453840.0,0.5772,0.5778,0.5772,0.5778,10343.1
2023-08-19 14:05:00,1692453900.0,0.5778,0.5782,0.5778,0.5781,18250.9
2023-08-19 14:06:00,1692453960.0,0.5781,0.5782,0.5781,0.5781,5323.3
2023-08-19 14:07:00,1692454020.0,0.5781,0.5784,0.5781,0.5784,26174.1
2023-08-19 14:08:00,1692454080.0,0.5785,0.5788,0.5785,0.5788,6287.4
2023-08-19 14:09:00,1692454140.0,0.5786,0.5786,0.5781,0.5781,10821.4
2023-08-19 14:10:00,1692454200.0,0.5781,0.5784,0.5781,0.5784,17815.7
2023-08-19 14:11:00,1692454260.0,0.5783,0.5784,0.5783,0.5784,5815.4
2023-08-19 14:12:00,1692454320.0,0.5783,0.5786,0.5783,0.5785,1438.3
2023-08-19 14:13:00,1692454380.0,0.5786,0.5788,0.5782,0.5784,112293.1
2023-08-19 14:14:00,1692454440.0,0.5783,0.5785,0.5783,0.5785,21349.1
2023-08-19 14:15:00,1692454500.0,0.5785,0.579,0.5785,0.5789,42698.1
2023-08-19 14:16:00,1692454560.0,0.5788,0.5789,0.5786,0.5786,4444.0
2023-08-19 14:17:00,1692454620.0,0.5787,0.5789,0.5787,0.5789,2048.2
2023-08-19 14:18:00,1692454680.0,0.5788,0.579,0.5788,0.579,3478.3
2023-08-19 14:19:00,1692454740.0,0.5789,0.579,0.5788,0.5789,4503.3
2023-08-19 14:20:00,1692454800.0,0.5788,0.5788,0.5783,0.5783,2652.6
2023-08-19 14:21:00,1692454860.0,0.5783,0.5783,0.5779,0.578,11551.9
2023-08-19 14:22:00,1692454920.0,0.578,0.5781,0.578,0.578,8095.0
2023-08-19 14:23:00,1692454980.0,0.578,0.5784,0.578,0.5783,6660.3
2023-08-19 14:24:00,1692455040.0,0.5783,0.5784,0.5782,0.5784,14538.7
2023-08-19 14:25:00,1692455100.0,0.5784,0.5784,0.5778,0.5779,24371.2
2023-08-19 14:26:00,1692455160.0,0.5778,0.5785,0.5778,0.5785,19420.9
2023-08-19 14:27:00,1692455220.0,0.5785,0.5791,0.5785,0.5791,22992.2
2023-08-19 14:28:00,1692455280.0,0.5791,0.5798,0.5791,0.5792,141804.8
2023-08-19 14:29:00,1692455340.0,0.5792,0.5794,0.579,0.5794,15120.3
2023-08-19 14:30:00,1692455400.0,0.5793,0.5793,0.5788,0.579,11731.3
2023-08-19 14:31:00,1692455460.0,0.5788,0.5795,0.5788,0.5793,20721.3
2023-08-19 14:32:00,1692455520.0,0.5796,0.5798,0.5795,0.5796,24767.9
2023-08-19 14:33:00,1692455580.0,0.5796,0.5797,0.5792,0.5793,1933.3
2023-08-19 14:34:00,1692455640.0,0.5793,0.5795,0.579,0.5793,20155.5
2023-08-19 14:35:00,1692455700.0,0.5793,0.5795,0.5789,0.5789,4270.4
2023-08-19 14:36:00,1692455760.0,0.5789,0.579,0.5786,0.5786,8973.7
2023-08-19 14:37:00,1692455820.0,0.5786,0.5787,0.5784,0.5785,20549.0
2023-08-19 14:38:00,1692455880.0,0.5784,0.5788,0.5784,0.5787,8413.4
2023-08-19 14:39:00,1692455940.0,0.5788,0.5789,0.5786,0.5789,2460.1
2023-08-19 14:40:00,1692456000.0,0.5788,0.579,0.5787,0.5787,14268.5
2023-08-19 14:41:00,1692456060.0,0.5787,0.5787,0.5783,0.5784,4158.8
2023-08-19 14:42:00,1692456120.0,0.5784,0.5784,0.5781,0.5783,5812.3
2023-08-19 14:43:00,1692456180.0,0.5782,0.5784,0.5782,0.5784,545.9
2023-08-19 14:44:00,1692456240.0,0.5783,0.5784,0.5783,0.5783,1933.5
2023-08-19 14:45:00,1692456300.0,0.5783,0.5788,0.5783,0.5787,53168.2
2023-08-19 14:46:00,1692456360.0,0.5788,0.5788,0.5782,0.5782,15573.8
2023-08-19 14:47:00,1692456420.0,0.5783,0.5787,0.5783,0.5786,9787.4
2023-08-19 14:48:00,1692456480.0,0.5785,0.5789,0.5784,0.5788,17693.6
2023-08-19 14:49:00,1692456540.0,0.5789,0.5791,0.5788,0.5791,7402.1
2023-08-19 14:50:00,1692456600.0,0.579,0.579,0.5787,0.5787,1169.4
2023-08-19 14:51:00,1692456660.0,0.5786,0.5787,0.5786,0.5787,837.3
2023-08-19 14:52:00,1692456720.0,0.5787,0.579,0.5786,0.5789,19792.3
2023-08-19 14:53:00,1692456780.0,0.5789,0.579,0.5788,0.5789,18081.7
2023-08-19 14:54:00,1692456840.0,0.5788,0.5788,0.5786,0.5787,3395.9
2023-08-19 14:55:00,1692456900.0,0.5787,0.5789,0.5784,0.5785,43134.4
2023-08-19 14:56:00,1692456960.0,0.5784,0.5784,0.5782,0.5784,10647.3
2023-08-19 14:57:00,1692457020.0,0.5785,0.5786,0.5784,0.5786,6775.8
2023-08-19 14:58:00,1692457080.0,0.5785,0.5786,0.5785,0.5786,1419.4
2023-08-19 14:59:00,1692457140.0,0.5786,0.5788,0.5785,0.5788,20233.4
2023-08-19 15:00:00,1692457200.0,0.5788,0.5791,0.5786,0.5787,14076.5
2023-08-19 15:01:00,1692457260.0,0.5788,0.5789,0.5785,0.5785,5060.8
2023-08-19 15:02:00,1692457320.0,0.5786,0.5786,0.5785,0.5785,1380.5
2023-08-19 15:03:00,1692457380.0,0.5786,0.5787,0.5785,0.5787,6492.9
2023-08-19 15:04:00,1692457440.0,0.5786,0.5786,0.5782,0.5782,23702.3
2023-08-19 15:05:00,1692457500.0,0.5782,0.5783,0.5781,0.5782,6099.8
2023-08-19 15:06:00,1692457560.0,0.5782,0.5794,0.5782,0.5789,61583.5
2023-08-19 15:07:00,1692457620.0,0.579,0.5806,0.579,0.5803,92935.2
2023-08-19 15:08:00,1692457680.0,0.5803,0.5816,0.5803,0.5813,166732.5
2023-08-19 15:09:00,1692457740.0,0.5812,0.5813,0.5807,0.5808,54745.0
2023-08-19 15:10:00,1692457800.0,0.5809,0.5809,0.5801,0.5802,15646.9
2023-08-19 15:11:00,1692457860.0,0.5801,0.5803,0.5798,0.5803,12134.5
2023-08-19 15:12:00,1692457920.0,0.5803,0.5816,0.5803,0.5815,111105.0
2023-08-19 15:13:00,1692457980.0,0.5813,0.5814,0.5805,0.5805,13345.9
2023-08-19 15:14:00,1692458040.0,0.5805,0.5805,0.5803,0.5804,5441.9
2023-08-19 15:15:00,1692458100.0,0.5805,0.581,0.5799,0.58,28313.4
2023-08-19 15:16:00,1692458160.0,0.5801,0.5809,0.5801,0.5809,50395.0
2023-08-19 15:17:00,1692458220.0,0.581,0.5812,0.5809,0.5812,10210.3
2023-08-19 15:18:00,1692458280.0,0.5813,0.5822,0.5811,0.582,90399.8
2023-08-19 15:19:00,1692458340.0,0.5818,0.5818,0.5809,0.5812,61247.0
2023-08-19 15:20:00,1692458400.0,0.5814,0.5814,0.5807,0.5808,65581.5
2023-08-19 15:21:00,1692458460.0,0.5808,0.5811,0.5804,0.5811,21481.1
2023-08-19 15:22:00,1692458520.0,0.5811,0.5816,0.5811,0.5814,85990.8
2023-08-19 15:23:00,1692458580.0,0.5815,0.5818,0.5814,0.5818,48240.7
2023-08-19 15:24:00,1692458640.0,0.5818,0.5819,0.5817,0.5818,34611.3
2023-08-19 15:25:00,1692458700.0,0.5817,0.5817,0.5814,0.5815,20832.4
2023-08-19 15:26:00,1692458760.0,0.5816,0.5816,0.5805,0.5808,54919.0
2023-08-19 15:27:00,1692458820.0,0.5808,0.5808,0.5804,0.5808,15626.4
2023-08-19 15:28:00,1692458880.0,0.5808,0.5809,0.5806,0.5808,4117.7
2023-08-19 15:29:00,1692458940.0,0.5807,0.5811,0.5807,0.5808,10946.9
2023-08-19 15:30:00,1692459000.0,0.5808,0.5809,0.5806,0.5806,20304.1
2023-08-19 15:31:00,1692459060.0,0.5807,0.5808,0.5803,0.5804,17992.0
2023-08-19 15:32:00,1692459120.0,0.5803,0.5807,0.5802,0.5807,23709.4
2023-08-19 15:33:00,1692459180.0,0.5806,0.5807,0.5804,0.5804,56158.4
2023-08-19 15:34:00,1692459240.0,0.5804,0.5807,0.5803,0.5805,38173.8
2023-08-19 15:35:00,1692459300.0,0.5805,0.5805,0.5802,0.5802,9435.8
2023-08-19 15:36:00,1692459360.0,0.5803,0.5805,0.5803,0.5804,20211.2
2023-08-19 15:37:00,1692459420.0,0.5804,0.5805,0.5802,0.5805,3941.5
2023-08-19 15:38:00,1692459480.0,0.5805,0.5807,0.5804,0.5807,14683.7
2023-08-19 15:39:00,1692459540.0,0.5807,0.5807,0.5804,0.5804,6981.2
2023-08-19 15:40:00,1692459600.0,0.5804,0.5807,0.5802,0.5807,17241.1
2023-08-19 15:41:00,1692459660.0,0.5806,0.5806,0.5805,0.5806,11643.9
2023-08-19 15:42:00,1692459720.0,0.5806,0.5814,0.5806,0.5811,41794.8
2023-08-19 15:43:00,1692459780.0,0.5812,0.5815,0.5812,0.5814,4939.1
2023-08-19 15:44:00,1692459840.0,0.5815,0.5817,0.5814,0.5816,6961.6
2023-08-19 15:45:00,1692459900.0,0.5817,0.5818,0.5813,0.5813,7839.5
2023-08-19 15:46:00,1692459960.0,0.5812,0.5824,0.5812,0.5818,160581.7
2023-08-19 15:47:00,1692460020.0,0.5818,0.582,0.5817,0.582,28309.5
2023-08-19 15:48:00,1692460080.0,0.582,0.5837,0.5819,0.5829,134684.8
2023-08-19 15:49:00,1692460140.0,0.583,0.5848,0.583,0.584,384734.1
2023-08-19 15:50:00,1692460200.0,0.5841,0.5849,0.5836,0.5838,230136.6
2023-08-19 15:51:00,1692460260.0,0.5838,0.5851,0.5838,0.5846,69538.8
2023-08-19 15:52:00,1692460320.0,0.5847,0.5854,0.5844,0.585,164248.9
2023-08-19 15:53:00,1692460380.0,0.585,0.5853,0.5846,0.5849,122479.4
2023-08-19 15:54:00,1692460440.0,0.5847,0.5853,0.5846,0.5853,82232.9
2023-08-19 15:55:00,1692460500.0,0.5853,0.5853,0.5837,0.5839,52573.6
2023-08-19 15:56:00,1692460560.0,0.5839,0.5844,0.5838,0.5838,37192.3
2023-08-19 15:57:00,1692460620.0,0.5839,0.5842,0.5836,0.5841,56844.0
2023-08-19 15:58:00,1692460680.0,0.5841,0.5841,0.5835,0.5836,35832.9
2023-08-19 15:59:00,1692460740.0,0.5836,0.5845,0.5836,0.5842,63541.3
2023-08-19 16:00:00,1692460800.0,0.5841,0.5845,0.5832,0.5833,65206.1
2023-08-19 16:01:00,1692460860.0,0.5833,0.5839,0.5832,0.5839,34784.6
2023-08-19 16:02:00,1692460920.0,0.584,0.5847,0.584,0.5843,24724.8
2023-08-19 16:03:00,1692460980.0,0.5841,0.5843,0.5838,0.5842,24047.8
2023-08-19 16:04:00,1692461040.0,0.5841,0.5845,0.5838,0.5845,37169.3
2023-08-19 16:05:00,1692461100.0,0.5846,0.5847,0.5841,0.5841,41344.7
2023-08-19 16:06:00,1692461160.0,0.5841,0.5841,0.5832,0.5832,45330.2
2023-08-19 16:07:00,1692461220.0,0.5832,0.5835,0.583,0.583,69987.5
2023-08-19 16:08:00,1692461280.0,0.583,0.5832,0.5825,0.5826,72523.4
2023-08-19 16:09:00,1692461340.0,0.5825,0.5832,0.5825,0.5831,9836.0
2023-08-19 16:10:00,1692461400.0,0.583,0.5832,0.5818,0.5822,68118.6
2023-08-19 16:11:00,1692461460.0,0.5823,0.5824,0.5822,0.5824,18211.9
2023-08-19 16:12:00,1692461520.0,0.5824,0.5829,0.5824,0.5828,17538.5
2023-08-19 16:13:00,1692461580.0,0.5827,0.5828,0.5824,0.5825,4456.6
2023-08-19 16:14:00,1692461640.0,0.5826,0.5829,0.5825,0.5829,21051.7
2023-08-19 16:15:00,1692461700.0,0.5829,0.5833,0.5826,0.5832,45045.1
2023-08-19 16:16:00,1692461760.0,0.583,0.5835,0.583,0.5834,60595.7
2023-08-19 16:17:00,1692461820.0,0.5834,0.5837,0.5833,0.5837,11377.0
2023-08-19 16:18:00,1692461880.0,0.5837,0.5842,0.5837,0.5839,70216.1
2023-08-19 16:19:00,1692461940.0,0.5839,0.5843,0.5837,0.5842,29037.8
2023-08-19 16:20:00,1692462000.0,0.5842,0.5842,0.5833,0.5833,102861.9
2023-08-19 16:21:00,1692462060.0,0.5832,0.5832,0.5827,0.5829,22416.0
2023-08-19 16:22:00,1692462120.0,0.5827,0.5834,0.5826,0.5834,9184.1
2023-08-19 16:23:00,1692462180.0,0.5834,0.5834,0.5829,0.583,12685.7
2023-08-19 16:24:00,1692462240.0,0.5829,0.5829,0.5825,0.5826,10460.1
2023-08-19 16:25:00,1692462300.0,0.5826,0.5827,0.5824,0.5826,9788.4
2023-08-19 16:26:00,1692462360.0,0.5826,0.5829,0.5826,0.5827,19796.3
2023-08-19 16:27:00,1692462420.0,0.5829,0.5831,0.5827,0.5828,26148.0
2023-08-19 16:28:00,1692462480.0,0.5828,0.5839,0.5828,0.5838,156704.8
2023-08-19 16:29:00,1692462540.0,0.5839,0.5842,0.5838,0.5841,41386.5
2023-08-19 16:30:00,1692462600.0,0.584,0.5841,0.584,0.584,12439.7
2023-08-19 16:31:00,1692462660.0,0.584,0.584,0.5829,0.5829,27740.7
2023-08-19 16:32:00,1692462720.0,0.5829,0.5832,0.5827,0.5829,44392.7
2023-08-19 16:33:00,1692462780.0,0.5829,0.5829,0.5825,0.5829,18999.3
2023-08-19 16:34:00,1692462840.0,0.5829,0.5833,0.5828,0.583,58991.6
2023-08-19 16:35:00,1692462900.0,0.5831,0.5833,0.583,0.5833,6859.1
2023-08-19 16:36:00,1692462960.0,0.5834,0.5838,0.5834,0.5836,24246.3
2023-08-19 16:37:00,1692463020.0,0.5836,0.5845,0.5836,0.5842,61973.8
2023-08-19 16:38:00,1692463080.0,0.5842,0.5847,0.5842,0.5846,25115.1
2023-08-19 16:39:00,1692463140.0,0.5845,0.5847,0.5841,0.5841,25042.7
2023-08-19 16:40:00,1692463200.0,0.5841,0.5846,0.5839,0.5839,37381.7
2023-08-19 16:41:00,1692463260.0,0.5838,0.5842,0.5838,0.5842,18438.2
2023-08-19 16:42:00,1692463320.0,0.5842,0.5845,0.5842,0.5844,15399.0
2023-08-19 16:43:00,1692463380.0,0.5844,0.5848,0.5844,0.5846,19616.0
2023-08-19 16:44:00,1692463440.0,0.5847,0.5857,0.5846,0.5855,91610.3
2023-08-19 16:45:00,1692463500.0,0.5854,0.5861,0.5853,0.5854,88073.4
2023-08-19 16:46:00,1692463560.0,0.5854,0.5862,0.5853,0.5856,106814.8
2023-08-19 16:47:00,1692463620.0,0.5857,0.5883,0.5857,0.5872,204108.3
2023-08-19 16:48:00,1692463680.0,0.5871,0.5872,0.5863,0.5869,76641.2
2023-08-19 16:49:00,1692463740.0,0.5869,0.5871,0.5868,0.587,39005.6
2023-08-19 16:50:00,1692463800.0,0.5867,0.587,0.5861,0.5861,32140.9
2023-08-19 16:51:00,1692463860.0,0.5861,0.5862,0.5856,0.586,110543.6
2023-08-19 16:52:00,1692463920.0,0.5859,0.5865,0.5859,0.5863,29131.2
2023-08-19 16:53:00,1692463980.0,0.5865,0.5866,0.5862,0.5863,9105.8
2023-08-19 16:54:00,1692464040.0,0.5865,0.5871,0.5865,0.5871,32207.1
2023-08-19 16:55:00,1692464100.0,0.5872,0.5879,0.587,0.5879,115717.8
2023-08-19 16:56:00,1692464160.0,0.588,0.588,0.5873,0.5879,68011.3
2023-08-19 16:57:00,1692464220.0,0.5879,0.5881,0.5874,0.5876,56606.3
2023-08-19 16:58:00,1692464280.0,0.5876,0.5877,0.5873,0.5874,19154.3
2023-08-19 16:59:00,1692464340.0,0.5874,0.5879,0.5872,0.5872,136353.2
2023-08-19 17:00:00,1692464400.0,0.5871,0.5875,0.5869,0.5873,114358.0
2023-08-19 17:01:00,1692464460.0,0.5873,0.5876,0.586,0.5861,316855.6
2023-08-19 17:02:00,1692464520.0,0.5862,0.5865,0.5859,0.5859,47312.0
2023-08-19 17:03:00,1692464580.0,0.5859,0.5864,0.5859,0.5864,43666.0
2023-08-19 17:04:00,1692464640.0,0.5865,0.5865,0.5861,0.5861,7307.4
2023-08-19 17:05:00,1692464700.0,0.5861,0.5864,0.5857,0.5858,8729.4
2023-08-19 17:06:00,1692464760.0,0.5858,0.5858,0.5852,0.5853,59998.5
2023-08-19 17:07:00,1692464820.0,0.5852,0.5858,0.5852,0.5857,17395.2
2023-08-19 17:08:00,1692464880.0,0.5856,0.5858,0.5848,0.5851,31116.4
2023-08-19 17:09:00,1692464940.0,0.585,0.585,0.5845,0.585,34729.5
2023-08-19 17:10:00,1692465000.0,0.5849,0.585,0.5843,0.5846,29023.5
2023-08-19 17:11:00,1692465060.0,0.5848,0.5848,0.5842,0.5846,25487.2
2023-08-19 17:12:00,1692465120.0,0.5846,0.5847,0.5842,0.5846,17459.9
2023-08-19 17:13:00,1692465180.0,0.5844,0.5847,0.584,0.5841,12654.5
2023-08-19 17:14:00,1692465240.0,0.5841,0.5841,0.5836,0.5838,36754.9
2023-08-19 17:15:00,1692465300.0,0.5837,0.5842,0.5837,0.5842,970.9
2023-08-19 17:16:00,1692465360.0,0.5842,0.5842,0.5835,0.5837,19410.6
2023-08-19 17:17:00,1692465420.0,0.5835,0.5836,0.5826,0.5827,64679.3
2023-08-19 17:18:00,1692465480.0,0.5827,0.583,0.5825,0.5827,13523.8
2023-08-19 17:19:00,1692465540.0,0.5827,0.5829,0.5826,0.5826,16541.1
2023-08-19 17:20:00,1692465600.0,0.5825,0.5825,0.5807,0.5819,204890.0
2023-08-19 17:21:00,1692465660.0,0.5819,0.5822,0.5818,0.5819,21263.5
2023-08-19 17:22:00,1692465720.0,0.5819,0.5825,0.5819,0.5825,7816.4
2023-08-19 17:23:00,1692465780.0,0.5825,0.5826,0.5822,0.5824,2449.1
2023-08-19 17:24:00,1692465840.0,0.5825,0.5825,0.5817,0.5817,21002.6
2023-08-19 17:25:00,1692465900.0,0.5818,0.582,0.5814,0.5817,8973.7
2023-08-19 17:26:00,1692465960.0,0.5816,0.5817,0.5811,0.5817,23603.1
2023-08-19 17:27:00,1692466020.0,0.5816,0.5816,0.5811,0.5812,37856.1
2023-08-19 17:28:00,1692466080.0,0.5812,0.5814,0.5811,0.5814,7236.5
2023-08-19 17:29:00,1692466140.0,0.5814,0.5816,0.5812,0.5815,36959.3
2023-08-19 17:30:00,1692466200.0,0.5816,0.582,0.5814,0.582,63467.1
2023-08-19 17:31:00,1692466260.0,0.582,0.5821,0.5815,0.5815,22630.3
2023-08-19 17:32:00,1692466320.0,0.5816,0.5821,0.5816,0.582,33436.8
2023-08-19 17:33:00,1692466380.0,0.5819,0.5824,0.5819,0.5824,3613.6
2023-08-19 17:34:00,1692466440.0,0.5823,0.5825,0.5822,0.5823,5621.9
2023-08-19 17:35:00,1692466500.0,0.5822,0.5822,0.5814,0.5817,27465.9
2023-08-19 17:36:00,1692466560.0,0.5816,0.5817,0.5814,0.5815,17926.8
2023-08-19 17:37:00,1692466620.0,0.5818,0.5818,0.5814,0.5816,2216.0
2023-08-19 17:38:00,1692466680.0,0.5818,0.5824,0.5818,0.5824,6574.8
2023-08-19 17:39:00,1692466740.0,0.5824,0.5824,0.582,0.5822,34361.6
2023-08-19 17:40:00,1692466800.0,0.5822,0.5824,0.5814,0.5814,13489.6
2023-08-19 17:41:00,1692466860.0,0.5814,0.5815,0.5811,0.5812,40516.8
2023-08-19 17:42:00,1692466920.0,0.5812,0.5812,0.5811,0.5811,173.9
2023-08-19 17:43:00,1692466980.0,0.5812,0.5816,0.5812,0.5815,15218.7
2023-08-19 17:44:00,1692467040.0,0.5813,0.5819,0.5813,0.5818,19894.3
2023-08-19 17:45:00,1692467100.0,0.5816,0.5817,0.5813,0.5814,96219.6
2023-08-19 17:46:00,1692467160.0,0.5814,0.5816,0.5813,0.5816,3185.1
2023-08-19 17:47:00,1692467220.0,0.5818,0.582,0.5818,0.582,5862.9
2023-08-19 17:48:00,1692467280.0,0.5819,0.5823,0.5819,0.5822,9824.0
2023-08-19 17:49:00,1692467340.0,0.5823,0.5825,0.5822,0.5822,17239.4
2023-08-19 17:50:00,1692467400.0,0.5822,0.5824,0.5822,0.5823,2755.4
2023-08-19 17:51:00,1692467460.0,0.5823,0.5827,0.5823,0.5827,4673.1
2023-08-19 17:52:00,1692467520.0,0.5828,0.5829,0.5827,0.5828,2852.7
2023-08-19 17:53:00,1692467580.0,0.5829,0.5831,0.5828,0.583,12795.1
2023-08-19 17:54:00,1692467640.0,0.583,0.583,0.5825,0.5825,6917.2
2023-08-19 17:55:00,1692467700.0,0.5823,0.5824,0.5823,0.5823,1562.8
2023-08-19 17:56:00,1692467760.0,0.5822,0.5827,0.5822,0.5827,17365.5
2023-08-19 17:57:00,1692467820.0,0.5827,0.5829,0.5827,0.5829,33225.8
2023-08-19 17:58:00,1692467880.0,0.5828,0.5829,0.5827,0.5827,4133.9
2023-08-19 17:59:00,1692467940.0,0.5827,0.5827,0.5822,0.5823,11933.9
2023-08-19 18:00:00,1692468000.0,0.5823,0.5823,0.5814,0.5814,34188.6
2023-08-19 18:01:00,1692468060.0,0.5814,0.5817,0.5811,0.5813,75059.0
2023-08-19 18:02:00,1692468120.0,0.5812,0.5814,0.5804,0.5811,44922.8
2023-08-19 18:03:00,1692468180.0,0.581,0.5811,0.5803,0.5803,65721.6
2023-08-19 18:04:00,1692468240.0,0.5803,0.581,0.5803,0.581,28100.8
2023-08-19 18:05:00,1692468300.0,0.581,0.5811,0.5806,0.5808,65500.0
2023-08-19 18:06:00,1692468360.0,0.5808,0.5815,0.5808,0.5813,97520.0
2023-08-19 18:07:00,1692468420.0,0.5814,0.5818,0.5814,0.5818,20196.6
2023-08-19 18:08:00,1692468480.0,0.5818,0.5823,0.5818,0.5818,47452.1
2023-08-19 18:09:00,1692468540.0,0.5819,0.5821,0.5819,0.5821,5288.5
2023-08-19 18:10:00,1692468600.0,0.5821,0.5821,0.5815,0.5815,5490.7
2023-08-19 18:11:00,1692468660.0,0.5814,0.5814,0.5812,0.5813,7664.9
2023-08-19 18:12:00,1692468720.0,0.5813,0.5813,0.5809,0.581,12519.6
2023-08-19 18:13:00,1692468780.0,0.5809,0.581,0.5807,0.581,17342.7
2023-08-19 18:14:00,1692468840.0,0.5811,0.5812,0.5807,0.5807,23517.6
2023-08-19 18:15:00,1692468900.0,0.5808,0.5808,0.5805,0.5805,10264.0
2023-08-19 18:16:00,1692468960.0,0.5805,0.5805,0.58,0.58,35968.8
2023-08-19 18:17:00,1692469020.0,0.58,0.58,0.5797,0.5797,14622.9
2023-08-19 18:18:00,1692469080.0,0.5798,0.5802,0.5796,0.5801,74205.2
2023-08-19 18:19:00,1692469140.0,0.58,0.5802,0.5799,0.5799,15563.2
2023-08-19 18:20:00,1692469200.0,0.5802,0.5803,0.5798,0.5802,20271.5
2023-08-19 18:21:00,1692469260.0,0.5804,0.5808,0.5804,0.5807,3033.2
2023-08-19 18:22:00,1692469320.0,0.5807,0.5807,0.5806,0.5807,6013.8
2023-08-19 18:23:00,1692469380.0,0.5808,0.5809,0.5805,0.5808,28019.0
2023-08-19 18:24:00,1692469440.0,0.5807,0.581,0.5807,0.581,3863.8
2023-08-19 18:25:00,1692469500.0,0.581,0.581,0.5802,0.5802,26221.6
2023-08-19 18:26:00,1692469560.0,0.5802,0.5805,0.5802,0.5805,6150.3
2023-08-19 18:27:00,1692469620.0,0.5807,0.5808,0.5806,0.5807,14198.2
2023-08-19 18:28:00,1692469680.0,0.5807,0.5809,0.5807,0.5808,895.2
2023-08-19 18:29:00,1692469740.0,0.5809,0.5809,0.5808,0.5809,2678.8
2023-08-19 18:30:00,1692469800.0,0.5809,0.5811,0.5808,0.5809,26883.9
2023-08-19 18:31:00,1692469860.0,0.5809,0.5814,0.5809,0.5813,10237.5
2023-08-19 18:32:00,1692469920.0,0.5813,0.5814,0.5811,0.5811,5107.0
2023-08-19 18:33:00,1692469980.0,0.5811,0.5815,0.5811,0.5815,74469.0
2023-08-19 18:34:00,1692470040.0,0.5815,0.582,0.5815,0.5818,48977.7
2023-08-19 18:35:00,1692470100.0,0.5816,0.5817,0.5813,0.5813,14487.1
2023-08-19 18:36:00,1692470160.0,0.5812,0.5815,0.5811,0.5812,28450.9
2023-08-19 18:37:00,1692470220.0,0.5811,0.5812,0.5809,0.5811,5225.4
2023-08-19 18:38:00,1692470280.0,0.5812,0.5817,0.5812,0.5815,3141.8
2023-08-19 18:39:00,1692470340.0,0.5815,0.5817,0.5815,0.5817,2848.4
2023-08-19 18:40:00,1692470400.0,0.5818,0.5819,0.5817,0.5817,27806.7
2023-08-19 18:41:00,1692470460.0,0.5817,0.5821,0.5816,0.582,7432.5
2023-08-19 18:42:00,1692470520.0,0.5821,0.5824,0.5821,0.5822,57391.2
2023-08-19 18:43:00,1692470580.0,0.582,0.5821,0.5819,0.582,14338.8
2023-08-19 18:44:00,1692470640.0,0.582,0.582,0.5817,0.5817,58439.2
2023-08-19 18:45:00,1692470700.0,0.5817,0.5817,0.5812,0.5812,5508.5
2023-08-19 18:46:00,1692470760.0,0.5812,0.5813,0.5812,0.5813,8750.1
2023-08-19 18:47:00,1692470820.0,0.5813,0.5816,0.5812,0.5814,71646.3
2023-08-19 18:48:00,1692470880.0,0.5814,0.5814,0.5812,0.5812,4829.8
2023-08-19 18:49:00,1692470940.0,0.5812,0.5812,0.5809,0.581,12476.3
2023-08-19 18:50:00,1692471000.0,0.581,0.581,0.5809,0.5809,12557.3
2023-08-19 18:51:00,1692471060.0,0.5809,0.581,0.5808,0.5808,4516.0
2023-08-19 18:52:00,1692471120.0,0.5809,0.5809,0.5808,0.5808,4290.8
2023-08-19 18:53:00,1692471180.0,0.5808,0.5814,0.5808,0.5812,10884.0
2023-08-19 18:54:00,1692471240.0,0.5811,0.5814,0.5811,0.5811,7570.2
2023-08-19 18:55:00,1692471300.0,0.5811,0.5812,0.5811,0.5812,2577.2
2023-08-19 18:56:00,1692471360.0,0.5813,0.5813,0.5813,0.5813,550.4
2023-08-19 18:57:00,1692471420.0,0.5813,0.5816,0.5813,0.5816,1454.6
2023-08-19 18:58:00,1692471480.0,0.5815,0.5816,0.5815,0.5815,6907.4
2023-08-19 18:59:00,1692471540.0,0.5814,0.5814,0.5812,0.5812,775.5
2023-08-19 19:00:00,1692471600.0,0.5812,0.5814,0.581,0.5812,22374.4
2023-08-19 19:01:00,1692471660.0,0.5811,0.5811,0.5805,0.5805,18447.7
2023-08-19 19:02:00,1692471720.0,0.5805,0.5807,0.5804,0.5805,10002.4
2023-08-19 19:03:00,1692471780.0,0.5805,0.5807,0.5804,0.5805,4905.9
2023-08-19 19:04:00,1692471840.0,0.5805,0.5807,0.5805,0.5807,6357.9
2023-08-19 19:05:00,1692471900.0,0.5807,0.5807,0.5804,0.5805,1577.8
2023-08-19 19:06:00,1692471960.0,0.5805,0.5805,0.5804,0.5805,1108.3
2023-08-19 19:07:00,1692472020.0,0.5805,0.5808,0.5805,0.5808,9878.2
2023-08-19 19:08:00,1692472080.0,0.5808,0.5808,0.5807,0.5808,6223.8
2023-08-19 19:09:00,1692472140.0,0.5807,0.5809,0.5807,0.5808,11483.9
2023-08-19 19:10:00,1692472200.0,0.5808,0.5811,0.5808,0.5811,11428.4
2023-08-19 19:11:00,1692472260.0,0.5811,0.5811,0.581,0.581,2025.7
2023-08-19 19:12:00,1692472320.0,0.581,0.5812,0.5808,0.5811,7251.7
2023-08-19 19:13:00,1692472380.0,0.5812,0.5812,0.5811,0.5811,1231.9
2023-08-19 19:14:00,1692472440.0,0.581,0.5811,0.5808,0.5809,1887.8
2023-08-19 19:15:00,1692472500.0,0.5809,0.5809,0.5806,0.5808,5568.1
2023-08-19 19:16:00,1692472560.0,0.5808,0.5812,0.5808,0.5812,3512.5
2023-08-19 19:17:00,1692472620.0,0.5812,0.5814,0.5812,0.5814,5226.7
2023-08-19 19:18:00,1692472680.0,0.5815,0.5816,0.5815,0.5815,2589.2
2023-08-19 19:19:00,1692472740.0,0.5816,0.5816,0.5815,0.5816,1769.3
2023-08-19 19:20:00,1692472800.0,0.5816,0.5818,0.5815,0.5815,41913.7
2023-08-19 19:21:00,1692472860.0,0.5816,0.5816,0.581,0.581,16706.8
2023-08-19 19:22:00,1692472920.0,0.5809,0.5809,0.5805,0.5807,7922.7
2023-08-19 19:23:00,1692472980.0,0.5808,0.5808,0.5806,0.5807,5597.0
2023-08-19 19:24:00,1692473040.0,0.5806,0.5806,0.5802,0.5805,14455.4
2023-08-19 19:25:00,1692473100.0,0.5806,0.5806,0.5805,0.5806,926.8
2023-08-19 19:26:00,1692473160.0,0.5805,0.581,0.5805,0.5808,3665.4
2023-08-19 19:27:00,1692473220.0,0.5809,0.581,0.5809,0.5809,1012.9
2023-08-19 19:28:00,1692473280.0,0.5808,0.5809,0.5807,0.5808,3900.3
2023-08-19 19:29:00,1692473340.0,0.5808,0.581,0.5808,0.5809,1600.6
2023-08-19 19:30:00,1692473400.0,0.5809,0.581,0.5807,0.5808,49120.3
2023-08-19 19:31:00,1692473460.0,0.581,0.5811,0.5809,0.5811,1798.7
2023-08-19 19:32:00,1692473520.0,0.5812,0.5814,0.5812,0.5813,29465.7
2023-08-19 19:33:00,1692473580.0,0.5813,0.5816,0.5812,0.5816,11100.4
2023-08-19 19:34:00,1692473640.0,0.5816,0.5816,0.5814,0.5816,7581.2
2023-08-19 19:35:00,1692473700.0,0.5817,0.5818,0.5815,0.5816,25970.0
2023-08-19 19:36:00,1692473760.0,0.5816,0.5817,0.5815,0.5817,1211.5
2023-08-19 19:37:00,1692473820.0,0.5817,0.5817,0.5816,0.5817,3605.2
2023-08-19 19:38:00,1692473880.0,0.5817,0.5817,0.5812,0.5812,30539.9
2023-08-19 19:39:00,1692473940.0,0.5813,0.5813,0.581,0.5811,5393.9
2023-08-19 19:40:00,1692474000.0,0.5812,0.5812,0.5808,0.581,27018.7
2023-08-19 19:41:00,1692474060.0,0.5811,0.5811,0.581,0.581,17544.5
2023-08-19 19:42:00,1692474120.0,0.581,0.5812,0.5809,0.5812,6038.1
2023-08-19 19:43:00,1692474180.0,0.5812,0.5814,0.5812,0.5813,4011.0
2023-08-19 19:44:00,1692474240.0,0.5813,0.5815,0.5812,0.5815,10932.1
2023-08-19 19:45:00,1692474300.0,0.5815,0.5817,0.5815,0.5817,2813.3
2023-08-19 19:46:00,1692474360.0,0.5816,0.5817,0.5815,0.5817,2861.3
2023-08-19 19:47:00,1692474420.0,0.5818,0.582,0.5816,0.5817,38597.7
2023-08-19 19:48:00,1692474480.0,0.5816,0.5818,0.5816,0.5818,7204.7
2023-08-19 19:49:00,1692474540.0,0.5818,0.5818,0.5815,0.5817,9073.7
2023-08-19 19:50:00,1692474600.0,0.5818,0.5818,0.5816,0.5817,5077.5
2023-08-19 19:51:00,1692474660.0,0.5816,0.5818,0.5816,0.5818,6276.9
2023-08-19 19:52:00,1692474720.0,0.5818,0.582,0.5817,0.582,4189.6
2023-08-19 19:53:00,1692474780.0,0.582,0.5823,0.582,0.5823,5631.7
2023-08-19 19:54:00,1692474840.0,0.5823,0.5823,0.5821,0.5822,6437.8
2023-08-19 19:55:00,1692474900.0,0.5823,0.5823,0.5776,0.5788,1037769.4
2023-08-19 19:56:00,1692474960.0,0.5787,0.579,0.5778,0.5788,297315.3
2023-08-19 19:57:00,1692475020.0,0.5788,0.5795,0.5786,0.5793,234636.1
2023-08-19 19:58:00,1692475080.0,0.5793,0.5793,0.5784,0.5784,79334.1
2023-08-19 19:59:00,1692475140.0,0.5784,0.5784,0.5776,0.5782,142170.5
2023-08-19 20:00:00,1692475200.0,0.5781,0.5784,0.5774,0.5779,119856.0
2023-08-19 20:01:00,1692475260.0,0.5779,0.578,0.5777,0.5777,35540.0
2023-08-19 20:02:00,1692475320.0,0.5777,0.578,0.5771,0.5778,68071.9
2023-08-19 20:03:00,1692475380.0,0.5777,0.5784,0.5777,0.5784,51483.9
2023-08-19 20:04:00,1692475440.0,0.5785,0.5795,0.5785,0.579,198358.7
2023-08-19 20:05:00,1692475500.0,0.579,0.579,0.5786,0.5788,8696.9
2023-08-19 20:06:00,1692475560.0,0.5788,0.5791,0.5788,0.579,11325.4
2023-08-19 20:07:00,1692475620.0,0.5791,0.5791,0.5785,0.5788,43622.8
2023-08-19 20:08:00,1692475680.0,0.5787,0.5788,0.5779,0.578,22240.9
2023-08-19 20:09:00,1692475740.0,0.5779,0.578,0.5778,0.578,28999.9
2023-08-19 20:10:00,1692475800.0,0.578,0.5781,0.5776,0.5779,81440.7
2023-08-19 20:11:00,1692475860.0,0.578,0.5781,0.5776,0.5779,45115.9
2023-08-19 20:12:00,1692475920.0,0.578,0.5785,0.578,0.5784,15454.0
2023-08-19 20:13:00,1692475980.0,0.5785,0.5787,0.5781,0.5787,25102.2
2023-08-19 20:14:00,1692476040.0,0.5786,0.5788,0.5786,0.5787,13501.7
2023-08-19 20:15:00,1692476100.0,0.5787,0.5788,0.5781,0.5783,25858.0
2023-08-19 20:16:00,1692476160.0,0.5784,0.5785,0.5765,0.5767,262364.9
2023-08-19 20:17:00,1692476220.0,0.5766,0.5767,0.5748,0.5757,463954.3
2023-08-19 20:18:00,1692476280.0,0.5756,0.5761,0.574,0.574,220755.6
2023-08-19 20:19:00,1692476340.0,0.5741,0.5756,0.5741,0.575,254452.6
2023-08-19 20:20:00,1692476400.0,0.575,0.5753,0.5733,0.5744,400116.0
2023-08-19 20:21:00,1692476460.0,0.5744,0.5745,0.5705,0.5725,1073245.0
2023-08-19 20:22:00,1692476520.0,0.5726,0.5735,0.5716,0.5724,438086.7
2023-08-19 20:23:00,1692476580.0,0.5725,0.5729,0.572,0.5729,79024.2
2023-08-19 20:24:00,1692476640.0,0.573,0.5741,0.5727,0.5728,212256.6
2023-08-19 20:25:00,1692476700.0,0.5727,0.5733,0.5721,0.5721,94569.9
2023-08-19 20:26:00,1692476760.0,0.5722,0.5725,0.5718,0.5724,77082.9
2023-08-19 20:27:00,1692476820.0,0.5724,0.5725,0.5714,0.5719,140551.1
2023-08-19 20:28:00,1692476880.0,0.5719,0.5724,0.5719,0.5724,22269.2
2023-08-19 20:29:00,1692476940.0,0.5723,0.5727,0.5723,0.5726,25837.4
2023-08-19 20:30:00,1692477000.0,0.5726,0.573,0.572,0.5727,101928.0
2023-08-19 20:31:00,1692477060.0,0.5727,0.5734,0.5727,0.5733,42841.8
2023-08-19 20:32:00,1692477120.0,0.5734,0.5738,0.5734,0.5734,52160.1
2023-08-19 20:33:00,1692477180.0,0.5733,0.5736,0.5733,0.5735,6942.0
2023-08-19 20:34:00,1692477240.0,0.5736,0.5736,0.5731,0.5734,21748.8
2023-08-19 20:35:00,1692477300.0,0.5734,0.5735,0.5733,0.5734,8077.1
2023-08-19 20:36:00,1692477360.0,0.5734,0.5741,0.5732,0.5741,77785.5
2023-08-19 20:37:00,1692477420.0,0.5741,0.5743,0.5739,0.5743,44274.0
2023-08-19 20:38:00,1692477480.0,0.5743,0.5744,0.5741,0.5743,27294.4
2023-08-19 20:39:00,1692477540.0,0.5742,0.5744,0.5741,0.5743,25418.1
2023-08-19 20:40:00,1692477600.0,0.5744,0.5745,0.5741,0.5741,27947.1
2023-08-19 20:41:00,1692477660.0,0.5741,0.5741,0.5732,0.5736,69751.5
2023-08-19 20:42:00,1692477720.0,0.5736,0.5736,0.573,0.5733,49723.7
2023-08-19 20:43:00,1692477780.0,0.5731,0.5734,0.5729,0.5732,45393.9
2023-08-19 20:44:00,1692477840.0,0.5732,0.5733,0.5724,0.5731,166410.3
2023-08-19 20:45:00,1692477900.0,0.5731,0.5733,0.5731,0.5733,30179.6
2023-08-19 20:46:00,1692477960.0,0.5733,0.5734,0.5726,0.573,83142.0
2023-08-19 20:47:00,1692478020.0,0.573,0.5732,0.5729,0.5732,5700.5
2023-08-19 20:48:00,1692478080.0,0.5732,0.5737,0.5732,0.5736,9847.1
2023-08-19 20:49:00,1692478140.0,0.5737,0.574,0.5737,0.574,9961.5
2023-08-19 20:50:00,1692478200.0,0.5739,0.5739,0.5735,0.5736,8855.9
2023-08-19 20:51:00,1692478260.0,0.5736,0.5739,0.5736,0.5739,11403.2
2023-08-19 20:52:00,1692478320.0,0.5739,0.5739,0.5736,0.5737,9710.1
2023-08-19 20:53:00,1692478380.0,0.5737,0.5739,0.5737,0.5737,16100.1
2023-08-19 20:54:00,1692478440.0,0.5738,0.574,0.5737,0.5739,27950.8
2023-08-19 20:55:00,1692478500.0,0.5739,0.5742,0.5736,0.5742,20300.5
2023-08-19 20:56:00,1692478560.0,0.5742,0.5746,0.5742,0.5744,31746.4
2023-08-19 20:57:00,1692478620.0,0.5745,0.5745,0.5741,0.5741,11748.1
2023-08-19 20:58:00,1692478680.0,0.5741,0.5741,0.5737,0.5737,26401.5
2023-08-19 20:59:00,1692478740.0,0.5738,0.5739,0.5734,0.5736,32918.0
2023-08-19 21:00:00,1692478800.0,0.5736,0.5739,0.5735,0.5737,16040.0
2023-08-19 21:01:00,1692478860.0,0.5737,0.5743,0.5737,0.5742,14478.8
2023-08-19 21:02:00,1692478920.0,0.5743,0.5746,0.5742,0.5744,43044.8
2023-08-19 21:03:00,1692478980.0,0.5745,0.5749,0.5743,0.5748,63530.4
2023-08-19 21:04:00,1692479040.0,0.5748,0.5749,0.5748,0.5748,18557.8
2023-08-19 21:05:00,1692479100.0,0.5748,0.5749,0.5746,0.5749,6083.8
2023-08-19 21:06:00,1692479160.0,0.575,0.575,0.5748,0.5748,14828.9
2023-08-19 21:07:00,1692479220.0,0.5747,0.5749,0.5747,0.5749,15671.2
2023-08-19 21:08:00,1692479280.0,0.5749,0.5756,0.5749,0.5755,73747.5
2023-08-19 21:09:00,1692479340.0,0.5754,0.5754,0.5748,0.575,15563.2
2023-08-19 21:10:00,1692479400.0,0.5749,0.575,0.5748,0.575,9408.2
2023-08-19 21:11:00,1692479460.0,0.5751,0.5752,0.5751,0.5752,7010.9
2023-08-19 21:12:00,1692479520.0,0.5752,0.5754,0.5751,0.5752,22663.1
2023-08-19 21:13:00,1692479580.0,0.5752,0.5753,0.5752,0.5753,950.6
2023-08-19 21:14:00,1692479640.0,0.5753,0.5753,0.575,0.5751,3322.0
2023-08-19 21:15:00,1692479700.0,0.5751,0.5755,0.5751,0.5755,11881.2
2023-08-19 21:16:00,1692479760.0,0.5755,0.576,0.5755,0.576,29333.3
2023-08-19 21:17:00,1692479820.0,0.576,0.5763,0.5759,0.5759,73801.0
2023-08-19 21:18:00,1692479880.0,0.5758,0.5758,0.5757,0.5757,2984.0
2023-08-19 21:19:00,1692479940.0,0.5758,0.5758,0.5755,0.5757,18277.2
2023-08-19 21:20:00,1692480000.0,0.5757,0.5757,0.5747,0.5751,112422.3
2023-08-19 21:21:00,1692480060.0,0.5751,0.5752,0.575,0.5751,5248.9
2023-08-19 21:22:00,1692480120.0,0.5751,0.5752,0.5751,0.5751,3590.3
2023-08-19 21:23:00,1692480180.0,0.5751,0.5759,0.5751,0.5757,86410.6
2023-08-19 21:24:00,1692480240.0,0.5757,0.5757,0.5756,0.5756,1710.6
2023-08-19 21:25:00,1692480300.0,0.5757,0.5757,0.5752,0.5754,6514.5
2023-08-19 21:26:00,1692480360.0,0.5754,0.576,0.5754,0.576,17585.8
2023-08-19 21:27:00,1692480420.0,0.5759,0.5761,0.5759,0.576,1568.5
2023-08-19 21:28:00,1692480480.0,0.576,0.576,0.5757,0.576,80575.8
2023-08-19 21:29:00,1692480540.0,0.576,0.5765,0.576,0.5764,14662.5
2023-08-19 21:30:00,1692480600.0,0.5764,0.5765,0.5763,0.5764,15702.0
2023-08-19 21:31:00,1692480660.0,0.5765,0.5765,0.5764,0.5765,2671.3
2023-08-19 21:32:00,1692480720.0,0.5765,0.5765,0.5757,0.5758,25868.5
2023-08-19 21:33:00,1692480780.0,0.5758,0.5758,0.5752,0.5753,31841.8
2023-08-19 21:34:00,1692480840.0,0.5753,0.5753,0.5752,0.5752,877.8
2023-08-19 21:35:00,1692480900.0,0.5752,0.5756,0.5752,0.5754,42087.4
2023-08-19 21:36:00,1692480960.0,0.5753,0.5753,0.5752,0.5753,69612.4
2023-08-19 21:37:00,1692481020.0,0.5754,0.5754,0.5753,0.5753,1769.4
2023-08-19 21:38:00,1692481080.0,0.5754,0.5754,0.5751,0.5753,9162.8
2023-08-19 21:39:00,1692481140.0,0.5753,0.5756,0.5753,0.5756,4045.0
2023-08-19 21:40:00,1692481200.0,0.5756,0.5756,0.5754,0.5754,3833.6
2023-08-19 21:41:00,1692481260.0,0.5755,0.5758,0.5755,0.5758,7194.2
2023-08-19 21:42:00,1692481320.0,0.5758,0.5759,0.5758,0.5758,26986.0
2023-08-19 21:43:00,1692481380.0,0.5758,0.576,0.5758,0.576,17796.0
2023-08-19 21:44:00,1692481440.0,0.5759,0.5764,0.5759,0.5763,37128.1
2023-08-19 21:45:00,1692481500.0,0.5763,0.5764,0.5762,0.5763,10861.7
2023-08-19 21:46:00,1692481560.0,0.5763,0.5763,0.576,0.5761,1941.6
2023-08-19 21:47:00,1692481620.0,0.5761,0.5761,0.576,0.576,1191.6
2023-08-19 21:48:00,1692481680.0,0.5761,0.5761,0.576,0.576,6370.2
2023-08-19 21:49:00,1692481740.0,0.576,0.5762,0.576,0.5762,6220.5
2023-08-19 21:50:00,1692481800.0,0.5761,0.5763,0.5761,0.5763,5693.6
2023-08-19 21:51:00,1692481860.0,0.5763,0.5763,0.5762,0.5763,1139.5
2023-08-19 21:52:00,1692481920.0,0.5763,0.5765,0.5762,0.5765,2961.7
2023-08-19 21:53:00,1692481980.0,0.5765,0.5768,0.5763,0.5765,23841.7
2023-08-19 21:54:00,1692482040.0,0.5765,0.5766,0.5764,0.5764,3624.9
2023-08-19 21:55:00,1692482100.0,0.5765,0.5765,0.5762,0.5762,2288.8
2023-08-19 21:56:00,1692482160.0,0.5763,0.5763,0.5759,0.576,7316.5
2023-08-19 21:57:00,1692482220.0,0.576,0.5762,0.5759,0.5762,5389.4
2023-08-19 21:58:00,1692482280.0,0.5762,0.5762,0.576,0.5762,2707.8
2023-08-19 21:59:00,1692482340.0,0.5762,0.5763,0.5762,0.5762,3583.3
2023-08-19 22:00:00,1692482400.0,0.5761,0.5761,0.5758,0.5759,20369.9
2023-08-19 22:01:00,1692482460.0,0.5759,0.576,0.5759,0.576,18785.9
2023-08-19 22:02:00,1692482520.0,0.576,0.5761,0.5759,0.576,7437.2
2023-08-19 22:03:00,1692482580.0,0.576,0.576,0.5759,0.5759,1533.0
2023-08-19 22:04:00,1692482640.0,0.576,0.576,0.576,0.576,15844.2
2023-08-19 22:05:00,1692482700.0,0.5761,0.5761,0.576,0.5761,3995.4
2023-08-19 22:06:00,1692482760.0,0.5762,0.5764,0.5762,0.5764,8189.7
2023-08-19 22:07:00,1692482820.0,0.5764,0.5765,0.5763,0.5764,2234.7
2023-08-19 22:08:00,1692482880.0,0.5764,0.5765,0.5763,0.5764,1541.1
2023-08-19 22:09:00,1692482940.0,0.5764,0.5775,0.5764,0.5774,40106.2
2023-08-19 22:10:00,1692483000.0,0.5774,0.5775,0.5765,0.5767,101508.9
2023-08-19 22:11:00,1692483060.0,0.5766,0.5766,0.5761,0.5764,44623.3
2023-08-19 22:12:00,1692483120.0,0.5763,0.5763,0.5762,0.5762,107.7
2023-08-19 22:13:00,1692483180.0,0.5763,0.5763,0.5762,0.5762,1859.4
2023-08-19 22:14:00,1692483240.0,0.5763,0.5768,0.5762,0.5768,21973.6
2023-08-19 22:15:00,1692483300.0,0.5768,0.577,0.5768,0.577,6010.2
2023-08-19 22:16:00,1692483360.0,0.5772,0.5772,0.5772,0.5772,893.7
2023-08-19 22:17:00,1692483420.0,0.5772,0.5772,0.5771,0.5771,7196.6
2023-08-19 22:18:00,1692483480.0,0.5771,0.5772,0.5771,0.5771,7839.8
2023-08-19 22:19:00,1692483540.0,0.5772,0.5773,0.5772,0.5772,2522.9
2023-08-19 22:20:00,1692483600.0,0.5772,0.5772,0.577,0.577,12926.8
2023-08-19 22:21:00,1692483660.0,0.577,0.577,0.5767,0.5769,7393.6
2023-08-19 22:22:00,1692483720.0,0.577,0.577,0.5769,0.5769,1421.4
2023-08-19 22:23:00,1692483780.0,0.5769,0.577,0.5768,0.5769,2880.0
2023-08-19 22:24:00,1692483840.0,0.5769,0.5771,0.5769,0.5771,2916.5
2023-08-19 22:25:00,1692483900.0,0.577,0.577,0.5766,0.5766,9479.0
2023-08-19 22:26:00,1692483960.0,0.5768,0.5768,0.5766,0.5767,2149.0
2023-08-19 22:27:00,1692484020.0,0.5767,0.5768,0.5766,0.5767,4595.1
2023-08-19 22:28:00,1692484080.0,0.5767,0.5769,0.5766,0.5768,2788.0
2023-08-19 22:29:00,1692484140.0,0.5768,0.577,0.5768,0.5768,2769.8
2023-08-19 22:30:00,1692484200.0,0.5769,0.577,0.5768,0.5769,1532.2
2023-08-19 22:31:00,1692484260.0,0.5768,0.5768,0.5765,0.5766,10891.4
2023-08-19 22:32:00,1692484320.0,0.5765,0.5766,0.5762,0.5763,15530.9
2023-08-19 22:33:00,1692484380.0,0.5763,0.5765,0.5762,0.5764,6642.7
2023-08-19 22:34:00,1692484440.0,0.5764,0.5765,0.576,0.576,21487.2
2023-08-19 22:35:00,1692484500.0,0.576,0.5762,0.576,0.5761,7747.1
2023-08-19 22:36:00,1692484560.0,0.576,0.5761,0.5759,0.5761,7642.6
2023-08-19 22:37:00,1692484620.0,0.576,0.5761,0.5758,0.5759,20518.6
2023-08-19 22:38:00,1692484680.0,0.5759,0.576,0.5758,0.5758,1251.9
2023-08-19 22:39:00,1692484740.0,0.5758,0.5761,0.5758,0.5761,7232.0
2023-08-19 22:40:00,1692484800.0,0.5761,0.5763,0.5761,0.5763,11333.5
2023-08-19 22:41:00,1692484860.0,0.5762,0.5766,0.5762,0.5766,3787.1
2023-08-19 22:42:00,1692484920.0,0.5767,0.5767,0.5765,0.5765,3442.9
2023-08-19 22:43:00,1692484980.0,0.5763,0.5763,0.5763,0.5763,21.8
2023-08-19 22:44:00,1692485040.0,0.5763,0.5763,0.5756,0.5758,6287.2
2023-08-19 22:45:00,1692485100.0,0.5758,0.5758,0.5752,0.5753,11309.3
2023-08-19 22:46:00,1692485160.0,0.5752,0.5753,0.5751,0.5753,6576.5
2023-08-19 22:47:00,1692485220.0,0.5753,0.5753,0.5752,0.5753,351.3
2023-08-19 22:48:00,1692485280.0,0.5753,0.5753,0.5752,0.5753,3183.1
2023-08-19 22:49:00,1692485340.0,0.5752,0.5752,0.575,0.5751,9038.6
2023-08-19 22:50:00,1692485400.0,0.575,0.5751,0.5749,0.5751,6232.2
2023-08-19 22:51:00,1692485460.0,0.575,0.5751,0.575,0.575,3417.1
2023-08-19 22:52:00,1692485520.0,0.575,0.5751,0.575,0.575,8094.2
2023-08-19 22:53:00,1692485580.0,0.5751,0.5751,0.5747,0.5747,9139.0
2023-08-19 22:54:00,1692485640.0,0.5747,0.5749,0.5746,0.5747,8239.1
2023-08-19 22:55:00,1692485700.0,0.5746,0.5746,0.5741,0.5745,33223.0
2023-08-19 22:56:00,1692485760.0,0.5745,0.5745,0.5743,0.5745,18786.5
2023-08-19 22:57:00,1692485820.0,0.5744,0.5749,0.5743,0.5749,20206.3
2023-08-19 22:58:00,1692485880.0,0.5749,0.5752,0.5744,0.5747,55435.0
2023-08-19 22:59:00,1692485940.0,0.5746,0.5747,0.5745,0.5747,7439.2
2023-08-19 23:00:00,1692486000.0,0.5747,0.5747,0.5742,0.5744,15357.0
2023-08-19 23:01:00,1692486060.0,0.5744,0.5745,0.5744,0.5744,2711.1
2023-08-19 23:02:00,1692486120.0,0.5744,0.5745,0.5744,0.5744,2697.4
2023-08-19 23:03:00,1692486180.0,0.5744,0.5749,0.5744,0.5749,18109.5
2023-08-19 23:04:00,1692486240.0,0.575,0.5751,0.575,0.5751,507.8
2023-08-19 23:05:00,1692486300.0,0.5751,0.5751,0.5749,0.5749,4334.6
2023-08-19 23:06:00,1692486360.0,0.575,0.575,0.5749,0.575,134.2
2023-08-19 23:07:00,1692486420.0,0.575,0.5753,0.575,0.5752,16179.7
2023-08-19 23:08:00,1692486480.0,0.5752,0.5756,0.5752,0.5756,7925.7
2023-08-19 23:09:00,1692486540.0,0.5756,0.576,0.5756,0.5759,20524.8
2023-08-19 23:10:00,1692486600.0,0.5759,0.5759,0.5754,0.5754,4057.0
2023-08-19 23:11:00,1692486660.0,0.5754,0.5755,0.5754,0.5754,131.1
2023-08-19 23:12:00,1692486720.0,0.5755,0.5759,0.5755,0.5758,5864.6
2023-08-19 23:13:00,1692486780.0,0.5758,0.576,0.5758,0.576,3975.4
2023-08-19 23:14:00,1692486840.0,0.5759,0.5759,0.5758,0.5758,897.2
2023-08-19 23:15:00,1692486900.0,0.5759,0.576,0.5759,0.576,1145.8
2023-08-19 23:16:00,1692486960.0,0.576,0.5762,0.576,0.5762,8198.1
2023-08-19 23:17:00,1692487020.0,0.5762,0.5763,0.5762,0.5763,435.4
2023-08-19 23:18:00,1692487080.0,0.5763,0.5765,0.5763,0.5765,1341.9
2023-08-19 23:19:00,1692487140.0,0.5765,0.5765,0.5758,0.5762,133426.1
2023-08-19 23:20:00,1692487200.0,0.5761,0.5763,0.576,0.5763,9079.5
2023-08-19 23:21:00,1692487260.0,0.5762,0.5762,0.576,0.5762,4022.2
2023-08-19 23:22:00,1692487320.0,0.5763,0.5763,0.5762,0.5763,3294.6
2023-08-19 23:23:00,1692487380.0,0.5762,0.5763,0.5762,0.5763,674.3
2023-08-19 23:24:00,1692487440.0,0.5763,0.5764,0.5763,0.5764,938.8
2023-08-19 23:25:00,1692487500.0,0.5763,0.577,0.5763,0.5768,21655.4
2023-08-19 23:26:00,1692487560.0,0.5766,0.5767,0.5766,0.5766,3012.5
2023-08-19 23:27:00,1692487620.0,0.5767,0.5767,0.5766,0.5766,2257.4
2023-08-19 23:28:00,1692487680.0,0.5767,0.5769,0.5767,0.5767,8175.7
2023-08-19 23:29:00,1692487740.0,0.5767,0.5768,0.5767,0.5768,447.5
2023-08-19 23:30:00,1692487800.0,0.5768,0.5769,0.5767,0.5768,3501.8
2023-08-19 23:31:00,1692487860.0,0.5768,0.5768,0.5762,0.5764,2093.9
2023-08-19 23:32:00,1692487920.0,0.5763,0.5765,0.5762,0.5764,10905.2
2023-08-19 23:33:00,1692487980.0,0.5764,0.5769,0.5764,0.5769,6574.6
2023-08-19 23:34:00,1692488040.0,0.5769,0.5769,0.5769,0.5769,2320.0
2023-08-19 23:35:00,1692488100.0,0.5769,0.577,0.5768,0.5768,8472.4
2023-08-19 23:36:00,1692488160.0,0.5768,0.5769,0.5768,0.5768,6699.8
2023-08-19 23:37:00,1692488220.0,0.5769,0.577,0.5769,0.577,1750.3
2023-08-19 23:38:00,1692488280.0,0.577,0.5772,0.577,0.5772,7000.1
2023-08-19 23:39:00,1692488340.0,0.5772,0.5772,0.5772,0.5772,448.7
2023-08-19 23:40:00,1692488400.0,0.5772,0.5772,0.5768,0.5768,4605.3
2023-08-19 23:41:00,1692488460.0,0.5766,0.5766,0.5765,0.5765,10133.9
2023-08-19 23:42:00,1692488520.0,0.5765,0.5767,0.5765,0.5766,10833.0
2023-08-19 23:43:00,1692488580.0,0.5766,0.5768,0.5766,0.5768,1507.4
2023-08-19 23:44:00,1692488640.0,0.5767,0.5768,0.5767,0.5768,478.5
2023-08-19 23:45:00,1692488700.0,0.5767,0.5768,0.5767,0.5768,1182.6
2023-08-19 23:46:00,1692488760.0,0.5768,0.5768,0.5767,0.5768,1507.2
2023-08-19 23:47:00,1692488820.0,0.5768,0.5769,0.5767,0.5769,914.1
2023-08-19 23:48:00,1692488880.0,0.5768,0.5768,0.5763,0.5763,13193.8
2023-08-19 23:49:00,1692488940.0,0.5763,0.5763,0.5762,0.5762,3821.5
2023-08-19 23:50:00,1692489000.0,0.5763,0.5765,0.5763,0.5764,30850.0
2023-08-19 23:51:00,1692489060.0,0.5763,0.5763,0.5761,0.5762,2034.2
2023-08-19 23:52:00,1692489120.0,0.5761,0.5763,0.5761,0.5763,3212.5
2023-08-19 23:53:00,1692489180.0,0.5764,0.5767,0.5763,0.5767,1128.0
2023-08-19 23:54:00,1692489240.0,0.5767,0.5767,0.5765,0.5765,3223.4
2023-08-19 23:55:00,1692489300.0,0.5765,0.5766,0.5765,0.5766,86.0
2023-08-19 23:56:00,1692489360.0,0.5766,0.5766,0.5765,0.5765,657.4
2023-08-19 23:57:00,1692489420.0,0.5766,0.5768,0.5764,0.5767,50428.6
2023-08-19 23:58:00,1692489480.0,0.5767,0.577,0.5767,0.577,11059.5
2023-08-19 23:59:00,1692489540.0,0.5769,0.577,0.5769,0.577,1353.1
