Universal Time,Unix Time,Open,High,Low,Close,Volume
2022-05-01 00:00:00,1651363200.0,0.5672,0.5684,0.567,0.5677,67674.0
2022-05-01 00:01:00,1651363260.0,0.5676,0.5681,0.567,0.5677,74628.0
2022-05-01 00:02:00,1651363320.0,0.5679,0.5713,0.5679,0.5708,199198.0
2022-05-01 00:03:00,1651363380.0,0.5708,0.5727,0.5701,0.5724,155641.0
2022-05-01 00:04:00,1651363440.0,0.5727,0.5727,0.571,0.5724,61438.0
2022-05-01 00:05:00,1651363500.0,0.5723,0.5728,0.5708,0.5714,170022.0
2022-05-01 00:06:00,1651363560.0,0.5714,0.5719,0.571,0.5711,93804.0
2022-05-01 00:07:00,1651363620.0,0.5711,0.5717,0.5701,0.5716,98311.0
2022-05-01 00:08:00,1651363680.0,0.5715,0.5717,0.5703,0.5715,47486.0
2022-05-01 00:09:00,1651363740.0,0.5715,0.5717,0.5704,0.5714,88689.0
2022-05-01 00:10:00,1651363800.0,0.5717,0.5717,0.569,0.5692,94774.0
2022-05-01 00:11:00,1651363860.0,0.5692,0.5705,0.5692,0.5694,42129.0
2022-05-01 00:12:00,1651363920.0,0.5695,0.5715,0.5686,0.5709,56627.0
2022-05-01 00:13:00,1651363980.0,0.571,0.5715,0.5703,0.5704,108108.0
2022-05-01 00:14:00,1651364040.0,0.5705,0.5711,0.5702,0.5711,26479.0
2022-05-01 00:15:00,1651364100.0,0.5713,0.5727,0.5713,0.5726,48047.0
2022-05-01 00:16:00,1651364160.0,0.5725,0.5738,0.5722,0.5738,21098.0
2022-05-01 00:17:00,1651364220.0,0.5738,0.5753,0.5734,0.5751,109207.0
2022-05-01 00:18:00,1651364280.0,0.575,0.5754,0.5739,0.5742,119450.0
2022-05-01 00:19:00,1651364340.0,0.5742,0.5744,0.5732,0.5737,47538.0
2022-05-01 00:20:00,1651364400.0,0.5733,0.5733,0.5713,0.573,91865.0
2022-05-01 00:21:00,1651364460.0,0.5725,0.5725,0.571,0.5713,61860.0
2022-05-01 00:22:00,1651364520.0,0.5712,0.5716,0.5706,0.571,29373.0
2022-05-01 00:23:00,1651364580.0,0.5708,0.571,0.5704,0.5706,24906.0
2022-05-01 00:24:00,1651364640.0,0.5703,0.5722,0.5696,0.5722,42401.0
2022-05-01 00:25:00,1651364700.0,0.5721,0.5721,0.5711,0.5711,17738.0
2022-05-01 00:26:00,1651364760.0,0.5712,0.5715,0.5706,0.5707,26855.0
2022-05-01 00:27:00,1651364820.0,0.5709,0.5709,0.5694,0.5696,51797.0
2022-05-01 00:28:00,1651364880.0,0.5696,0.5705,0.5695,0.5702,51592.0
2022-05-01 00:29:00,1651364940.0,0.57,0.5702,0.5693,0.5694,26356.0
2022-05-01 00:30:00,1651365000.0,0.5692,0.5693,0.5675,0.5679,54876.0
2022-05-01 00:31:00,1651365060.0,0.568,0.568,0.5642,0.5646,127834.0
2022-05-01 00:32:00,1651365120.0,0.5646,0.573,0.5646,0.573,166198.0
2022-05-01 00:33:00,1651365180.0,0.5727,0.574,0.5707,0.5735,189135.0
2022-05-01 00:34:00,1651365240.0,0.5737,0.5759,0.5727,0.5754,253827.0
2022-05-01 00:35:00,1651365300.0,0.5753,0.5764,0.574,0.5747,137561.0
2022-05-01 00:36:00,1651365360.0,0.5746,0.5768,0.5743,0.5759,95548.0
2022-05-01 00:37:00,1651365420.0,0.5758,0.5759,0.5743,0.5751,89927.0
2022-05-01 00:38:00,1651365480.0,0.5751,0.5759,0.5742,0.5757,124843.0
2022-05-01 00:39:00,1651365540.0,0.5755,0.5767,0.5755,0.5762,43940.0
2022-05-01 00:40:00,1651365600.0,0.5762,0.5766,0.5728,0.5728,141649.0
2022-05-01 00:41:00,1651365660.0,0.5731,0.5746,0.5728,0.5728,59801.0
2022-05-01 00:42:00,1651365720.0,0.5727,0.5734,0.5724,0.5728,60372.0
2022-05-01 00:43:00,1651365780.0,0.5728,0.5728,0.572,0.572,18118.0
2022-05-01 00:44:00,1651365840.0,0.572,0.573,0.5715,0.5725,62510.0
2022-05-01 00:45:00,1651365900.0,0.5721,0.5723,0.5702,0.5709,68859.0
2022-05-01 00:46:00,1651365960.0,0.5709,0.5731,0.5702,0.5728,110963.0
2022-05-01 00:47:00,1651366020.0,0.5726,0.5734,0.5713,0.5725,84622.0
2022-05-01 00:48:00,1651366080.0,0.5723,0.5734,0.5717,0.5722,58967.0
2022-05-01 00:49:00,1651366140.0,0.5722,0.5743,0.5722,0.574,89085.0
2022-05-01 00:50:00,1651366200.0,0.5741,0.5741,0.5705,0.5708,204355.0
2022-05-01 00:51:00,1651366260.0,0.5707,0.5727,0.5697,0.5723,120380.0
2022-05-01 00:52:00,1651366320.0,0.5722,0.5732,0.5719,0.5721,65657.0
2022-05-01 00:53:00,1651366380.0,0.5721,0.573,0.5718,0.572,16799.0
2022-05-01 00:54:00,1651366440.0,0.5718,0.5726,0.5711,0.5724,38018.0
2022-05-01 00:55:00,1651366500.0,0.5724,0.5738,0.5719,0.5731,24900.0
2022-05-01 00:56:00,1651366560.0,0.5731,0.5736,0.5718,0.5721,16098.0
2022-05-01 00:57:00,1651366620.0,0.5721,0.5724,0.5707,0.5717,52566.0
2022-05-01 00:58:00,1651366680.0,0.5717,0.5721,0.5715,0.5718,44989.0
2022-05-01 00:59:00,1651366740.0,0.5718,0.5719,0.5709,0.571,26736.0
2022-05-01 01:00:00,1651366800.0,0.571,0.5711,0.5703,0.5707,37606.0
2022-05-01 01:01:00,1651366860.0,0.5707,0.5733,0.5707,0.5729,35329.0
2022-05-01 01:02:00,1651366920.0,0.5729,0.5729,0.572,0.5723,33094.0
2022-05-01 01:03:00,1651366980.0,0.5724,0.5733,0.5721,0.5729,24084.0
2022-05-01 01:04:00,1651367040.0,0.5729,0.5731,0.5719,0.5728,24264.0
2022-05-01 01:05:00,1651367100.0,0.5729,0.5729,0.5717,0.5717,20224.0
2022-05-01 01:06:00,1651367160.0,0.5715,0.5716,0.5708,0.5715,69678.0
2022-05-01 01:07:00,1651367220.0,0.5716,0.5717,0.5708,0.5708,17907.0
2022-05-01 01:08:00,1651367280.0,0.5708,0.5714,0.5708,0.5711,34259.0
2022-05-01 01:09:00,1651367340.0,0.5712,0.5724,0.5703,0.572,46173.0
2022-05-01 01:10:00,1651367400.0,0.572,0.5723,0.5711,0.5711,33577.0
2022-05-01 01:11:00,1651367460.0,0.571,0.5726,0.5709,0.5719,43994.0
2022-05-01 01:12:00,1651367520.0,0.572,0.572,0.5715,0.5719,12009.0
2022-05-01 01:13:00,1651367580.0,0.5719,0.5728,0.5718,0.5727,14895.0
2022-05-01 01:14:00,1651367640.0,0.5726,0.5726,0.57,0.571,37442.0
2022-05-01 01:15:00,1651367700.0,0.5709,0.5709,0.5692,0.5698,31549.0
2022-05-01 01:16:00,1651367760.0,0.5698,0.571,0.5691,0.5708,19629.0
2022-05-01 01:17:00,1651367820.0,0.5709,0.5709,0.5704,0.5706,45310.0
2022-05-01 01:18:00,1651367880.0,0.5706,0.5714,0.5703,0.5704,24468.0
2022-05-01 01:19:00,1651367940.0,0.5703,0.571,0.5696,0.5706,44213.0
2022-05-01 01:20:00,1651368000.0,0.5704,0.5711,0.5699,0.571,29566.0
2022-05-01 01:21:00,1651368060.0,0.571,0.5716,0.5708,0.5714,20637.0
2022-05-01 01:22:00,1651368120.0,0.571,0.5711,0.5708,0.571,16958.0
2022-05-01 01:23:00,1651368180.0,0.571,0.5711,0.5698,0.5699,35536.0
2022-05-01 01:24:00,1651368240.0,0.5698,0.5699,0.5684,0.5684,41354.0
2022-05-01 01:25:00,1651368300.0,0.5683,0.5693,0.5675,0.5675,32733.0
2022-05-01 01:26:00,1651368360.0,0.5676,0.5715,0.5668,0.5708,93508.0
2022-05-01 01:27:00,1651368420.0,0.5704,0.5707,0.5694,0.5695,55698.0
2022-05-01 01:28:00,1651368480.0,0.5693,0.5695,0.5685,0.5689,39333.0
2022-05-01 01:29:00,1651368540.0,0.5689,0.5695,0.5688,0.5689,25811.0
2022-05-01 01:30:00,1651368600.0,0.569,0.5697,0.5675,0.5681,57482.0
2022-05-01 01:31:00,1651368660.0,0.5678,0.5686,0.5675,0.568,22742.0
2022-05-01 01:32:00,1651368720.0,0.568,0.5683,0.5678,0.568,10346.0
2022-05-01 01:33:00,1651368780.0,0.5677,0.5686,0.5673,0.5679,108809.0
2022-05-01 01:34:00,1651368840.0,0.5678,0.569,0.5678,0.5686,60277.0
2022-05-01 01:35:00,1651368900.0,0.5684,0.5684,0.5667,0.5668,39853.0
2022-05-01 01:36:00,1651368960.0,0.5668,0.567,0.564,0.5659,122178.0
2022-05-01 01:37:00,1651369020.0,0.5659,0.567,0.5658,0.5663,68402.0
2022-05-01 01:38:00,1651369080.0,0.5664,0.5701,0.5661,0.5701,46473.0
2022-05-01 01:39:00,1651369140.0,0.5701,0.5703,0.5696,0.5696,34889.0
2022-05-01 01:40:00,1651369200.0,0.5694,0.5704,0.5688,0.5702,49468.0
2022-05-01 01:41:00,1651369260.0,0.5704,0.5706,0.5699,0.5704,55884.0
2022-05-01 01:42:00,1651369320.0,0.5705,0.5742,0.5705,0.5735,104793.0
2022-05-01 01:43:00,1651369380.0,0.5736,0.5769,0.5735,0.5759,114853.0
2022-05-01 01:44:00,1651369440.0,0.576,0.5783,0.5759,0.5779,68086.0
2022-05-01 01:45:00,1651369500.0,0.5782,0.5782,0.5754,0.5775,52154.0
2022-05-01 01:46:00,1651369560.0,0.5775,0.5784,0.5768,0.5768,86110.0
2022-05-01 01:47:00,1651369620.0,0.5766,0.5783,0.5765,0.5775,95605.0
2022-05-01 01:48:00,1651369680.0,0.5772,0.5776,0.5755,0.5758,49748.0
2022-05-01 01:49:00,1651369740.0,0.5757,0.5764,0.5755,0.5764,52926.0
2022-05-01 01:50:00,1651369800.0,0.5765,0.5775,0.5762,0.5775,81973.0
2022-05-01 01:51:00,1651369860.0,0.5776,0.5781,0.577,0.5776,68138.0
2022-05-01 01:52:00,1651369920.0,0.5777,0.5793,0.5777,0.5785,188637.0
2022-05-01 01:53:00,1651369980.0,0.5781,0.5784,0.5759,0.5768,89372.0
2022-05-01 01:54:00,1651370040.0,0.5768,0.577,0.5757,0.5768,20516.0
2022-05-01 01:55:00,1651370100.0,0.5768,0.5768,0.5756,0.5757,27111.0
2022-05-01 01:56:00,1651370160.0,0.5757,0.5766,0.5747,0.5766,59443.0
2022-05-01 01:57:00,1651370220.0,0.5764,0.5769,0.5759,0.5765,36989.0
2022-05-01 01:58:00,1651370280.0,0.5764,0.577,0.5762,0.5763,17874.0
2022-05-01 01:59:00,1651370340.0,0.5762,0.5771,0.5756,0.5768,60049.0
2022-05-01 02:00:00,1651370400.0,0.577,0.577,0.5748,0.5751,55230.0
2022-05-01 02:01:00,1651370460.0,0.5751,0.5766,0.5748,0.5766,60487.0
2022-05-01 02:02:00,1651370520.0,0.5762,0.5763,0.575,0.5755,39048.0
2022-05-01 02:03:00,1651370580.0,0.5756,0.5757,0.5753,0.5753,7884.0
2022-05-01 02:04:00,1651370640.0,0.5753,0.5759,0.5753,0.5759,17495.0
2022-05-01 02:05:00,1651370700.0,0.576,0.576,0.5746,0.5754,20220.0
2022-05-01 02:06:00,1651370760.0,0.5753,0.5755,0.5751,0.5754,10187.0
2022-05-01 02:07:00,1651370820.0,0.5755,0.5761,0.5754,0.576,21339.0
2022-05-01 02:08:00,1651370880.0,0.5758,0.5762,0.5756,0.5762,12161.0
2022-05-01 02:09:00,1651370940.0,0.5763,0.5774,0.5759,0.5774,15053.0
2022-05-01 02:10:00,1651371000.0,0.5775,0.5784,0.5773,0.5774,34123.0
2022-05-01 02:11:00,1651371060.0,0.5778,0.5779,0.5774,0.5775,25134.0
2022-05-01 02:12:00,1651371120.0,0.5775,0.5779,0.577,0.5779,19644.0
2022-05-01 02:13:00,1651371180.0,0.5777,0.5783,0.5777,0.5782,10083.0
2022-05-01 02:14:00,1651371240.0,0.5783,0.5807,0.578,0.5803,214497.0
2022-05-01 02:15:00,1651371300.0,0.5802,0.5808,0.5791,0.5791,37616.0
2022-05-01 02:16:00,1651371360.0,0.579,0.5795,0.5782,0.5784,103872.0
2022-05-01 02:17:00,1651371420.0,0.5786,0.5787,0.578,0.5785,52415.0
2022-05-01 02:18:00,1651371480.0,0.5783,0.5787,0.5782,0.5787,32286.0
2022-05-01 02:19:00,1651371540.0,0.5786,0.5802,0.5785,0.5802,75166.0
2022-05-01 02:20:00,1651371600.0,0.5801,0.5801,0.5788,0.579,90227.0
2022-05-01 02:21:00,1651371660.0,0.579,0.5794,0.5782,0.5782,34892.0
2022-05-01 02:22:00,1651371720.0,0.5781,0.5786,0.5775,0.5783,60024.0
2022-05-01 02:23:00,1651371780.0,0.5783,0.5785,0.5782,0.5785,14505.0
2022-05-01 02:24:00,1651371840.0,0.5785,0.58,0.5776,0.579,147667.0
2022-05-01 02:25:00,1651371900.0,0.5789,0.5793,0.5783,0.5788,23815.0
2022-05-01 02:26:00,1651371960.0,0.5791,0.5791,0.5777,0.578,28201.0
2022-05-01 02:27:00,1651372020.0,0.5778,0.5783,0.5776,0.5777,30586.0
2022-05-01 02:28:00,1651372080.0,0.578,0.578,0.5774,0.5774,10010.0
2022-05-01 02:29:00,1651372140.0,0.5774,0.5775,0.5766,0.5773,43400.0
2022-05-01 02:30:00,1651372200.0,0.5774,0.5775,0.577,0.5775,7308.0
2022-05-01 02:31:00,1651372260.0,0.5774,0.5775,0.5772,0.5774,6956.0
2022-05-01 02:32:00,1651372320.0,0.5774,0.5774,0.5767,0.577,50887.0
2022-05-01 02:33:00,1651372380.0,0.577,0.5772,0.5766,0.5769,23062.0
2022-05-01 02:34:00,1651372440.0,0.5772,0.5772,0.5764,0.5764,19512.0
2022-05-01 02:35:00,1651372500.0,0.5764,0.5765,0.5762,0.5764,4267.0
2022-05-01 02:36:00,1651372560.0,0.5767,0.577,0.5757,0.5757,12672.0
2022-05-01 02:37:00,1651372620.0,0.5754,0.5761,0.5749,0.5757,28241.0
2022-05-01 02:38:00,1651372680.0,0.5757,0.5757,0.5748,0.5748,24548.0
2022-05-01 02:39:00,1651372740.0,0.5747,0.5758,0.5747,0.5754,11702.0
2022-05-01 02:40:00,1651372800.0,0.5754,0.5755,0.5748,0.5748,34565.0
2022-05-01 02:41:00,1651372860.0,0.5749,0.5755,0.574,0.5741,24991.0
2022-05-01 02:42:00,1651372920.0,0.574,0.5747,0.5734,0.5746,42965.0
2022-05-01 02:43:00,1651372980.0,0.5746,0.5751,0.5744,0.5744,23816.0
2022-05-01 02:44:00,1651373040.0,0.5744,0.575,0.5743,0.5744,21423.0
2022-05-01 02:45:00,1651373100.0,0.5745,0.5748,0.5741,0.5747,9598.0
2022-05-01 02:46:00,1651373160.0,0.5748,0.5748,0.5739,0.5743,13767.0
2022-05-01 02:47:00,1651373220.0,0.5743,0.5748,0.5743,0.5745,13910.0
2022-05-01 02:48:00,1651373280.0,0.5746,0.5747,0.5741,0.5746,10584.0
2022-05-01 02:49:00,1651373340.0,0.5746,0.5748,0.5744,0.5746,36306.0
2022-05-01 02:50:00,1651373400.0,0.5745,0.5749,0.5745,0.5749,14222.0
2022-05-01 02:51:00,1651373460.0,0.5749,0.5749,0.5742,0.5746,39855.0
2022-05-01 02:52:00,1651373520.0,0.5744,0.5744,0.5722,0.5733,72547.0
2022-05-01 02:53:00,1651373580.0,0.5734,0.5737,0.573,0.5735,21918.0
2022-05-01 02:54:00,1651373640.0,0.5735,0.5738,0.5735,0.5736,5457.0
2022-05-01 02:55:00,1651373700.0,0.5737,0.5738,0.5732,0.5733,22209.0
2022-05-01 02:56:00,1651373760.0,0.5734,0.5736,0.5721,0.5723,34336.0
2022-05-01 02:57:00,1651373820.0,0.5723,0.5727,0.5722,0.5723,15095.0
2022-05-01 02:58:00,1651373880.0,0.5721,0.5729,0.5721,0.5724,13142.0
2022-05-01 02:59:00,1651373940.0,0.5723,0.573,0.5723,0.573,13630.0
2022-05-01 03:00:00,1651374000.0,0.5727,0.5733,0.5721,0.5721,31000.0
2022-05-01 03:01:00,1651374060.0,0.572,0.5726,0.5717,0.5721,57506.0
2022-05-01 03:02:00,1651374120.0,0.5721,0.5725,0.572,0.5725,9367.0
2022-05-01 03:03:00,1651374180.0,0.5724,0.5741,0.5723,0.573,152292.0
2022-05-01 03:04:00,1651374240.0,0.573,0.5737,0.573,0.5737,31448.0
2022-05-01 03:05:00,1651374300.0,0.5738,0.5741,0.5735,0.5736,12185.0
2022-05-01 03:06:00,1651374360.0,0.5737,0.5737,0.5733,0.5733,11833.0
2022-05-01 03:07:00,1651374420.0,0.5734,0.5743,0.5734,0.5739,33919.0
2022-05-01 03:08:00,1651374480.0,0.5742,0.5763,0.5742,0.5762,24357.0
2022-05-01 03:09:00,1651374540.0,0.5764,0.577,0.5758,0.5758,67844.0
2022-05-01 03:10:00,1651374600.0,0.5759,0.5762,0.5753,0.5756,21476.0
2022-05-01 03:11:00,1651374660.0,0.5755,0.576,0.5754,0.5757,8960.0
2022-05-01 03:12:00,1651374720.0,0.5756,0.5759,0.5751,0.5751,22771.0
2022-05-01 03:13:00,1651374780.0,0.5751,0.5756,0.5751,0.5755,5636.0
2022-05-01 03:14:00,1651374840.0,0.5755,0.5755,0.5747,0.5753,19542.0
2022-05-01 03:15:00,1651374900.0,0.5751,0.5751,0.5743,0.5746,23205.0
2022-05-01 03:16:00,1651374960.0,0.5745,0.5764,0.5741,0.5761,62680.0
2022-05-01 03:17:00,1651375020.0,0.5761,0.5763,0.5755,0.576,26710.0
2022-05-01 03:18:00,1651375080.0,0.5762,0.5762,0.5747,0.5755,23945.0
2022-05-01 03:19:00,1651375140.0,0.5755,0.576,0.5753,0.576,14304.0
2022-05-01 03:20:00,1651375200.0,0.576,0.576,0.575,0.5753,47847.0
2022-05-01 03:21:00,1651375260.0,0.5752,0.5765,0.5749,0.5758,78755.0
2022-05-01 03:22:00,1651375320.0,0.5762,0.5771,0.5762,0.5766,28559.0
2022-05-01 03:23:00,1651375380.0,0.5766,0.5773,0.576,0.577,42884.0
2022-05-01 03:24:00,1651375440.0,0.5772,0.5776,0.5769,0.5774,44392.0
2022-05-01 03:25:00,1651375500.0,0.5775,0.5785,0.5771,0.5784,46299.0
2022-05-01 03:26:00,1651375560.0,0.5784,0.5787,0.5771,0.5772,53000.0
2022-05-01 03:27:00,1651375620.0,0.5772,0.5773,0.5763,0.5769,65592.0
2022-05-01 03:28:00,1651375680.0,0.5766,0.5774,0.5766,0.5773,19039.0
2022-05-01 03:29:00,1651375740.0,0.5776,0.5789,0.5776,0.5786,49383.0
2022-05-01 03:30:00,1651375800.0,0.5786,0.5787,0.5768,0.5772,29551.0
2022-05-01 03:31:00,1651375860.0,0.577,0.5771,0.5758,0.5766,56531.0
2022-05-01 03:32:00,1651375920.0,0.5766,0.5768,0.5754,0.5754,57341.0
2022-05-01 03:33:00,1651375980.0,0.5754,0.5767,0.5753,0.5757,79071.0
2022-05-01 03:34:00,1651376040.0,0.5757,0.5759,0.5755,0.5758,15118.0
2022-05-01 03:35:00,1651376100.0,0.5758,0.5758,0.5748,0.5748,32247.0
2022-05-01 03:36:00,1651376160.0,0.5748,0.5748,0.5739,0.5739,33668.0
2022-05-01 03:37:00,1651376220.0,0.574,0.575,0.574,0.5748,40139.0
2022-05-01 03:38:00,1651376280.0,0.5748,0.5752,0.5743,0.5743,21158.0
2022-05-01 03:39:00,1651376340.0,0.5742,0.5747,0.5738,0.5742,49461.0
2022-05-01 03:40:00,1651376400.0,0.5741,0.5743,0.5735,0.5735,23789.0
2022-05-01 03:41:00,1651376460.0,0.5736,0.5741,0.5736,0.5738,16079.0
2022-05-01 03:42:00,1651376520.0,0.5738,0.5741,0.5732,0.5739,27748.0
2022-05-01 03:43:00,1651376580.0,0.5739,0.5743,0.5733,0.5739,39864.0
2022-05-01 03:44:00,1651376640.0,0.5739,0.5741,0.5734,0.5734,22698.0
2022-05-01 03:45:00,1651376700.0,0.5735,0.5738,0.5732,0.5738,19114.0
2022-05-01 03:46:00,1651376760.0,0.5738,0.5746,0.5738,0.574,38133.0
2022-05-01 03:47:00,1651376820.0,0.574,0.5743,0.5735,0.574,46532.0
2022-05-01 03:48:00,1651376880.0,0.574,0.5749,0.574,0.5742,38709.0
2022-05-01 03:49:00,1651376940.0,0.5742,0.5749,0.5742,0.5748,25608.0
2022-05-01 03:50:00,1651377000.0,0.5746,0.575,0.5746,0.575,17300.0
2022-05-01 03:51:00,1651377060.0,0.575,0.5752,0.5749,0.5752,6268.0
2022-05-01 03:52:00,1651377120.0,0.5752,0.5752,0.5746,0.5747,7242.0
2022-05-01 03:53:00,1651377180.0,0.5747,0.5751,0.5747,0.5749,14078.0
2022-05-01 03:54:00,1651377240.0,0.5751,0.5771,0.5751,0.5769,34806.0
2022-05-01 03:55:00,1651377300.0,0.5767,0.5771,0.5765,0.5765,26832.0
2022-05-01 03:56:00,1651377360.0,0.5765,0.5765,0.5754,0.5759,21964.0
2022-05-01 03:57:00,1651377420.0,0.576,0.5762,0.5756,0.5756,10236.0
2022-05-01 03:58:00,1651377480.0,0.5761,0.5763,0.576,0.5763,2652.0
2022-05-01 03:59:00,1651377540.0,0.5764,0.5766,0.576,0.5764,16546.0
2022-05-01 04:00:00,1651377600.0,0.5764,0.5765,0.5757,0.5761,37879.0
2022-05-01 04:01:00,1651377660.0,0.5761,0.5761,0.5749,0.5755,47918.0
2022-05-01 04:02:00,1651377720.0,0.5751,0.5754,0.5748,0.575,25588.0
2022-05-01 04:03:00,1651377780.0,0.5752,0.5761,0.5752,0.5757,23903.0
2022-05-01 04:04:00,1651377840.0,0.5756,0.5757,0.575,0.5753,16619.0
2022-05-01 04:05:00,1651377900.0,0.5751,0.5755,0.575,0.5754,4546.0
2022-05-01 04:06:00,1651377960.0,0.5755,0.5762,0.5755,0.5756,10321.0
2022-05-01 04:07:00,1651378020.0,0.5756,0.576,0.5752,0.5752,12501.0
2022-05-01 04:08:00,1651378080.0,0.5751,0.5751,0.5747,0.5748,14747.0
2022-05-01 04:09:00,1651378140.0,0.5749,0.5757,0.5747,0.5757,20558.0
2022-05-01 04:10:00,1651378200.0,0.5758,0.5758,0.5751,0.5752,8997.0
2022-05-01 04:11:00,1651378260.0,0.5751,0.5756,0.5751,0.5752,24221.0
2022-05-01 04:12:00,1651378320.0,0.5751,0.5757,0.5749,0.5751,33673.0
2022-05-01 04:13:00,1651378380.0,0.5751,0.5751,0.5734,0.5747,57361.0
2022-05-01 04:14:00,1651378440.0,0.5747,0.5747,0.574,0.5742,20884.0
2022-05-01 04:15:00,1651378500.0,0.5742,0.575,0.5736,0.5749,63470.0
2022-05-01 04:16:00,1651378560.0,0.5747,0.575,0.5746,0.5749,8150.0
2022-05-01 04:17:00,1651378620.0,0.575,0.5753,0.5742,0.5742,23342.0
2022-05-01 04:18:00,1651378680.0,0.5745,0.5752,0.5745,0.5749,13552.0
2022-05-01 04:19:00,1651378740.0,0.5749,0.5749,0.5735,0.574,34944.0
2022-05-01 04:20:00,1651378800.0,0.574,0.5747,0.5737,0.5747,28724.0
2022-05-01 04:21:00,1651378860.0,0.5749,0.5749,0.5744,0.5745,10774.0
2022-05-01 04:22:00,1651378920.0,0.5744,0.5744,0.5736,0.5738,36215.0
2022-05-01 04:23:00,1651378980.0,0.5741,0.5744,0.574,0.5742,8054.0
2022-05-01 04:24:00,1651379040.0,0.5741,0.5746,0.574,0.5746,31670.0
2022-05-01 04:25:00,1651379100.0,0.5747,0.5747,0.5742,0.5745,5803.0
2022-05-01 04:26:00,1651379160.0,0.5745,0.5745,0.5741,0.5742,3644.0
2022-05-01 04:27:00,1651379220.0,0.5741,0.5746,0.574,0.5744,26521.0
2022-05-01 04:28:00,1651379280.0,0.5744,0.5745,0.5743,0.5744,8804.0
2022-05-01 04:29:00,1651379340.0,0.5744,0.5746,0.5739,0.5739,29132.0
2022-05-01 04:30:00,1651379400.0,0.5737,0.5739,0.5727,0.5739,83903.0
2022-05-01 04:31:00,1651379460.0,0.574,0.5741,0.5734,0.5741,14332.0
2022-05-01 04:32:00,1651379520.0,0.5741,0.5741,0.5737,0.5738,36288.0
2022-05-01 04:33:00,1651379580.0,0.574,0.5742,0.5733,0.574,15961.0
2022-05-01 04:34:00,1651379640.0,0.574,0.575,0.574,0.575,26194.0
2022-05-01 04:35:00,1651379700.0,0.575,0.575,0.574,0.574,32912.0
2022-05-01 04:36:00,1651379760.0,0.5739,0.574,0.5736,0.574,19125.0
2022-05-01 04:37:00,1651379820.0,0.574,0.5745,0.574,0.5742,32392.0
2022-05-01 04:38:00,1651379880.0,0.5743,0.5743,0.5735,0.5735,40648.0
2022-05-01 04:39:00,1651379940.0,0.5734,0.5739,0.5733,0.5739,9513.0
2022-05-01 04:40:00,1651380000.0,0.5738,0.574,0.5728,0.5733,55046.0
2022-05-01 04:41:00,1651380060.0,0.5735,0.5739,0.5734,0.5734,28152.0
2022-05-01 04:42:00,1651380120.0,0.5734,0.5736,0.5734,0.5736,11229.0
2022-05-01 04:43:00,1651380180.0,0.5736,0.5739,0.5736,0.5738,7774.0
2022-05-01 04:44:00,1651380240.0,0.5737,0.5737,0.5732,0.5733,28905.0
2022-05-01 04:45:00,1651380300.0,0.5733,0.5734,0.5727,0.5734,26625.0
2022-05-01 04:46:00,1651380360.0,0.5732,0.5734,0.5729,0.5734,11235.0
2022-05-01 04:47:00,1651380420.0,0.5734,0.5734,0.5734,0.5734,983.0
2022-05-01 04:48:00,1651380480.0,0.5735,0.5735,0.5725,0.5728,20909.0
2022-05-01 04:49:00,1651380540.0,0.5729,0.5729,0.5723,0.5724,10327.0
2022-05-01 04:50:00,1651380600.0,0.5723,0.5723,0.5708,0.5718,70319.0
2022-05-01 04:51:00,1651380660.0,0.5719,0.5719,0.5712,0.5713,58767.0
2022-05-01 04:52:00,1651380720.0,0.5713,0.5723,0.5713,0.5717,29001.0
2022-05-01 04:53:00,1651380780.0,0.5716,0.572,0.5716,0.572,4042.0
2022-05-01 04:54:00,1651380840.0,0.5722,0.5723,0.5717,0.5719,48491.0
2022-05-01 04:55:00,1651380900.0,0.572,0.5729,0.572,0.5728,16534.0
2022-05-01 04:56:00,1651380960.0,0.5729,0.5739,0.5729,0.5735,33965.0
2022-05-01 04:57:00,1651381020.0,0.5733,0.5733,0.5728,0.573,14703.0
2022-05-01 04:58:00,1651381080.0,0.5731,0.5736,0.5731,0.5736,2356.0
2022-05-01 04:59:00,1651381140.0,0.5736,0.574,0.5735,0.5739,15682.0
2022-05-01 05:00:00,1651381200.0,0.5741,0.5747,0.574,0.5747,7170.0
2022-05-01 05:01:00,1651381260.0,0.5747,0.5747,0.5743,0.5746,12425.0
2022-05-01 05:02:00,1651381320.0,0.5744,0.5744,0.5737,0.5742,9536.0
2022-05-01 05:03:00,1651381380.0,0.5739,0.5744,0.5739,0.5741,14701.0
2022-05-01 05:04:00,1651381440.0,0.5742,0.5746,0.5742,0.5745,16515.0
2022-05-01 05:05:00,1651381500.0,0.5744,0.5744,0.5738,0.5742,26294.0
2022-05-01 05:06:00,1651381560.0,0.5739,0.5739,0.5725,0.5735,38860.0
2022-05-01 05:07:00,1651381620.0,0.5731,0.5741,0.5726,0.5741,18280.0
2022-05-01 05:08:00,1651381680.0,0.5741,0.5746,0.574,0.5746,11480.0
2022-05-01 05:09:00,1651381740.0,0.5746,0.5755,0.5746,0.5755,17065.0
2022-05-01 05:10:00,1651381800.0,0.5755,0.5775,0.5755,0.5774,69951.0
2022-05-01 05:11:00,1651381860.0,0.5775,0.5801,0.5775,0.5793,110626.0
2022-05-01 05:12:00,1651381920.0,0.5796,0.5802,0.5794,0.5798,73503.0
2022-05-01 05:13:00,1651381980.0,0.5796,0.581,0.5796,0.5806,60674.0
2022-05-01 05:14:00,1651382040.0,0.5808,0.5827,0.5808,0.5824,59879.0
2022-05-01 05:15:00,1651382100.0,0.5826,0.5836,0.5821,0.5831,68311.0
2022-05-01 05:16:00,1651382160.0,0.5829,0.5838,0.5817,0.5817,51710.0
2022-05-01 05:17:00,1651382220.0,0.5816,0.5816,0.5798,0.5808,69326.0
2022-05-01 05:18:00,1651382280.0,0.5809,0.5813,0.5804,0.5811,42915.0
2022-05-01 05:19:00,1651382340.0,0.5809,0.5815,0.5809,0.5815,21592.0
2022-05-01 05:20:00,1651382400.0,0.5813,0.5852,0.5813,0.5843,149995.0
2022-05-01 05:21:00,1651382460.0,0.584,0.5848,0.5839,0.5847,17845.0
2022-05-01 05:22:00,1651382520.0,0.5849,0.5849,0.5837,0.5837,17299.0
2022-05-01 05:23:00,1651382580.0,0.5836,0.5854,0.5836,0.5851,40188.0
2022-05-01 05:24:00,1651382640.0,0.5849,0.5849,0.5833,0.5839,46531.0
2022-05-01 05:25:00,1651382700.0,0.5837,0.5837,0.582,0.5823,41004.0
2022-05-01 05:26:00,1651382760.0,0.5822,0.5844,0.5822,0.5844,104252.0
2022-05-01 05:27:00,1651382820.0,0.5843,0.5855,0.584,0.5855,46442.0
2022-05-01 05:28:00,1651382880.0,0.5855,0.5855,0.5848,0.5854,25882.0
2022-05-01 05:29:00,1651382940.0,0.5852,0.5858,0.5851,0.5858,68711.0
2022-05-01 05:30:00,1651383000.0,0.5858,0.5871,0.5856,0.5862,66038.0
2022-05-01 05:31:00,1651383060.0,0.5861,0.5867,0.5845,0.5848,68900.0
2022-05-01 05:32:00,1651383120.0,0.5848,0.5856,0.5844,0.5855,24488.0
2022-05-01 05:33:00,1651383180.0,0.5852,0.5856,0.5846,0.5856,28753.0
2022-05-01 05:34:00,1651383240.0,0.5856,0.5866,0.5854,0.5858,29288.0
2022-05-01 05:35:00,1651383300.0,0.5857,0.5861,0.5852,0.5852,15073.0
2022-05-01 05:36:00,1651383360.0,0.5854,0.5863,0.5854,0.5862,31487.0
2022-05-01 05:37:00,1651383420.0,0.5861,0.5866,0.5859,0.5866,25670.0
2022-05-01 05:38:00,1651383480.0,0.5864,0.5867,0.5862,0.5863,52565.0
2022-05-01 05:39:00,1651383540.0,0.5863,0.5867,0.5847,0.5859,62821.0
2022-05-01 05:40:00,1651383600.0,0.5858,0.5862,0.5856,0.5858,30600.0
2022-05-01 05:41:00,1651383660.0,0.5858,0.5864,0.5856,0.5864,24574.0
2022-05-01 05:42:00,1651383720.0,0.5864,0.5865,0.5858,0.5861,28988.0
2022-05-01 05:43:00,1651383780.0,0.5858,0.5864,0.5858,0.5861,19511.0
2022-05-01 05:44:00,1651383840.0,0.5859,0.5863,0.5853,0.5861,45745.0
2022-05-01 05:45:00,1651383900.0,0.5863,0.5864,0.5854,0.5854,18451.0
2022-05-01 05:46:00,1651383960.0,0.5854,0.5856,0.5834,0.5849,47712.0
2022-05-01 05:47:00,1651384020.0,0.5849,0.585,0.5841,0.5844,27004.0
2022-05-01 05:48:00,1651384080.0,0.5842,0.5844,0.5837,0.5843,23635.0
2022-05-01 05:49:00,1651384140.0,0.5843,0.585,0.5841,0.5841,15434.0
2022-05-01 05:50:00,1651384200.0,0.5841,0.5846,0.5841,0.5843,4152.0
2022-05-01 05:51:00,1651384260.0,0.5843,0.5854,0.5843,0.5848,53948.0
2022-05-01 05:52:00,1651384320.0,0.5846,0.5853,0.5846,0.5847,26680.0
2022-05-01 05:53:00,1651384380.0,0.5848,0.585,0.5847,0.5847,7851.0
2022-05-01 05:54:00,1651384440.0,0.5848,0.5854,0.5847,0.5853,22336.0
2022-05-01 05:55:00,1651384500.0,0.5852,0.5852,0.5845,0.5851,27250.0
2022-05-01 05:56:00,1651384560.0,0.5851,0.5851,0.5845,0.585,17261.0
2022-05-01 05:57:00,1651384620.0,0.585,0.5856,0.585,0.5854,31447.0
2022-05-01 05:58:00,1651384680.0,0.5855,0.5862,0.5855,0.5858,49259.0
2022-05-01 05:59:00,1651384740.0,0.5857,0.5861,0.5847,0.5859,24350.0
2022-05-01 06:00:00,1651384800.0,0.586,0.5862,0.5853,0.5853,45307.0
2022-05-01 06:01:00,1651384860.0,0.5853,0.5867,0.5851,0.5864,55063.0
2022-05-01 06:02:00,1651384920.0,0.5864,0.5865,0.5855,0.5862,41859.0
2022-05-01 06:03:00,1651384980.0,0.5862,0.5862,0.5858,0.586,15828.0
2022-05-01 06:04:00,1651385040.0,0.586,0.5866,0.586,0.5863,18713.0
2022-05-01 06:05:00,1651385100.0,0.5864,0.5876,0.5863,0.5866,62353.0
2022-05-01 06:06:00,1651385160.0,0.5868,0.5882,0.5863,0.5867,43961.0
2022-05-01 06:07:00,1651385220.0,0.5864,0.5869,0.5859,0.5869,12714.0
2022-05-01 06:08:00,1651385280.0,0.587,0.5872,0.5867,0.5872,17964.0
2022-05-01 06:09:00,1651385340.0,0.5872,0.5875,0.5869,0.5873,32326.0
2022-05-01 06:10:00,1651385400.0,0.5871,0.5876,0.5867,0.5867,37898.0
2022-05-01 06:11:00,1651385460.0,0.5867,0.587,0.5866,0.5867,16544.0
2022-05-01 06:12:00,1651385520.0,0.5867,0.587,0.5857,0.586,19000.0
2022-05-01 06:13:00,1651385580.0,0.5859,0.5864,0.5859,0.5862,5999.0
2022-05-01 06:14:00,1651385640.0,0.5862,0.5862,0.585,0.585,13573.0
2022-05-01 06:15:00,1651385700.0,0.5857,0.5858,0.5854,0.5854,9519.0
2022-05-01 06:16:00,1651385760.0,0.5853,0.5857,0.5853,0.5856,7917.0
2022-05-01 06:17:00,1651385820.0,0.5854,0.5855,0.585,0.585,55744.0
2022-05-01 06:18:00,1651385880.0,0.585,0.5852,0.5847,0.5847,8018.0
2022-05-01 06:19:00,1651385940.0,0.5846,0.5851,0.5846,0.5846,16020.0
2022-05-01 06:20:00,1651386000.0,0.5848,0.5848,0.5844,0.5845,11869.0
2022-05-01 06:21:00,1651386060.0,0.5846,0.5855,0.5846,0.5855,10799.0
2022-05-01 06:22:00,1651386120.0,0.5854,0.5854,0.5847,0.585,8273.0
2022-05-01 06:23:00,1651386180.0,0.5848,0.5856,0.5848,0.5855,5544.0
2022-05-01 06:24:00,1651386240.0,0.5854,0.5854,0.5852,0.5854,3766.0
2022-05-01 06:25:00,1651386300.0,0.5854,0.5857,0.5853,0.5857,11178.0
2022-05-01 06:26:00,1651386360.0,0.5856,0.5856,0.5854,0.5854,12386.0
2022-05-01 06:27:00,1651386420.0,0.5854,0.5869,0.5854,0.5864,40269.0
2022-05-01 06:28:00,1651386480.0,0.5863,0.5867,0.5852,0.5854,18056.0
2022-05-01 06:29:00,1651386540.0,0.5857,0.586,0.5857,0.5859,19326.0
2022-05-01 06:30:00,1651386600.0,0.586,0.5862,0.5857,0.5857,4091.0
2022-05-01 06:31:00,1651386660.0,0.5857,0.5859,0.5852,0.5852,10260.0
2022-05-01 06:32:00,1651386720.0,0.5851,0.5851,0.5836,0.5849,35580.0
2022-05-01 06:33:00,1651386780.0,0.5845,0.5846,0.5843,0.5844,10356.0
2022-05-01 06:34:00,1651386840.0,0.5843,0.585,0.5842,0.5847,15322.0
2022-05-01 06:35:00,1651386900.0,0.5846,0.5853,0.5846,0.5853,18231.0
2022-05-01 06:36:00,1651386960.0,0.5853,0.5855,0.5852,0.5853,2720.0
2022-05-01 06:37:00,1651387020.0,0.5853,0.5856,0.585,0.5853,16984.0
2022-05-01 06:38:00,1651387080.0,0.5854,0.5854,0.5846,0.5848,15922.0
2022-05-01 06:39:00,1651387140.0,0.5848,0.5856,0.5848,0.5852,18820.0
2022-05-01 06:40:00,1651387200.0,0.5852,0.5858,0.5852,0.5857,24045.0
2022-05-01 06:41:00,1651387260.0,0.5858,0.5858,0.5847,0.585,25482.0
2022-05-01 06:42:00,1651387320.0,0.5849,0.5854,0.5849,0.5849,8306.0
2022-05-01 06:43:00,1651387380.0,0.585,0.5851,0.5844,0.5851,12908.0
2022-05-01 06:44:00,1651387440.0,0.585,0.585,0.5843,0.5843,15833.0
2022-05-01 06:45:00,1651387500.0,0.5842,0.5843,0.5838,0.584,12028.0
2022-05-01 06:46:00,1651387560.0,0.5841,0.5846,0.5841,0.5844,4978.0
2022-05-01 06:47:00,1651387620.0,0.5844,0.5845,0.5843,0.5843,9130.0
2022-05-01 06:48:00,1651387680.0,0.5842,0.5846,0.5842,0.5843,3513.0
2022-05-01 06:49:00,1651387740.0,0.5843,0.5855,0.5843,0.5853,20637.0
2022-05-01 06:50:00,1651387800.0,0.585,0.5851,0.5844,0.5844,17301.0
2022-05-01 06:51:00,1651387860.0,0.5845,0.5846,0.5844,0.5844,2344.0
2022-05-01 06:52:00,1651387920.0,0.5844,0.5844,0.5837,0.5837,4343.0
2022-05-01 06:53:00,1651387980.0,0.5839,0.5842,0.5838,0.5838,6854.0
2022-05-01 06:54:00,1651388040.0,0.5838,0.5838,0.5833,0.5834,21948.0
2022-05-01 06:55:00,1651388100.0,0.5832,0.5833,0.5826,0.5831,17443.0
2022-05-01 06:56:00,1651388160.0,0.5832,0.5834,0.5828,0.5832,8641.0
2022-05-01 06:57:00,1651388220.0,0.5833,0.5834,0.5832,0.5833,4713.0
2022-05-01 06:58:00,1651388280.0,0.5834,0.5838,0.5834,0.5834,10788.0
2022-05-01 06:59:00,1651388340.0,0.5834,0.5834,0.583,0.583,13271.0
2022-05-01 07:00:00,1651388400.0,0.5832,0.5843,0.5832,0.5843,4935.0
2022-05-01 07:01:00,1651388460.0,0.5843,0.5845,0.5835,0.5835,4805.0
2022-05-01 07:02:00,1651388520.0,0.5834,0.5834,0.5822,0.5833,25398.0
2022-05-01 07:03:00,1651388580.0,0.5834,0.5848,0.5834,0.5848,20497.0
2022-05-01 07:04:00,1651388640.0,0.5844,0.5846,0.5838,0.5846,20460.0
2022-05-01 07:05:00,1651388700.0,0.5847,0.5851,0.5847,0.5849,21094.0
2022-05-01 07:06:00,1651388760.0,0.5847,0.5847,0.5842,0.5842,1633.0
2022-05-01 07:07:00,1651388820.0,0.5841,0.5845,0.5838,0.584,23321.0
2022-05-01 07:08:00,1651388880.0,0.5843,0.5843,0.5839,0.584,9926.0
2022-05-01 07:09:00,1651388940.0,0.5839,0.5839,0.5832,0.5833,14524.0
2022-05-01 07:10:00,1651389000.0,0.5833,0.5839,0.583,0.5833,40096.0
2022-05-01 07:11:00,1651389060.0,0.5835,0.5835,0.5825,0.5825,17715.0
2022-05-01 07:12:00,1651389120.0,0.5827,0.5831,0.5827,0.583,16019.0
2022-05-01 07:13:00,1651389180.0,0.583,0.5835,0.583,0.5834,3030.0
2022-05-01 07:14:00,1651389240.0,0.5836,0.5837,0.5833,0.5837,4272.0
2022-05-01 07:15:00,1651389300.0,0.5839,0.584,0.5834,0.5834,8893.0
2022-05-01 07:16:00,1651389360.0,0.5834,0.5835,0.5831,0.5832,16997.0
2022-05-01 07:17:00,1651389420.0,0.5833,0.5838,0.5833,0.5838,13737.0
2022-05-01 07:18:00,1651389480.0,0.5836,0.5837,0.5835,0.5837,2852.0
2022-05-01 07:19:00,1651389540.0,0.5837,0.5837,0.5832,0.5833,4370.0
2022-05-01 07:20:00,1651389600.0,0.5836,0.5836,0.5833,0.5834,1801.0
2022-05-01 07:21:00,1651389660.0,0.5836,0.5839,0.5835,0.5839,7770.0
2022-05-01 07:22:00,1651389720.0,0.5837,0.5838,0.5837,0.5837,3658.0
2022-05-01 07:23:00,1651389780.0,0.5835,0.5835,0.5822,0.5829,29682.0
2022-05-01 07:24:00,1651389840.0,0.5827,0.5831,0.5827,0.5829,8189.0
2022-05-01 07:25:00,1651389900.0,0.583,0.5839,0.583,0.5839,14087.0
2022-05-01 07:26:00,1651389960.0,0.5836,0.5842,0.5835,0.5842,9124.0
2022-05-01 07:27:00,1651390020.0,0.5842,0.5842,0.5835,0.5841,44439.0
2022-05-01 07:28:00,1651390080.0,0.5842,0.5842,0.5834,0.5834,14608.0
2022-05-01 07:29:00,1651390140.0,0.5835,0.5841,0.5835,0.5841,14640.0
2022-05-01 07:30:00,1651390200.0,0.5839,0.5844,0.5837,0.5844,9819.0
2022-05-01 07:31:00,1651390260.0,0.5844,0.5844,0.5842,0.5844,5280.0
2022-05-01 07:32:00,1651390320.0,0.5844,0.5847,0.5844,0.5847,824.0
2022-05-01 07:33:00,1651390380.0,0.5848,0.5866,0.5848,0.5861,94740.0
2022-05-01 07:34:00,1651390440.0,0.5864,0.5874,0.5864,0.5874,29373.0
2022-05-01 07:35:00,1651390500.0,0.5875,0.5881,0.5875,0.5877,9675.0
2022-05-01 07:36:00,1651390560.0,0.5876,0.5876,0.5864,0.5865,30272.0
2022-05-01 07:37:00,1651390620.0,0.5864,0.587,0.586,0.5868,12962.0
2022-05-01 07:38:00,1651390680.0,0.5867,0.5868,0.5865,0.5867,9172.0
2022-05-01 07:39:00,1651390740.0,0.5866,0.5876,0.5866,0.5875,41002.0
2022-05-01 07:40:00,1651390800.0,0.5874,0.5876,0.5869,0.5874,12504.0
2022-05-01 07:41:00,1651390860.0,0.5871,0.5872,0.5864,0.5865,16345.0
2022-05-01 07:42:00,1651390920.0,0.5866,0.5866,0.5862,0.5864,5951.0
2022-05-01 07:43:00,1651390980.0,0.5864,0.5864,0.5853,0.5854,23459.0
2022-05-01 07:44:00,1651391040.0,0.5855,0.5859,0.5853,0.5853,2882.0
2022-05-01 07:45:00,1651391100.0,0.5851,0.5863,0.585,0.5863,37131.0
2022-05-01 07:46:00,1651391160.0,0.5864,0.5871,0.5863,0.587,11699.0
2022-05-01 07:47:00,1651391220.0,0.5867,0.5869,0.5865,0.5865,9806.0
2022-05-01 07:48:00,1651391280.0,0.5865,0.5872,0.5862,0.5863,20907.0
2022-05-01 07:49:00,1651391340.0,0.5864,0.5868,0.5863,0.5863,3373.0
2022-05-01 07:50:00,1651391400.0,0.5862,0.5862,0.5859,0.5862,874.0
2022-05-01 07:51:00,1651391460.0,0.5862,0.5867,0.5854,0.5855,53689.0
2022-05-01 07:52:00,1651391520.0,0.5855,0.5856,0.5843,0.5843,20595.0
2022-05-01 07:53:00,1651391580.0,0.5844,0.5849,0.5844,0.5848,4950.0
2022-05-01 07:54:00,1651391640.0,0.5849,0.5854,0.584,0.584,19790.0
2022-05-01 07:55:00,1651391700.0,0.5841,0.5841,0.5833,0.5834,18623.0
2022-05-01 07:56:00,1651391760.0,0.5837,0.5846,0.5837,0.5844,8983.0
2022-05-01 07:57:00,1651391820.0,0.5842,0.5842,0.5819,0.5831,169455.0
2022-05-01 07:58:00,1651391880.0,0.5831,0.5831,0.5824,0.5826,22439.0
2022-05-01 07:59:00,1651391940.0,0.5825,0.5827,0.5817,0.5827,30168.0
2022-05-01 08:00:00,1651392000.0,0.5828,0.5836,0.582,0.5821,37084.0
2022-05-01 08:01:00,1651392060.0,0.5822,0.5827,0.5821,0.5827,8099.0
2022-05-01 08:02:00,1651392120.0,0.5827,0.583,0.5826,0.5829,23469.0
2022-05-01 08:03:00,1651392180.0,0.5828,0.5835,0.5828,0.5834,17589.0
2022-05-01 08:04:00,1651392240.0,0.5837,0.5838,0.5829,0.5829,7173.0
2022-05-01 08:05:00,1651392300.0,0.5828,0.5843,0.5827,0.5843,59770.0
2022-05-01 08:06:00,1651392360.0,0.5845,0.5855,0.5845,0.5854,20027.0
2022-05-01 08:07:00,1651392420.0,0.5851,0.5854,0.5849,0.5849,7491.0
2022-05-01 08:08:00,1651392480.0,0.5848,0.5855,0.5847,0.5853,15226.0
2022-05-01 08:09:00,1651392540.0,0.5851,0.5861,0.5851,0.5861,24621.0
2022-05-01 08:10:00,1651392600.0,0.5861,0.5863,0.5857,0.5859,9300.0
2022-05-01 08:11:00,1651392660.0,0.5861,0.5869,0.5861,0.5869,21074.0
2022-05-01 08:12:00,1651392720.0,0.587,0.5886,0.587,0.5883,62165.0
2022-05-01 08:13:00,1651392780.0,0.5883,0.5883,0.5877,0.5877,25406.0
2022-05-01 08:14:00,1651392840.0,0.5878,0.5882,0.5872,0.5874,39980.0
2022-05-01 08:15:00,1651392900.0,0.5876,0.5881,0.5875,0.5875,11468.0
2022-05-01 08:16:00,1651392960.0,0.5876,0.5876,0.587,0.5874,28030.0
2022-05-01 08:17:00,1651393020.0,0.5875,0.5875,0.5867,0.5873,9663.0
2022-05-01 08:18:00,1651393080.0,0.5873,0.5882,0.5871,0.5881,55783.0
2022-05-01 08:19:00,1651393140.0,0.5881,0.5885,0.5875,0.5875,12645.0
2022-05-01 08:20:00,1651393200.0,0.5874,0.5878,0.5869,0.5877,17618.0
2022-05-01 08:21:00,1651393260.0,0.5875,0.5877,0.5871,0.5871,29039.0
2022-05-01 08:22:00,1651393320.0,0.5873,0.5876,0.5867,0.5872,22135.0
2022-05-01 08:23:00,1651393380.0,0.5871,0.5871,0.5858,0.5866,39401.0
2022-05-01 08:24:00,1651393440.0,0.5866,0.5874,0.5862,0.5874,10261.0
2022-05-01 08:25:00,1651393500.0,0.5873,0.5873,0.586,0.5867,27969.0
2022-05-01 08:26:00,1651393560.0,0.5865,0.5871,0.5865,0.5868,24118.0
2022-05-01 08:27:00,1651393620.0,0.5866,0.587,0.5866,0.587,438.0
2022-05-01 08:28:00,1651393680.0,0.5869,0.5869,0.5863,0.5864,21376.0
2022-05-01 08:29:00,1651393740.0,0.5863,0.5864,0.5854,0.586,65717.0
2022-05-01 08:30:00,1651393800.0,0.5861,0.5867,0.586,0.5862,32204.0
2022-05-01 08:31:00,1651393860.0,0.5861,0.5868,0.5861,0.5866,4207.0
2022-05-01 08:32:00,1651393920.0,0.5868,0.5869,0.5863,0.5863,17796.0
2022-05-01 08:33:00,1651393980.0,0.5864,0.5869,0.5863,0.5863,26048.0
2022-05-01 08:34:00,1651394040.0,0.5867,0.5871,0.5863,0.5866,8710.0
2022-05-01 08:35:00,1651394100.0,0.5867,0.5867,0.5864,0.5864,9379.0
2022-05-01 08:36:00,1651394160.0,0.5865,0.5869,0.5865,0.5869,5508.0
2022-05-01 08:37:00,1651394220.0,0.5869,0.587,0.5859,0.5859,13204.0
2022-05-01 08:38:00,1651394280.0,0.586,0.586,0.5851,0.5855,24841.0
2022-05-01 08:39:00,1651394340.0,0.5855,0.5855,0.585,0.5852,9490.0
2022-05-01 08:40:00,1651394400.0,0.5853,0.5853,0.585,0.5851,14935.0
2022-05-01 08:41:00,1651394460.0,0.5852,0.586,0.5852,0.586,5775.0
2022-05-01 08:42:00,1651394520.0,0.5861,0.5865,0.5857,0.5865,19788.0
2022-05-01 08:43:00,1651394580.0,0.5864,0.5868,0.586,0.5867,14718.0
2022-05-01 08:44:00,1651394640.0,0.5865,0.587,0.5865,0.5868,13746.0
2022-05-01 08:45:00,1651394700.0,0.5869,0.5869,0.5865,0.5866,8526.0
2022-05-01 08:46:00,1651394760.0,0.5867,0.5868,0.5862,0.5863,8616.0
2022-05-01 08:47:00,1651394820.0,0.5866,0.5868,0.5864,0.5868,7498.0
2022-05-01 08:48:00,1651394880.0,0.5869,0.5877,0.5869,0.5874,14720.0
2022-05-01 08:49:00,1651394940.0,0.5875,0.5876,0.5871,0.5876,4068.0
2022-05-01 08:50:00,1651395000.0,0.5876,0.5878,0.5876,0.5877,2245.0
2022-05-01 08:51:00,1651395060.0,0.5878,0.588,0.5878,0.5879,5153.0
2022-05-01 08:52:00,1651395120.0,0.5881,0.5891,0.5881,0.5891,9090.0
2022-05-01 08:53:00,1651395180.0,0.5891,0.5901,0.5891,0.5893,22995.0
2022-05-01 08:54:00,1651395240.0,0.589,0.589,0.5886,0.5886,3345.0
2022-05-01 08:55:00,1651395300.0,0.5886,0.5886,0.5878,0.5879,12728.0
2022-05-01 08:56:00,1651395360.0,0.5879,0.5883,0.5876,0.5879,28305.0
2022-05-01 08:57:00,1651395420.0,0.5879,0.5885,0.5878,0.5881,14078.0
2022-05-01 08:58:00,1651395480.0,0.5883,0.5889,0.5883,0.5889,3388.0
2022-05-01 08:59:00,1651395540.0,0.589,0.5891,0.5888,0.5888,10977.0
2022-05-01 09:00:00,1651395600.0,0.5888,0.5899,0.5888,0.5893,19754.0
2022-05-01 09:01:00,1651395660.0,0.5893,0.591,0.5893,0.5905,206247.0
2022-05-01 09:02:00,1651395720.0,0.5905,0.5908,0.5904,0.5905,3215.0
2022-05-01 09:03:00,1651395780.0,0.5904,0.591,0.5904,0.591,9065.0
2022-05-01 09:04:00,1651395840.0,0.591,0.591,0.5905,0.5905,30067.0
2022-05-01 09:05:00,1651395900.0,0.5905,0.5905,0.5895,0.5895,3824.0
2022-05-01 09:06:00,1651395960.0,0.5895,0.5901,0.5895,0.5899,11153.0
2022-05-01 09:07:00,1651396020.0,0.5901,0.5901,0.5892,0.5892,2928.0
2022-05-01 09:08:00,1651396080.0,0.5894,0.5898,0.5889,0.5898,14338.0
2022-05-01 09:09:00,1651396140.0,0.5897,0.5898,0.5894,0.5898,9291.0
2022-05-01 09:10:00,1651396200.0,0.5899,0.5899,0.5893,0.5897,10153.0
2022-05-01 09:11:00,1651396260.0,0.5895,0.59,0.5895,0.5897,1905.0
2022-05-01 09:12:00,1651396320.0,0.5898,0.5899,0.589,0.5891,9102.0
2022-05-01 09:13:00,1651396380.0,0.5894,0.5895,0.5883,0.5885,34445.0
2022-05-01 09:14:00,1651396440.0,0.5885,0.5887,0.5869,0.5878,44841.0
2022-05-01 09:15:00,1651396500.0,0.5879,0.5886,0.5877,0.5881,27377.0
2022-05-01 09:16:00,1651396560.0,0.5877,0.588,0.5873,0.5876,19668.0
2022-05-01 09:17:00,1651396620.0,0.5875,0.5878,0.5875,0.5875,14477.0
2022-05-01 09:18:00,1651396680.0,0.5878,0.588,0.5878,0.5879,2944.0
2022-05-01 09:19:00,1651396740.0,0.5879,0.5883,0.5879,0.5882,7741.0
2022-05-01 09:20:00,1651396800.0,0.588,0.5888,0.5878,0.5878,15312.0
2022-05-01 09:21:00,1651396860.0,0.5881,0.5885,0.5881,0.5882,5926.0
2022-05-01 09:22:00,1651396920.0,0.5883,0.5884,0.588,0.588,4032.0
2022-05-01 09:23:00,1651396980.0,0.5879,0.5884,0.5879,0.5881,8892.0
2022-05-01 09:24:00,1651397040.0,0.5882,0.5883,0.5876,0.5876,3454.0
2022-05-01 09:25:00,1651397100.0,0.5874,0.5882,0.5872,0.5882,8194.0
2022-05-01 09:26:00,1651397160.0,0.5881,0.5892,0.5879,0.589,28602.0
2022-05-01 09:27:00,1651397220.0,0.5891,0.5891,0.5883,0.5884,28948.0
2022-05-01 09:28:00,1651397280.0,0.5887,0.5891,0.5885,0.5886,14049.0
2022-05-01 09:29:00,1651397340.0,0.5887,0.5888,0.5885,0.5888,8225.0
2022-05-01 09:30:00,1651397400.0,0.5888,0.5888,0.5879,0.5881,18940.0
2022-05-01 09:31:00,1651397460.0,0.5881,0.5884,0.588,0.5883,6425.0
2022-05-01 09:32:00,1651397520.0,0.5884,0.5888,0.5884,0.5888,3290.0
2022-05-01 09:33:00,1651397580.0,0.5889,0.5891,0.5884,0.5884,17452.0
2022-05-01 09:34:00,1651397640.0,0.5883,0.5884,0.5876,0.5884,22565.0
2022-05-01 09:35:00,1651397700.0,0.5885,0.5885,0.5881,0.5883,4484.0
2022-05-01 09:36:00,1651397760.0,0.5885,0.5885,0.588,0.5881,3040.0
2022-05-01 09:37:00,1651397820.0,0.5882,0.5885,0.588,0.5884,10264.0
2022-05-01 09:38:00,1651397880.0,0.5883,0.5883,0.5859,0.5859,35736.0
2022-05-01 09:39:00,1651397940.0,0.5859,0.5869,0.5853,0.5866,75662.0
2022-05-01 09:40:00,1651398000.0,0.5865,0.5865,0.5863,0.5864,3970.0
2022-05-01 09:41:00,1651398060.0,0.5865,0.5872,0.5863,0.5871,15167.0
2022-05-01 09:42:00,1651398120.0,0.5871,0.5871,0.5867,0.5867,4264.0
2022-05-01 09:43:00,1651398180.0,0.5865,0.5866,0.5854,0.5855,30390.0
2022-05-01 09:44:00,1651398240.0,0.5855,0.5859,0.5855,0.5858,8460.0
2022-05-01 09:45:00,1651398300.0,0.5859,0.5862,0.585,0.5852,24803.0
2022-05-01 09:46:00,1651398360.0,0.5852,0.5855,0.5845,0.585,76153.0
2022-05-01 09:47:00,1651398420.0,0.5853,0.5856,0.585,0.5852,27207.0
2022-05-01 09:48:00,1651398480.0,0.5851,0.5859,0.5851,0.5858,17816.0
2022-05-01 09:49:00,1651398540.0,0.5858,0.586,0.5858,0.586,10729.0
2022-05-01 09:50:00,1651398600.0,0.586,0.586,0.5856,0.586,13503.0
2022-05-01 09:51:00,1651398660.0,0.586,0.5868,0.5859,0.5868,59544.0
2022-05-01 09:52:00,1651398720.0,0.5868,0.5876,0.5867,0.5872,31704.0
2022-05-01 09:53:00,1651398780.0,0.5873,0.5874,0.5868,0.5868,11747.0
2022-05-01 09:54:00,1651398840.0,0.5868,0.5868,0.5864,0.5866,10487.0
2022-05-01 09:55:00,1651398900.0,0.5865,0.5867,0.5862,0.5865,20510.0
2022-05-01 09:56:00,1651398960.0,0.5867,0.5871,0.5867,0.5871,7357.0
2022-05-01 09:57:00,1651399020.0,0.5871,0.5875,0.5862,0.5862,36828.0
2022-05-01 09:58:00,1651399080.0,0.5862,0.5862,0.5859,0.5859,2639.0
2022-05-01 09:59:00,1651399140.0,0.5859,0.586,0.5856,0.5856,2110.0
2022-05-01 10:00:00,1651399200.0,0.5856,0.5862,0.5855,0.5862,12142.0
2022-05-01 10:01:00,1651399260.0,0.5862,0.5871,0.5862,0.5869,20340.0
2022-05-01 10:02:00,1651399320.0,0.587,0.587,0.5858,0.5858,24448.0
2022-05-01 10:03:00,1651399380.0,0.5856,0.5867,0.5855,0.5864,41648.0
2022-05-01 10:04:00,1651399440.0,0.5864,0.5865,0.5857,0.5858,21217.0
2022-05-01 10:05:00,1651399500.0,0.5858,0.5864,0.5858,0.5864,35736.0
2022-05-01 10:06:00,1651399560.0,0.5867,0.5872,0.5867,0.5872,4462.0
2022-05-01 10:07:00,1651399620.0,0.5873,0.5873,0.5869,0.587,10006.0
2022-05-01 10:08:00,1651399680.0,0.5872,0.5888,0.5872,0.5881,40949.0
2022-05-01 10:09:00,1651399740.0,0.5884,0.5889,0.5884,0.5885,5033.0
2022-05-01 10:10:00,1651399800.0,0.5885,0.5888,0.5882,0.5882,3407.0
2022-05-01 10:11:00,1651399860.0,0.5882,0.5888,0.5879,0.5879,45374.0
2022-05-01 10:12:00,1651399920.0,0.5879,0.5882,0.5879,0.5879,9053.0
2022-05-01 10:13:00,1651399980.0,0.5879,0.5881,0.5876,0.5876,14604.0
2022-05-01 10:14:00,1651400040.0,0.5877,0.5879,0.5877,0.5879,10941.0
2022-05-01 10:15:00,1651400100.0,0.5878,0.5878,0.5857,0.5861,43992.0
2022-05-01 10:16:00,1651400160.0,0.5861,0.5866,0.5861,0.5866,13068.0
2022-05-01 10:17:00,1651400220.0,0.5866,0.5866,0.586,0.5864,10129.0
2022-05-01 10:18:00,1651400280.0,0.5867,0.5868,0.5867,0.5868,415.0
2022-05-01 10:19:00,1651400340.0,0.5869,0.5885,0.5869,0.5882,28043.0
2022-05-01 10:20:00,1651400400.0,0.5881,0.589,0.5879,0.589,5740.0
2022-05-01 10:21:00,1651400460.0,0.589,0.589,0.5884,0.5884,14979.0
2022-05-01 10:22:00,1651400520.0,0.5884,0.5894,0.5884,0.5893,12054.0
2022-05-01 10:23:00,1651400580.0,0.5891,0.5897,0.5891,0.5896,18014.0
2022-05-01 10:24:00,1651400640.0,0.5896,0.59,0.5896,0.5899,6151.0
2022-05-01 10:25:00,1651400700.0,0.59,0.5905,0.5898,0.5898,18541.0
2022-05-01 10:26:00,1651400760.0,0.5899,0.59,0.5897,0.5897,8027.0
2022-05-01 10:27:00,1651400820.0,0.5896,0.59,0.5892,0.5899,9054.0
2022-05-01 10:28:00,1651400880.0,0.5898,0.5899,0.5898,0.5899,5003.0
2022-05-01 10:29:00,1651400940.0,0.5899,0.5904,0.5898,0.5903,31210.0
2022-05-01 10:30:00,1651401000.0,0.5901,0.5904,0.5898,0.59,23812.0
2022-05-01 10:31:00,1651401060.0,0.5902,0.5902,0.5896,0.5896,2633.0
2022-05-01 10:32:00,1651401120.0,0.5899,0.5899,0.5891,0.5892,23428.0
2022-05-01 10:33:00,1651401180.0,0.5892,0.5895,0.5889,0.5895,10712.0
2022-05-01 10:34:00,1651401240.0,0.5896,0.5897,0.5893,0.5895,14254.0
2022-05-01 10:35:00,1651401300.0,0.5896,0.5903,0.5895,0.5895,19871.0
2022-05-01 10:36:00,1651401360.0,0.5893,0.5893,0.5877,0.5878,21591.0
2022-05-01 10:37:00,1651401420.0,0.5879,0.5884,0.5878,0.5884,3062.0
2022-05-01 10:38:00,1651401480.0,0.5884,0.5885,0.5883,0.5883,3259.0
2022-05-01 10:39:00,1651401540.0,0.5882,0.5882,0.588,0.588,7289.0
2022-05-01 10:40:00,1651401600.0,0.588,0.588,0.5877,0.5878,3348.0
2022-05-01 10:41:00,1651401660.0,0.5881,0.5881,0.5879,0.588,8090.0
2022-05-01 10:42:00,1651401720.0,0.588,0.588,0.5877,0.5878,2004.0
2022-05-01 10:43:00,1651401780.0,0.5878,0.588,0.5856,0.5856,64140.0
2022-05-01 10:44:00,1651401840.0,0.5857,0.5869,0.5857,0.5865,38085.0
2022-05-01 10:45:00,1651401900.0,0.5865,0.5875,0.5865,0.5869,36433.0
2022-05-01 10:46:00,1651401960.0,0.5869,0.5875,0.5869,0.5875,9896.0
2022-05-01 10:47:00,1651402020.0,0.5875,0.5875,0.5873,0.5873,6994.0
2022-05-01 10:48:00,1651402080.0,0.5873,0.5885,0.5871,0.5871,34782.0
2022-05-01 10:49:00,1651402140.0,0.587,0.5874,0.5861,0.5861,40977.0
2022-05-01 10:50:00,1651402200.0,0.5861,0.5865,0.5852,0.5865,47523.0
2022-05-01 10:51:00,1651402260.0,0.5865,0.5868,0.5861,0.5864,35846.0
2022-05-01 10:52:00,1651402320.0,0.5865,0.587,0.5863,0.5867,5257.0
2022-05-01 10:53:00,1651402380.0,0.5868,0.587,0.5866,0.5866,5482.0
2022-05-01 10:54:00,1651402440.0,0.5866,0.5876,0.5866,0.5876,13725.0
2022-05-01 10:55:00,1651402500.0,0.5877,0.5877,0.5877,0.5877,747.0
2022-05-01 10:56:00,1651402560.0,0.5877,0.5891,0.5877,0.5886,46349.0
2022-05-01 10:57:00,1651402620.0,0.5883,0.5883,0.5877,0.5881,14129.0
2022-05-01 10:58:00,1651402680.0,0.5881,0.5881,0.5878,0.5878,3493.0
2022-05-01 10:59:00,1651402740.0,0.5877,0.5878,0.5863,0.587,41576.0
2022-05-01 11:00:00,1651402800.0,0.5873,0.5875,0.5871,0.5874,4144.0
2022-05-01 11:01:00,1651402860.0,0.5875,0.5876,0.5871,0.5873,12381.0
2022-05-01 11:02:00,1651402920.0,0.5875,0.5875,0.5871,0.5871,1598.0
2022-05-01 11:03:00,1651402980.0,0.5871,0.5875,0.5871,0.5875,14251.0
2022-05-01 11:04:00,1651403040.0,0.5875,0.5879,0.5874,0.5874,3700.0
2022-05-01 11:05:00,1651403100.0,0.5874,0.5878,0.5874,0.5878,6649.0
2022-05-01 11:06:00,1651403160.0,0.5879,0.588,0.5878,0.588,4618.0
2022-05-01 11:07:00,1651403220.0,0.5879,0.5882,0.5879,0.5882,8518.0
2022-05-01 11:08:00,1651403280.0,0.5881,0.5883,0.5881,0.5882,1956.0
2022-05-01 11:09:00,1651403340.0,0.5881,0.5881,0.5877,0.588,12353.0
2022-05-01 11:10:00,1651403400.0,0.5881,0.5882,0.588,0.588,3325.0
2022-05-01 11:11:00,1651403460.0,0.5881,0.5882,0.5881,0.5882,3567.0
2022-05-01 11:12:00,1651403520.0,0.5881,0.5881,0.5875,0.5877,4545.0
2022-05-01 11:13:00,1651403580.0,0.5876,0.5877,0.5867,0.5871,11823.0
2022-05-01 11:14:00,1651403640.0,0.587,0.587,0.5863,0.5863,14160.0
2022-05-01 11:15:00,1651403700.0,0.5864,0.5864,0.5854,0.5858,20650.0
2022-05-01 11:16:00,1651403760.0,0.5857,0.5864,0.5835,0.5844,159342.0
2022-05-01 11:17:00,1651403820.0,0.5846,0.5848,0.584,0.5841,26907.0
2022-05-01 11:18:00,1651403880.0,0.5841,0.5854,0.5841,0.5845,106058.0
2022-05-01 11:19:00,1651403940.0,0.5845,0.5855,0.5845,0.5847,10679.0
2022-05-01 11:20:00,1651404000.0,0.5846,0.5855,0.5846,0.5852,2593.0
2022-05-01 11:21:00,1651404060.0,0.5852,0.5856,0.5851,0.5856,6745.0
2022-05-01 11:22:00,1651404120.0,0.5857,0.5869,0.5857,0.5868,30977.0
2022-05-01 11:23:00,1651404180.0,0.5869,0.5875,0.5861,0.5872,108503.0
2022-05-01 11:24:00,1651404240.0,0.5873,0.5874,0.5869,0.5873,16331.0
2022-05-01 11:25:00,1651404300.0,0.5876,0.5884,0.5875,0.5878,24330.0
2022-05-01 11:26:00,1651404360.0,0.5879,0.5885,0.5875,0.588,36091.0
2022-05-01 11:27:00,1651404420.0,0.588,0.5885,0.5876,0.5883,37380.0
2022-05-01 11:28:00,1651404480.0,0.588,0.5882,0.5876,0.5876,11870.0
2022-05-01 11:29:00,1651404540.0,0.5876,0.5876,0.587,0.5874,17597.0
2022-05-01 11:30:00,1651404600.0,0.5872,0.5877,0.5872,0.5875,3164.0
2022-05-01 11:31:00,1651404660.0,0.5878,0.5885,0.5877,0.5883,23207.0
2022-05-01 11:32:00,1651404720.0,0.5882,0.5883,0.588,0.588,24829.0
2022-05-01 11:33:00,1651404780.0,0.5875,0.5878,0.5868,0.5872,35152.0
2022-05-01 11:34:00,1651404840.0,0.587,0.5876,0.5867,0.5873,19890.0
2022-05-01 11:35:00,1651404900.0,0.5871,0.5871,0.5865,0.587,19439.0
2022-05-01 11:36:00,1651404960.0,0.5867,0.5867,0.5854,0.5857,26936.0
2022-05-01 11:37:00,1651405020.0,0.5857,0.5862,0.5854,0.586,30406.0
2022-05-01 11:38:00,1651405080.0,0.5858,0.5862,0.5857,0.5859,23713.0
2022-05-01 11:39:00,1651405140.0,0.5861,0.5861,0.5857,0.5857,14109.0
2022-05-01 11:40:00,1651405200.0,0.5857,0.5857,0.5854,0.5857,9276.0
2022-05-01 11:41:00,1651405260.0,0.5857,0.5862,0.5857,0.586,14043.0
2022-05-01 11:42:00,1651405320.0,0.586,0.5861,0.5859,0.5859,6831.0
2022-05-01 11:43:00,1651405380.0,0.5858,0.5858,0.5853,0.5853,14231.0
2022-05-01 11:44:00,1651405440.0,0.5854,0.5861,0.5848,0.5861,15976.0
2022-05-01 11:45:00,1651405500.0,0.5862,0.5867,0.5855,0.5855,21810.0
2022-05-01 11:46:00,1651405560.0,0.5855,0.5861,0.5855,0.5857,25774.0
2022-05-01 11:47:00,1651405620.0,0.5861,0.5865,0.5861,0.5865,7167.0
2022-05-01 11:48:00,1651405680.0,0.5865,0.5871,0.5865,0.5871,3641.0
2022-05-01 11:49:00,1651405740.0,0.5871,0.5873,0.5868,0.5868,16851.0
2022-05-01 11:50:00,1651405800.0,0.5868,0.5868,0.5858,0.5861,16582.0
2022-05-01 11:51:00,1651405860.0,0.586,0.5861,0.5856,0.5856,6764.0
2022-05-01 11:52:00,1651405920.0,0.5858,0.586,0.5857,0.5857,7262.0
2022-05-01 11:53:00,1651405980.0,0.5856,0.586,0.5855,0.586,1787.0
2022-05-01 11:54:00,1651406040.0,0.586,0.586,0.5845,0.5848,15168.0
2022-05-01 11:55:00,1651406100.0,0.5846,0.5854,0.5846,0.5854,10330.0
2022-05-01 11:56:00,1651406160.0,0.5854,0.5856,0.5853,0.5855,4088.0
2022-05-01 11:57:00,1651406220.0,0.5852,0.5852,0.5846,0.5846,8135.0
2022-05-01 11:58:00,1651406280.0,0.5845,0.5845,0.5832,0.5834,16450.0
2022-05-01 11:59:00,1651406340.0,0.5838,0.584,0.5834,0.5834,4935.0
2022-05-01 12:00:00,1651406400.0,0.5834,0.5853,0.5834,0.5853,39919.0
2022-05-01 12:01:00,1651406460.0,0.5853,0.5855,0.5848,0.5854,47417.0
2022-05-01 12:02:00,1651406520.0,0.5853,0.5853,0.5844,0.5845,37664.0
2022-05-01 12:03:00,1651406580.0,0.5845,0.5854,0.5834,0.5834,108520.0
2022-05-01 12:04:00,1651406640.0,0.5833,0.5841,0.5823,0.5827,83271.0
2022-05-01 12:05:00,1651406700.0,0.5828,0.5834,0.5823,0.5824,20389.0
2022-05-01 12:06:00,1651406760.0,0.5824,0.5833,0.5824,0.5829,20711.0
2022-05-01 12:07:00,1651406820.0,0.5828,0.5829,0.5825,0.5828,8941.0
2022-05-01 12:08:00,1651406880.0,0.5827,0.5831,0.5816,0.5818,22847.0
2022-05-01 12:09:00,1651406940.0,0.5817,0.5823,0.5816,0.5817,12891.0
2022-05-01 12:10:00,1651407000.0,0.5816,0.582,0.5813,0.582,36231.0
2022-05-01 12:11:00,1651407060.0,0.5819,0.5819,0.5804,0.5811,46007.0
2022-05-01 12:12:00,1651407120.0,0.5814,0.5823,0.5812,0.5813,22795.0
2022-05-01 12:13:00,1651407180.0,0.5812,0.5817,0.5809,0.5814,48849.0
2022-05-01 12:14:00,1651407240.0,0.5812,0.5821,0.5812,0.582,25757.0
2022-05-01 12:15:00,1651407300.0,0.5822,0.5825,0.5812,0.5813,17317.0
2022-05-01 12:16:00,1651407360.0,0.5813,0.5828,0.5813,0.5826,15409.0
2022-05-01 12:17:00,1651407420.0,0.5828,0.583,0.5826,0.583,26628.0
2022-05-01 12:18:00,1651407480.0,0.5828,0.5834,0.5827,0.5832,11548.0
2022-05-01 12:19:00,1651407540.0,0.5836,0.5837,0.5824,0.583,73015.0
2022-05-01 12:20:00,1651407600.0,0.583,0.5832,0.5826,0.5831,7607.0
2022-05-01 12:21:00,1651407660.0,0.5831,0.5849,0.5831,0.5848,30967.0
2022-05-01 12:22:00,1651407720.0,0.585,0.5861,0.585,0.5861,16638.0
2022-05-01 12:23:00,1651407780.0,0.586,0.5873,0.5855,0.5872,51776.0
2022-05-01 12:24:00,1651407840.0,0.5873,0.5884,0.5872,0.588,34911.0
2022-05-01 12:25:00,1651407900.0,0.588,0.589,0.5871,0.5872,25364.0
2022-05-01 12:26:00,1651407960.0,0.5876,0.5881,0.5866,0.5868,9166.0
2022-05-01 12:27:00,1651408020.0,0.5867,0.5871,0.5865,0.5871,8629.0
2022-05-01 12:28:00,1651408080.0,0.5871,0.5873,0.5866,0.5866,3005.0
2022-05-01 12:29:00,1651408140.0,0.5865,0.5868,0.5862,0.5863,6628.0
2022-05-01 12:30:00,1651408200.0,0.5864,0.5871,0.5864,0.5871,10511.0
2022-05-01 12:31:00,1651408260.0,0.5873,0.5874,0.5864,0.5866,39019.0
2022-05-01 12:32:00,1651408320.0,0.5863,0.5863,0.5854,0.5858,22204.0
2022-05-01 12:33:00,1651408380.0,0.5855,0.5856,0.585,0.5856,16634.0
2022-05-01 12:34:00,1651408440.0,0.5855,0.5856,0.585,0.5855,15284.0
2022-05-01 12:35:00,1651408500.0,0.5854,0.5863,0.5854,0.5862,20074.0
2022-05-01 12:36:00,1651408560.0,0.5859,0.5859,0.5853,0.5854,9308.0
2022-05-01 12:37:00,1651408620.0,0.5858,0.5862,0.5856,0.5859,5482.0
2022-05-01 12:38:00,1651408680.0,0.5858,0.5861,0.585,0.5853,35936.0
2022-05-01 12:39:00,1651408740.0,0.5853,0.5858,0.5849,0.5853,42874.0
2022-05-01 12:40:00,1651408800.0,0.5853,0.5859,0.5853,0.5856,14360.0
2022-05-01 12:41:00,1651408860.0,0.5859,0.5865,0.5859,0.586,9685.0
2022-05-01 12:42:00,1651408920.0,0.586,0.5861,0.5856,0.5856,4465.0
2022-05-01 12:43:00,1651408980.0,0.5856,0.5863,0.5856,0.5861,12680.0
2022-05-01 12:44:00,1651409040.0,0.5859,0.5864,0.5859,0.5864,3584.0
2022-05-01 12:45:00,1651409100.0,0.5865,0.5868,0.5863,0.5863,2701.0
2022-05-01 12:46:00,1651409160.0,0.5863,0.5865,0.5861,0.5861,3424.0
2022-05-01 12:47:00,1651409220.0,0.5861,0.5861,0.5847,0.5848,8912.0
2022-05-01 12:48:00,1651409280.0,0.5845,0.5848,0.5839,0.5839,29762.0
2022-05-01 12:49:00,1651409340.0,0.5839,0.584,0.583,0.5838,30689.0
2022-05-01 12:50:00,1651409400.0,0.5834,0.5835,0.5831,0.5835,12216.0
2022-05-01 12:51:00,1651409460.0,0.5838,0.5848,0.5838,0.5844,20060.0
2022-05-01 12:52:00,1651409520.0,0.5841,0.5849,0.5841,0.5845,21907.0
2022-05-01 12:53:00,1651409580.0,0.5846,0.5846,0.5834,0.584,19665.0
2022-05-01 12:54:00,1651409640.0,0.5839,0.5839,0.5834,0.5838,6424.0
2022-05-01 12:55:00,1651409700.0,0.5838,0.5839,0.5834,0.5834,2162.0
2022-05-01 12:56:00,1651409760.0,0.5834,0.5838,0.5832,0.5838,57270.0
2022-05-01 12:57:00,1651409820.0,0.5838,0.5838,0.5835,0.5835,2928.0
2022-05-01 12:58:00,1651409880.0,0.5836,0.5846,0.5835,0.5842,35088.0
2022-05-01 12:59:00,1651409940.0,0.584,0.5852,0.5839,0.585,35556.0
2022-05-01 13:00:00,1651410000.0,0.5851,0.5868,0.5851,0.5863,45734.0
2022-05-01 13:01:00,1651410060.0,0.5862,0.5862,0.5856,0.5858,15184.0
2022-05-01 13:02:00,1651410120.0,0.5858,0.5861,0.5855,0.5861,14963.0
2022-05-01 13:03:00,1651410180.0,0.5861,0.5861,0.5853,0.5854,5090.0
2022-05-01 13:04:00,1651410240.0,0.5853,0.5853,0.5839,0.5839,12546.0
2022-05-01 13:05:00,1651410300.0,0.5839,0.5847,0.5839,0.5843,27276.0
2022-05-01 13:06:00,1651410360.0,0.5842,0.5842,0.584,0.5842,3386.0
2022-05-01 13:07:00,1651410420.0,0.584,0.584,0.5837,0.5837,3313.0
2022-05-01 13:08:00,1651410480.0,0.5837,0.5843,0.5837,0.5843,8410.0
2022-05-01 13:09:00,1651410540.0,0.5844,0.5849,0.5844,0.5847,4386.0
2022-05-01 13:10:00,1651410600.0,0.5846,0.5853,0.5846,0.5852,8337.0
2022-05-01 13:11:00,1651410660.0,0.5851,0.5851,0.5848,0.5848,8012.0
2022-05-01 13:12:00,1651410720.0,0.5846,0.5849,0.5843,0.5847,10017.0
2022-05-01 13:13:00,1651410780.0,0.5847,0.5855,0.5847,0.5855,6906.0
2022-05-01 13:14:00,1651410840.0,0.5855,0.5858,0.5855,0.5855,1230.0
2022-05-01 13:15:00,1651410900.0,0.5857,0.5862,0.5856,0.5862,8021.0
2022-05-01 13:16:00,1651410960.0,0.5863,0.5873,0.5863,0.5873,17601.0
2022-05-01 13:17:00,1651411020.0,0.5874,0.5874,0.5868,0.5868,18262.0
2022-05-01 13:18:00,1651411080.0,0.5865,0.5865,0.5857,0.5859,19848.0
2022-05-01 13:19:00,1651411140.0,0.5857,0.5864,0.5857,0.5859,8619.0
2022-05-01 13:20:00,1651411200.0,0.586,0.5862,0.5858,0.5858,5538.0
2022-05-01 13:21:00,1651411260.0,0.5858,0.5858,0.5849,0.5851,12486.0
2022-05-01 13:22:00,1651411320.0,0.585,0.5861,0.585,0.586,5892.0
2022-05-01 13:23:00,1651411380.0,0.5859,0.5859,0.5853,0.5854,16483.0
2022-05-01 13:24:00,1651411440.0,0.5854,0.5856,0.5854,0.5856,3575.0
2022-05-01 13:25:00,1651411500.0,0.5855,0.5857,0.5855,0.5857,4422.0
2022-05-01 13:26:00,1651411560.0,0.5857,0.5861,0.5857,0.5861,20299.0
2022-05-01 13:27:00,1651411620.0,0.5862,0.5862,0.5857,0.586,2664.0
2022-05-01 13:28:00,1651411680.0,0.5857,0.586,0.5853,0.5859,26927.0
2022-05-01 13:29:00,1651411740.0,0.586,0.586,0.5851,0.5853,44966.0
2022-05-01 13:30:00,1651411800.0,0.5853,0.586,0.5852,0.5856,20467.0
2022-05-01 13:31:00,1651411860.0,0.5857,0.5857,0.5854,0.5857,3011.0
2022-05-01 13:32:00,1651411920.0,0.5858,0.5863,0.5856,0.5859,26006.0
2022-05-01 13:33:00,1651411980.0,0.5859,0.5859,0.5851,0.5851,13218.0
2022-05-01 13:34:00,1651412040.0,0.5851,0.5859,0.5851,0.5858,11182.0
2022-05-01 13:35:00,1651412100.0,0.586,0.5862,0.586,0.5862,2636.0
2022-05-01 13:36:00,1651412160.0,0.5862,0.5868,0.5862,0.5865,22246.0
2022-05-01 13:37:00,1651412220.0,0.5868,0.5869,0.5868,0.5869,3011.0
2022-05-01 13:38:00,1651412280.0,0.5869,0.5869,0.5857,0.5858,8315.0
2022-05-01 13:39:00,1651412340.0,0.5857,0.5858,0.5852,0.5858,15764.0
2022-05-01 13:40:00,1651412400.0,0.5855,0.5855,0.5845,0.5846,20633.0
2022-05-01 13:41:00,1651412460.0,0.5846,0.5852,0.5844,0.5852,13469.0
2022-05-01 13:42:00,1651412520.0,0.5854,0.5855,0.5848,0.5849,4318.0
2022-05-01 13:43:00,1651412580.0,0.5849,0.5855,0.5849,0.5855,18741.0
2022-05-01 13:44:00,1651412640.0,0.5852,0.5858,0.5852,0.5858,5601.0
2022-05-01 13:45:00,1651412700.0,0.5858,0.5858,0.5847,0.5851,5610.0
2022-05-01 13:46:00,1651412760.0,0.5848,0.585,0.5848,0.5849,2539.0
2022-05-01 13:47:00,1651412820.0,0.5849,0.5849,0.5839,0.5839,15924.0
2022-05-01 13:48:00,1651412880.0,0.5839,0.5843,0.5839,0.584,7572.0
2022-05-01 13:49:00,1651412940.0,0.5842,0.5842,0.5833,0.5833,8149.0
2022-05-01 13:50:00,1651413000.0,0.5833,0.584,0.5833,0.5835,7275.0
2022-05-01 13:51:00,1651413060.0,0.5835,0.5836,0.5835,0.5835,1557.0
2022-05-01 13:52:00,1651413120.0,0.5835,0.5838,0.5833,0.5834,5726.0
2022-05-01 13:53:00,1651413180.0,0.5834,0.5839,0.5833,0.5833,17043.0
2022-05-01 13:54:00,1651413240.0,0.5835,0.5835,0.5834,0.5834,571.0
2022-05-01 13:55:00,1651413300.0,0.5833,0.5837,0.5833,0.5837,6583.0
2022-05-01 13:56:00,1651413360.0,0.5835,0.5835,0.5827,0.5831,40318.0
2022-05-01 13:57:00,1651413420.0,0.583,0.5831,0.5827,0.5827,5744.0
2022-05-01 13:58:00,1651413480.0,0.5827,0.5827,0.5825,0.5825,5526.0
2022-05-01 13:59:00,1651413540.0,0.5827,0.583,0.5827,0.5829,6265.0
2022-05-01 14:00:00,1651413600.0,0.5827,0.5827,0.5822,0.5825,10170.0
2022-05-01 14:01:00,1651413660.0,0.5822,0.5842,0.5822,0.5839,36907.0
2022-05-01 14:02:00,1651413720.0,0.584,0.5843,0.5836,0.5841,10794.0
2022-05-01 14:03:00,1651413780.0,0.5841,0.5844,0.5838,0.5838,10569.0
2022-05-01 14:04:00,1651413840.0,0.5836,0.5837,0.5833,0.5833,11593.0
2022-05-01 14:05:00,1651413900.0,0.5834,0.5835,0.5832,0.5832,6812.0
2022-05-01 14:06:00,1651413960.0,0.5834,0.5834,0.5833,0.5833,639.0
2022-05-01 14:07:00,1651414020.0,0.5833,0.5842,0.5833,0.5842,3806.0
2022-05-01 14:08:00,1651414080.0,0.5842,0.5843,0.5833,0.5833,6118.0
2022-05-01 14:09:00,1651414140.0,0.5833,0.5837,0.5833,0.5836,8921.0
2022-05-01 14:10:00,1651414200.0,0.5838,0.5838,0.5835,0.5836,3056.0
2022-05-01 14:11:00,1651414260.0,0.5836,0.5836,0.5831,0.5831,9049.0
2022-05-01 14:12:00,1651414320.0,0.5832,0.5842,0.5831,0.5838,27878.0
2022-05-01 14:13:00,1651414380.0,0.5839,0.5839,0.5836,0.5837,1461.0
2022-05-01 14:14:00,1651414440.0,0.5838,0.5841,0.5836,0.5837,8902.0
2022-05-01 14:15:00,1651414500.0,0.5838,0.585,0.5838,0.585,7555.0
2022-05-01 14:16:00,1651414560.0,0.5849,0.5853,0.5846,0.5852,16634.0
2022-05-01 14:17:00,1651414620.0,0.5853,0.5856,0.5853,0.5853,10423.0
2022-05-01 14:18:00,1651414680.0,0.5854,0.5858,0.5854,0.5858,7989.0
2022-05-01 14:19:00,1651414740.0,0.5859,0.5868,0.5859,0.5868,6326.0
2022-05-01 14:20:00,1651414800.0,0.5872,0.5872,0.5866,0.5867,8012.0
2022-05-01 14:21:00,1651414860.0,0.5865,0.5865,0.5853,0.5857,30951.0
2022-05-01 14:22:00,1651414920.0,0.5855,0.5863,0.5855,0.5859,9784.0
2022-05-01 14:23:00,1651414980.0,0.5859,0.586,0.5853,0.5857,4609.0
2022-05-01 14:24:00,1651415040.0,0.5858,0.5859,0.5852,0.5853,19704.0
2022-05-01 14:25:00,1651415100.0,0.5853,0.5856,0.5848,0.5856,17663.0
2022-05-01 14:26:00,1651415160.0,0.5857,0.5864,0.5857,0.5857,16784.0
2022-05-01 14:27:00,1651415220.0,0.5856,0.5856,0.5847,0.5851,20746.0
2022-05-01 14:28:00,1651415280.0,0.5853,0.5853,0.5847,0.5847,5576.0
2022-05-01 14:29:00,1651415340.0,0.5847,0.5854,0.5847,0.5854,34064.0
2022-05-01 14:30:00,1651415400.0,0.5854,0.5863,0.5852,0.586,9804.0
2022-05-01 14:31:00,1651415460.0,0.5858,0.5858,0.5854,0.5858,10549.0
2022-05-01 14:32:00,1651415520.0,0.5859,0.5866,0.5859,0.5859,12156.0
2022-05-01 14:33:00,1651415580.0,0.5858,0.5858,0.5826,0.5835,303655.0
2022-05-01 14:34:00,1651415640.0,0.5835,0.5837,0.5826,0.5827,40560.0
2022-05-01 14:35:00,1651415700.0,0.5826,0.5826,0.5814,0.5814,22168.0
2022-05-01 14:36:00,1651415760.0,0.5813,0.5814,0.5801,0.5805,9605.0
2022-05-01 14:37:00,1651415820.0,0.5805,0.5814,0.5802,0.5812,23941.0
2022-05-01 14:38:00,1651415880.0,0.581,0.5825,0.581,0.5814,47995.0
2022-05-01 14:39:00,1651415940.0,0.5812,0.5819,0.5812,0.5819,2735.0
2022-05-01 14:40:00,1651416000.0,0.5821,0.5835,0.5821,0.5834,25736.0
2022-05-01 14:41:00,1651416060.0,0.5834,0.5836,0.5818,0.5824,47201.0
2022-05-01 14:42:00,1651416120.0,0.5825,0.5829,0.5825,0.5828,10481.0
2022-05-01 14:43:00,1651416180.0,0.5827,0.5835,0.5826,0.583,14711.0
2022-05-01 14:44:00,1651416240.0,0.5835,0.5835,0.5826,0.5826,22745.0
2022-05-01 14:45:00,1651416300.0,0.5824,0.5833,0.582,0.5833,43676.0
2022-05-01 14:46:00,1651416360.0,0.5833,0.584,0.5833,0.5837,33374.0
2022-05-01 14:47:00,1651416420.0,0.5837,0.5843,0.5837,0.5843,6144.0
2022-05-01 14:48:00,1651416480.0,0.5843,0.5844,0.5839,0.5844,21116.0
2022-05-01 14:49:00,1651416540.0,0.5846,0.5849,0.5846,0.5848,4004.0
2022-05-01 14:50:00,1651416600.0,0.5848,0.5848,0.584,0.5842,9752.0
2022-05-01 14:51:00,1651416660.0,0.5842,0.5842,0.5836,0.5841,7608.0
2022-05-01 14:52:00,1651416720.0,0.5841,0.5841,0.5838,0.5839,17717.0
2022-05-01 14:53:00,1651416780.0,0.5838,0.5842,0.5836,0.5842,36682.0
2022-05-01 14:54:00,1651416840.0,0.5842,0.5845,0.5842,0.5843,24188.0
2022-05-01 14:55:00,1651416900.0,0.5841,0.5841,0.5831,0.5837,15989.0
2022-05-01 14:56:00,1651416960.0,0.5835,0.5835,0.5817,0.5817,8154.0
2022-05-01 14:57:00,1651417020.0,0.5817,0.5829,0.5817,0.5829,23020.0
2022-05-01 14:58:00,1651417080.0,0.5828,0.5828,0.5817,0.5818,22229.0
2022-05-01 14:59:00,1651417140.0,0.582,0.582,0.5817,0.5818,1916.0
2022-05-01 15:00:00,1651417200.0,0.5818,0.5831,0.5818,0.5831,21825.0
2022-05-01 15:01:00,1651417260.0,0.5831,0.5838,0.5831,0.5832,37421.0
2022-05-01 15:02:00,1651417320.0,0.5829,0.5833,0.5829,0.5833,2425.0
2022-05-01 15:03:00,1651417380.0,0.5832,0.5832,0.5825,0.5826,10301.0
2022-05-01 15:04:00,1651417440.0,0.5825,0.5828,0.5822,0.5824,10748.0
2022-05-01 15:05:00,1651417500.0,0.5828,0.5828,0.5823,0.5823,10360.0
2022-05-01 15:06:00,1651417560.0,0.5823,0.5829,0.5819,0.5828,48265.0
2022-05-01 15:07:00,1651417620.0,0.583,0.5836,0.583,0.5836,11555.0
2022-05-01 15:08:00,1651417680.0,0.5837,0.585,0.5837,0.585,30508.0
2022-05-01 15:09:00,1651417740.0,0.5851,0.5859,0.5851,0.5859,27536.0
2022-05-01 15:10:00,1651417800.0,0.5861,0.5869,0.5851,0.586,78411.0
2022-05-01 15:11:00,1651417860.0,0.5861,0.5862,0.5856,0.5862,4135.0
2022-05-01 15:12:00,1651417920.0,0.5862,0.5866,0.5852,0.5857,58269.0
2022-05-01 15:13:00,1651417980.0,0.5859,0.5861,0.5857,0.5861,13882.0
2022-05-01 15:14:00,1651418040.0,0.586,0.5865,0.5849,0.5862,54736.0
2022-05-01 15:15:00,1651418100.0,0.5861,0.5862,0.5859,0.586,5201.0
2022-05-01 15:16:00,1651418160.0,0.5859,0.5859,0.5849,0.5859,14733.0
2022-05-01 15:17:00,1651418220.0,0.586,0.5867,0.586,0.5865,38327.0
2022-05-01 15:18:00,1651418280.0,0.5864,0.5865,0.5863,0.5865,3923.0
2022-05-01 15:19:00,1651418340.0,0.5865,0.5865,0.5863,0.5865,8858.0
2022-05-01 15:20:00,1651418400.0,0.5867,0.588,0.5867,0.588,24232.0
2022-05-01 15:21:00,1651418460.0,0.5879,0.5883,0.5878,0.5883,14275.0
2022-05-01 15:22:00,1651418520.0,0.5884,0.5895,0.5883,0.5895,39215.0
2022-05-01 15:23:00,1651418580.0,0.5896,0.5943,0.5895,0.5942,163795.0
2022-05-01 15:24:00,1651418640.0,0.5943,0.5962,0.5935,0.5962,134513.0
2022-05-01 15:25:00,1651418700.0,0.5961,0.5967,0.5958,0.5967,62971.0
2022-05-01 15:26:00,1651418760.0,0.5968,0.5991,0.5967,0.5991,105210.0
2022-05-01 15:27:00,1651418820.0,0.5992,0.5992,0.5967,0.5971,33077.0
2022-05-01 15:28:00,1651418880.0,0.5973,0.6008,0.5969,0.5998,113746.0
2022-05-01 15:29:00,1651418940.0,0.5998,0.6002,0.598,0.5996,89787.0
2022-05-01 15:30:00,1651419000.0,0.5996,0.602,0.5993,0.6014,86200.0
2022-05-01 15:31:00,1651419060.0,0.6013,0.6013,0.5981,0.5986,109008.0
2022-05-01 15:32:00,1651419120.0,0.5985,0.5993,0.5958,0.5958,84996.0
2022-05-01 15:33:00,1651419180.0,0.5959,0.5977,0.595,0.5966,92829.0
2022-05-01 15:34:00,1651419240.0,0.5965,0.5968,0.5952,0.596,39485.0
2022-05-01 15:35:00,1651419300.0,0.596,0.596,0.5931,0.5942,53332.0
2022-05-01 15:36:00,1651419360.0,0.5943,0.5945,0.5935,0.5945,15273.0
2022-05-01 15:37:00,1651419420.0,0.5948,0.5955,0.5942,0.5954,36878.0
2022-05-01 15:38:00,1651419480.0,0.5956,0.5957,0.5944,0.5949,31523.0
2022-05-01 15:39:00,1651419540.0,0.5948,0.5948,0.5943,0.5945,18478.0
2022-05-01 15:40:00,1651419600.0,0.5944,0.5946,0.5928,0.5931,50523.0
2022-05-01 15:41:00,1651419660.0,0.5932,0.5943,0.5927,0.594,48403.0
2022-05-01 15:42:00,1651419720.0,0.5939,0.5941,0.5933,0.5934,15522.0
2022-05-01 15:43:00,1651419780.0,0.5934,0.5937,0.5932,0.5937,7081.0
2022-05-01 15:44:00,1651419840.0,0.5937,0.5937,0.593,0.5933,26773.0
2022-05-01 15:45:00,1651419900.0,0.5933,0.5941,0.5931,0.5939,20264.0
2022-05-01 15:46:00,1651419960.0,0.594,0.5944,0.5929,0.593,25190.0
2022-05-01 15:47:00,1651420020.0,0.5929,0.594,0.5929,0.594,15465.0
2022-05-01 15:48:00,1651420080.0,0.5941,0.5957,0.594,0.5957,40486.0
2022-05-01 15:49:00,1651420140.0,0.5954,0.5954,0.5938,0.5946,50826.0
2022-05-01 15:50:00,1651420200.0,0.5949,0.5959,0.5949,0.5957,31224.0
2022-05-01 15:51:00,1651420260.0,0.5959,0.5972,0.5947,0.5972,84488.0
2022-05-01 15:52:00,1651420320.0,0.5973,0.5976,0.5961,0.5966,29205.0
2022-05-01 15:53:00,1651420380.0,0.5967,0.5988,0.5967,0.5988,55538.0
2022-05-01 15:54:00,1651420440.0,0.5988,0.6022,0.5988,0.6,133634.0
2022-05-01 15:55:00,1651420500.0,0.6,0.6017,0.5996,0.6016,41946.0
2022-05-01 15:56:00,1651420560.0,0.6014,0.6019,0.5996,0.6004,108613.0
2022-05-01 15:57:00,1651420620.0,0.6006,0.6006,0.5997,0.6004,16048.0
2022-05-01 15:58:00,1651420680.0,0.6001,0.6007,0.6,0.6,15201.0
2022-05-01 15:59:00,1651420740.0,0.6,0.6007,0.5997,0.6003,34674.0
2022-05-01 16:00:00,1651420800.0,0.6004,0.6007,0.5987,0.6004,99680.0
2022-05-01 16:01:00,1651420860.0,0.6006,0.602,0.6005,0.6017,67357.0
2022-05-01 16:02:00,1651420920.0,0.6015,0.6017,0.6005,0.6005,20651.0
2022-05-01 16:03:00,1651420980.0,0.6003,0.6013,0.5997,0.601,85294.0
2022-05-01 16:04:00,1651421040.0,0.6008,0.6008,0.599,0.599,124429.0
2022-05-01 16:05:00,1651421100.0,0.5989,0.5999,0.5986,0.5992,59069.0
2022-05-01 16:06:00,1651421160.0,0.5993,0.5997,0.5986,0.5997,48547.0
2022-05-01 16:07:00,1651421220.0,0.5997,0.5999,0.5993,0.5993,17100.0
2022-05-01 16:08:00,1651421280.0,0.5993,0.6011,0.5993,0.6,55793.0
2022-05-01 16:09:00,1651421340.0,0.6001,0.6003,0.5994,0.6003,17195.0
2022-05-01 16:10:00,1651421400.0,0.5999,0.601,0.5999,0.601,34399.0
2022-05-01 16:11:00,1651421460.0,0.6009,0.6025,0.6003,0.6022,109788.0
2022-05-01 16:12:00,1651421520.0,0.6021,0.6036,0.6013,0.6036,66295.0
2022-05-01 16:13:00,1651421580.0,0.6036,0.6038,0.6019,0.6028,64389.0
2022-05-01 16:14:00,1651421640.0,0.6028,0.6028,0.6023,0.6023,10315.0
2022-05-01 16:15:00,1651421700.0,0.6026,0.604,0.6026,0.6032,57327.0
2022-05-01 16:16:00,1651421760.0,0.6035,0.6035,0.6023,0.6023,16687.0
2022-05-01 16:17:00,1651421820.0,0.6027,0.6032,0.6016,0.6031,66624.0
2022-05-01 16:18:00,1651421880.0,0.6031,0.6031,0.6012,0.6018,23960.0
2022-05-01 16:19:00,1651421940.0,0.6019,0.6032,0.6019,0.603,53344.0
2022-05-01 16:20:00,1651422000.0,0.603,0.6042,0.6027,0.6037,44084.0
2022-05-01 16:21:00,1651422060.0,0.6037,0.6045,0.6034,0.6045,22353.0
2022-05-01 16:22:00,1651422120.0,0.6043,0.605,0.6036,0.6042,73679.0
2022-05-01 16:23:00,1651422180.0,0.604,0.6045,0.6038,0.6045,11232.0
2022-05-01 16:24:00,1651422240.0,0.6045,0.6047,0.6036,0.6039,32536.0
2022-05-01 16:25:00,1651422300.0,0.6037,0.6051,0.6032,0.6042,65357.0
2022-05-01 16:26:00,1651422360.0,0.6042,0.6048,0.604,0.6041,53810.0
2022-05-01 16:27:00,1651422420.0,0.6041,0.6041,0.6032,0.6033,36717.0
2022-05-01 16:28:00,1651422480.0,0.6036,0.6038,0.603,0.6035,22692.0
2022-05-01 16:29:00,1651422540.0,0.6034,0.6037,0.6027,0.6033,31005.0
2022-05-01 16:30:00,1651422600.0,0.6035,0.6046,0.6035,0.6046,44371.0
2022-05-01 16:31:00,1651422660.0,0.6047,0.6047,0.6033,0.6036,43031.0
2022-05-01 16:32:00,1651422720.0,0.6036,0.604,0.6033,0.6033,14267.0
2022-05-01 16:33:00,1651422780.0,0.6032,0.6032,0.602,0.6022,33234.0
2022-05-01 16:34:00,1651422840.0,0.6024,0.6029,0.6024,0.6026,15376.0
2022-05-01 16:35:00,1651422900.0,0.6023,0.6031,0.6023,0.6023,17399.0
2022-05-01 16:36:00,1651422960.0,0.6023,0.6032,0.6023,0.603,27560.0
2022-05-01 16:37:00,1651423020.0,0.603,0.6033,0.6027,0.6027,15578.0
2022-05-01 16:38:00,1651423080.0,0.6026,0.6026,0.6021,0.6022,7180.0
2022-05-01 16:39:00,1651423140.0,0.6024,0.6027,0.6019,0.6022,29262.0
2022-05-01 16:40:00,1651423200.0,0.6021,0.6024,0.602,0.6022,3827.0
2022-05-01 16:41:00,1651423260.0,0.6023,0.6038,0.6023,0.6035,31648.0
2022-05-01 16:42:00,1651423320.0,0.6033,0.6038,0.6033,0.6035,10400.0
2022-05-01 16:43:00,1651423380.0,0.6034,0.6038,0.6028,0.6038,28348.0
2022-05-01 16:44:00,1651423440.0,0.6037,0.6049,0.6037,0.6042,45828.0
2022-05-01 16:45:00,1651423500.0,0.6043,0.6045,0.6038,0.6038,25767.0
2022-05-01 16:46:00,1651423560.0,0.6036,0.6036,0.6026,0.6031,55955.0
2022-05-01 16:47:00,1651423620.0,0.6032,0.6036,0.6032,0.6035,4342.0
2022-05-01 16:48:00,1651423680.0,0.6036,0.6049,0.6036,0.6049,15817.0
2022-05-01 16:49:00,1651423740.0,0.6049,0.6051,0.6047,0.605,8684.0
2022-05-01 16:50:00,1651423800.0,0.6046,0.6046,0.6039,0.6039,3472.0
2022-05-01 16:51:00,1651423860.0,0.6039,0.604,0.6035,0.6039,7825.0
2022-05-01 16:52:00,1651423920.0,0.604,0.604,0.6036,0.6039,1723.0
2022-05-01 16:53:00,1651423980.0,0.6038,0.6038,0.6032,0.6035,19530.0
2022-05-01 16:54:00,1651424040.0,0.6035,0.6036,0.6033,0.6035,1057.0
2022-05-01 16:55:00,1651424100.0,0.6032,0.6032,0.6019,0.6019,33161.0
2022-05-01 16:56:00,1651424160.0,0.602,0.6026,0.602,0.6022,12488.0
2022-05-01 16:57:00,1651424220.0,0.6022,0.6026,0.602,0.602,6679.0
2022-05-01 16:58:00,1651424280.0,0.602,0.6023,0.6013,0.6013,6150.0
2022-05-01 16:59:00,1651424340.0,0.6018,0.6019,0.6012,0.6014,10429.0
2022-05-01 17:00:00,1651424400.0,0.6014,0.6023,0.6014,0.602,17064.0
2022-05-01 17:01:00,1651424460.0,0.6018,0.6019,0.6017,0.6018,5785.0
2022-05-01 17:02:00,1651424520.0,0.6016,0.6016,0.6013,0.6013,6531.0
2022-05-01 17:03:00,1651424580.0,0.6017,0.6025,0.6017,0.6024,13485.0
2022-05-01 17:04:00,1651424640.0,0.6026,0.6032,0.6026,0.6031,19084.0
2022-05-01 17:05:00,1651424700.0,0.6029,0.603,0.6029,0.6029,446.0
2022-05-01 17:06:00,1651424760.0,0.603,0.6043,0.603,0.6042,18520.0
2022-05-01 17:07:00,1651424820.0,0.6039,0.6044,0.6034,0.6043,22608.0
2022-05-01 17:08:00,1651424880.0,0.6042,0.605,0.6034,0.6049,31989.0
2022-05-01 17:09:00,1651424940.0,0.6049,0.605,0.6046,0.6047,12907.0
2022-05-01 17:10:00,1651425000.0,0.6047,0.6047,0.6045,0.6046,1656.0
2022-05-01 17:11:00,1651425060.0,0.6046,0.6047,0.6043,0.6047,2271.0
2022-05-01 17:12:00,1651425120.0,0.6047,0.6047,0.6041,0.6043,28803.0
2022-05-01 17:13:00,1651425180.0,0.6046,0.6049,0.6043,0.6048,13891.0
2022-05-01 17:14:00,1651425240.0,0.6048,0.6048,0.6046,0.6046,8552.0
2022-05-01 17:15:00,1651425300.0,0.6043,0.6048,0.6036,0.6046,23789.0
2022-05-01 17:16:00,1651425360.0,0.6047,0.6047,0.6036,0.6037,9506.0
2022-05-01 17:17:00,1651425420.0,0.6036,0.6039,0.6027,0.6033,16271.0
2022-05-01 17:18:00,1651425480.0,0.6032,0.6034,0.6031,0.6034,1742.0
2022-05-01 17:19:00,1651425540.0,0.603,0.6038,0.603,0.6038,7214.0
2022-05-01 17:20:00,1651425600.0,0.6037,0.6037,0.6031,0.6033,24423.0
2022-05-01 17:21:00,1651425660.0,0.6033,0.6033,0.6033,0.6033,277.0
2022-05-01 17:22:00,1651425720.0,0.6034,0.6036,0.6034,0.6036,7059.0
2022-05-01 17:23:00,1651425780.0,0.6037,0.604,0.6033,0.6033,18818.0
2022-05-01 17:24:00,1651425840.0,0.6032,0.6033,0.6008,0.6008,25622.0
2022-05-01 17:25:00,1651425900.0,0.6008,0.6019,0.6008,0.6011,40896.0
2022-05-01 17:26:00,1651425960.0,0.601,0.6016,0.601,0.6015,3089.0
2022-05-01 17:27:00,1651426020.0,0.6016,0.6023,0.6016,0.6021,10653.0
2022-05-01 17:28:00,1651426080.0,0.6021,0.6023,0.602,0.6023,2259.0
2022-05-01 17:29:00,1651426140.0,0.6022,0.6023,0.6015,0.6023,27909.0
2022-05-01 17:30:00,1651426200.0,0.6025,0.6026,0.6014,0.6019,16395.0
2022-05-01 17:31:00,1651426260.0,0.6019,0.6019,0.6009,0.6011,28554.0
2022-05-01 17:32:00,1651426320.0,0.6011,0.6023,0.6011,0.6019,25335.0
2022-05-01 17:33:00,1651426380.0,0.6018,0.602,0.6016,0.6019,6437.0
2022-05-01 17:34:00,1651426440.0,0.6019,0.6023,0.6018,0.6021,4710.0
2022-05-01 17:35:00,1651426500.0,0.6022,0.6023,0.6016,0.6016,3678.0
2022-05-01 17:36:00,1651426560.0,0.6017,0.6017,0.6015,0.6017,8174.0
2022-05-01 17:37:00,1651426620.0,0.6014,0.6015,0.6011,0.6011,2816.0
2022-05-01 17:38:00,1651426680.0,0.6011,0.6018,0.6011,0.6014,48679.0
2022-05-01 17:39:00,1651426740.0,0.6013,0.6013,0.601,0.601,11378.0
2022-05-01 17:40:00,1651426800.0,0.6012,0.6015,0.6011,0.6015,7374.0
2022-05-01 17:41:00,1651426860.0,0.6014,0.6014,0.6011,0.6011,11726.0
2022-05-01 17:42:00,1651426920.0,0.6009,0.6009,0.6005,0.6008,8617.0
2022-05-01 17:43:00,1651426980.0,0.6007,0.601,0.5998,0.601,23162.0
2022-05-01 17:44:00,1651427040.0,0.6011,0.6018,0.6008,0.6017,38284.0
2022-05-01 17:45:00,1651427100.0,0.6016,0.6026,0.6016,0.6021,18366.0
2022-05-01 17:46:00,1651427160.0,0.602,0.602,0.6002,0.6009,10400.0
2022-05-01 17:47:00,1651427220.0,0.601,0.601,0.6001,0.6005,9415.0
2022-05-01 17:48:00,1651427280.0,0.6006,0.6007,0.6,0.6,3173.0
2022-05-01 17:49:00,1651427340.0,0.6001,0.6002,0.5992,0.5999,48583.0
2022-05-01 17:50:00,1651427400.0,0.5999,0.6015,0.5999,0.6008,35234.0
2022-05-01 17:51:00,1651427460.0,0.601,0.6014,0.601,0.6011,4190.0
2022-05-01 17:52:00,1651427520.0,0.6009,0.6009,0.6007,0.6007,3387.0
2022-05-01 17:53:00,1651427580.0,0.6007,0.6009,0.6007,0.6009,8339.0
2022-05-01 17:54:00,1651427640.0,0.601,0.601,0.6002,0.6002,4291.0
2022-05-01 17:55:00,1651427700.0,0.6004,0.6011,0.6004,0.6011,4364.0
2022-05-01 17:56:00,1651427760.0,0.6007,0.6007,0.6001,0.6001,9264.0
2022-05-01 17:57:00,1651427820.0,0.6001,0.6003,0.6001,0.6003,6405.0
2022-05-01 17:58:00,1651427880.0,0.6003,0.6003,0.6,0.6,2166.0
2022-05-01 17:59:00,1651427940.0,0.6,0.6,0.5997,0.5999,5925.0
2022-05-01 18:00:00,1651428000.0,0.6002,0.6003,0.5997,0.5998,8759.0
2022-05-01 18:01:00,1651428060.0,0.5999,0.5999,0.5978,0.5981,95737.0
2022-05-01 18:02:00,1651428120.0,0.5983,0.5983,0.5971,0.5975,22104.0
2022-05-01 18:03:00,1651428180.0,0.5976,0.5983,0.5976,0.5982,19524.0
2022-05-01 18:04:00,1651428240.0,0.5981,0.5981,0.5974,0.5975,20080.0
2022-05-01 18:05:00,1651428300.0,0.5976,0.5988,0.5976,0.5983,71777.0
2022-05-01 18:06:00,1651428360.0,0.5984,0.5984,0.5981,0.5981,3670.0
2022-05-01 18:07:00,1651428420.0,0.5981,0.5981,0.5977,0.5978,14141.0
2022-05-01 18:08:00,1651428480.0,0.5977,0.5979,0.5976,0.5977,11738.0
2022-05-01 18:09:00,1651428540.0,0.5977,0.598,0.5977,0.598,276.0
2022-05-01 18:10:00,1651428600.0,0.598,0.5991,0.598,0.5985,16768.0
2022-05-01 18:11:00,1651428660.0,0.5983,0.5983,0.5976,0.5979,17130.0
2022-05-01 18:12:00,1651428720.0,0.5981,0.5991,0.5981,0.5991,1553.0
2022-05-01 18:13:00,1651428780.0,0.5993,0.5993,0.5982,0.5983,24607.0
2022-05-01 18:14:00,1651428840.0,0.5982,0.5985,0.5976,0.5977,5828.0
2022-05-01 18:15:00,1651428900.0,0.5978,0.5985,0.5977,0.5977,24812.0
2022-05-01 18:16:00,1651428960.0,0.5977,0.5983,0.5977,0.5977,16142.0
2022-05-01 18:17:00,1651429020.0,0.5977,0.5978,0.5977,0.5978,2695.0
2022-05-01 18:18:00,1651429080.0,0.5976,0.5991,0.5974,0.599,123010.0
2022-05-01 18:19:00,1651429140.0,0.599,0.6,0.5986,0.5995,46015.0
2022-05-01 18:20:00,1651429200.0,0.5993,0.5993,0.5975,0.5976,19587.0
2022-05-01 18:21:00,1651429260.0,0.5973,0.5982,0.5968,0.598,26966.0
2022-05-01 18:22:00,1651429320.0,0.598,0.598,0.5966,0.5966,10690.0
2022-05-01 18:23:00,1651429380.0,0.5963,0.597,0.5963,0.5967,7879.0
2022-05-01 18:24:00,1651429440.0,0.5967,0.5969,0.5954,0.596,63108.0
2022-05-01 18:25:00,1651429500.0,0.5961,0.5965,0.5958,0.5958,12257.0
2022-05-01 18:26:00,1651429560.0,0.5962,0.5965,0.595,0.5955,66244.0
2022-05-01 18:27:00,1651429620.0,0.5952,0.5965,0.5952,0.5961,25655.0
2022-05-01 18:28:00,1651429680.0,0.5961,0.5967,0.5961,0.5965,8394.0
2022-05-01 18:29:00,1651429740.0,0.5963,0.5969,0.5958,0.5969,19740.0
2022-05-01 18:30:00,1651429800.0,0.597,0.5972,0.5961,0.5961,7870.0
2022-05-01 18:31:00,1651429860.0,0.5961,0.5961,0.5959,0.5959,3534.0
2022-05-01 18:32:00,1651429920.0,0.5958,0.5965,0.5958,0.5965,6952.0
2022-05-01 18:33:00,1651429980.0,0.5963,0.5965,0.5958,0.5958,12184.0
2022-05-01 18:34:00,1651430040.0,0.5961,0.5975,0.5961,0.5974,13563.0
2022-05-01 18:35:00,1651430100.0,0.5973,0.5973,0.5967,0.5973,38618.0
2022-05-01 18:36:00,1651430160.0,0.5969,0.597,0.5964,0.597,9466.0
2022-05-01 18:37:00,1651430220.0,0.597,0.597,0.5963,0.5969,10756.0
2022-05-01 18:38:00,1651430280.0,0.5965,0.5965,0.5965,0.5965,595.0
2022-05-01 18:39:00,1651430340.0,0.5963,0.5963,0.5961,0.5961,1620.0
2022-05-01 18:40:00,1651430400.0,0.5962,0.5963,0.5958,0.5958,10463.0
2022-05-01 18:41:00,1651430460.0,0.596,0.5961,0.5958,0.5958,10933.0
2022-05-01 18:42:00,1651430520.0,0.5957,0.5958,0.5945,0.5954,59604.0
2022-05-01 18:43:00,1651430580.0,0.5953,0.5953,0.5949,0.595,1565.0
2022-05-01 18:44:00,1651430640.0,0.5951,0.5956,0.5951,0.5956,4886.0
2022-05-01 18:45:00,1651430700.0,0.5955,0.5955,0.5948,0.595,10320.0
2022-05-01 18:46:00,1651430760.0,0.5949,0.5949,0.5941,0.5949,13823.0
2022-05-01 18:47:00,1651430820.0,0.5948,0.5954,0.5946,0.595,27771.0
2022-05-01 18:48:00,1651430880.0,0.5948,0.5948,0.5942,0.5942,16256.0
2022-05-01 18:49:00,1651430940.0,0.594,0.5947,0.5937,0.5937,21471.0
2022-05-01 18:50:00,1651431000.0,0.5937,0.5939,0.5917,0.5926,92945.0
2022-05-01 18:51:00,1651431060.0,0.5923,0.5924,0.5907,0.5911,39417.0
2022-05-01 18:52:00,1651431120.0,0.591,0.5926,0.591,0.5924,19265.0
2022-05-01 18:53:00,1651431180.0,0.592,0.592,0.5916,0.5916,18710.0
2022-05-01 18:54:00,1651431240.0,0.5914,0.5914,0.5882,0.5895,139195.0
2022-05-01 18:55:00,1651431300.0,0.5896,0.5907,0.5895,0.5901,40875.0
2022-05-01 18:56:00,1651431360.0,0.5899,0.5906,0.5897,0.5905,29570.0
2022-05-01 18:57:00,1651431420.0,0.5902,0.5904,0.5899,0.5902,19456.0
2022-05-01 18:58:00,1651431480.0,0.5901,0.5901,0.5889,0.5896,25682.0
2022-05-01 18:59:00,1651431540.0,0.5896,0.5896,0.5885,0.5887,39504.0
2022-05-01 19:00:00,1651431600.0,0.5885,0.5892,0.5882,0.5887,27448.0
2022-05-01 19:01:00,1651431660.0,0.5888,0.5896,0.5886,0.5895,17287.0
2022-05-01 19:02:00,1651431720.0,0.5893,0.5893,0.587,0.5874,37779.0
2022-05-01 19:03:00,1651431780.0,0.5871,0.5875,0.5861,0.5869,48740.0
2022-05-01 19:04:00,1651431840.0,0.5871,0.5878,0.587,0.5876,8358.0
2022-05-01 19:05:00,1651431900.0,0.5874,0.5877,0.5873,0.5873,18640.0
2022-05-01 19:06:00,1651431960.0,0.5874,0.5876,0.5867,0.5867,2625.0
2022-05-01 19:07:00,1651432020.0,0.5868,0.5879,0.5868,0.5872,5646.0
2022-05-01 19:08:00,1651432080.0,0.5872,0.5873,0.5868,0.5868,16790.0
2022-05-01 19:09:00,1651432140.0,0.5868,0.5874,0.5868,0.5873,4423.0
2022-05-01 19:10:00,1651432200.0,0.5873,0.5878,0.587,0.587,4547.0
2022-05-01 19:11:00,1651432260.0,0.5872,0.5877,0.587,0.5874,4714.0
2022-05-01 19:12:00,1651432320.0,0.5873,0.5873,0.587,0.587,5077.0
2022-05-01 19:13:00,1651432380.0,0.587,0.5873,0.5868,0.5869,7947.0
2022-05-01 19:14:00,1651432440.0,0.5868,0.5884,0.5868,0.5881,53687.0
2022-05-01 19:15:00,1651432500.0,0.5881,0.5881,0.5865,0.5865,7082.0
2022-05-01 19:16:00,1651432560.0,0.5863,0.5863,0.5852,0.5858,33197.0
2022-05-01 19:17:00,1651432620.0,0.5857,0.5859,0.5849,0.5852,11500.0
2022-05-01 19:18:00,1651432680.0,0.5852,0.5859,0.5852,0.5859,14118.0
2022-05-01 19:19:00,1651432740.0,0.5859,0.5872,0.5859,0.587,26230.0
2022-05-01 19:20:00,1651432800.0,0.587,0.5871,0.5867,0.5871,12387.0
2022-05-01 19:21:00,1651432860.0,0.5869,0.5869,0.5857,0.5858,33567.0
2022-05-01 19:22:00,1651432920.0,0.5859,0.5859,0.5846,0.5847,7479.0
2022-05-01 19:23:00,1651432980.0,0.5847,0.5855,0.5847,0.5855,25412.0
2022-05-01 19:24:00,1651433040.0,0.5855,0.5859,0.5853,0.5857,34428.0
2022-05-01 19:25:00,1651433100.0,0.5858,0.5864,0.5858,0.5862,11422.0
2022-05-01 19:26:00,1651433160.0,0.5863,0.5864,0.5852,0.5852,11614.0
2022-05-01 19:27:00,1651433220.0,0.5854,0.5862,0.5854,0.5862,22400.0
2022-05-01 19:28:00,1651433280.0,0.5861,0.5861,0.5835,0.584,73135.0
2022-05-01 19:29:00,1651433340.0,0.584,0.5846,0.5817,0.5823,59531.0
2022-05-01 19:30:00,1651433400.0,0.5821,0.5821,0.5796,0.5799,46263.0
2022-05-01 19:31:00,1651433460.0,0.5801,0.582,0.5801,0.582,17293.0
2022-05-01 19:32:00,1651433520.0,0.5821,0.5835,0.582,0.5824,34969.0
2022-05-01 19:33:00,1651433580.0,0.582,0.5825,0.5815,0.5823,7464.0
2022-05-01 19:34:00,1651433640.0,0.5821,0.5822,0.5814,0.5817,17525.0
2022-05-01 19:35:00,1651433700.0,0.5817,0.583,0.5817,0.5825,34640.0
2022-05-01 19:36:00,1651433760.0,0.5824,0.5847,0.5823,0.5847,17190.0
2022-05-01 19:37:00,1651433820.0,0.5845,0.586,0.5843,0.585,237242.0
2022-05-01 19:38:00,1651433880.0,0.5849,0.5864,0.5849,0.5864,22244.0
2022-05-01 19:39:00,1651433940.0,0.5866,0.587,0.5859,0.5859,32819.0
2022-05-01 19:40:00,1651434000.0,0.5857,0.586,0.5849,0.586,35541.0
2022-05-01 19:41:00,1651434060.0,0.5857,0.5865,0.5854,0.5861,12632.0
2022-05-01 19:42:00,1651434120.0,0.5864,0.5865,0.5864,0.5865,2465.0
2022-05-01 19:43:00,1651434180.0,0.5864,0.5873,0.5859,0.5863,27023.0
2022-05-01 19:44:00,1651434240.0,0.5865,0.5867,0.5864,0.5865,8943.0
2022-05-01 19:45:00,1651434300.0,0.5865,0.5889,0.5865,0.5883,75927.0
2022-05-01 19:46:00,1651434360.0,0.5882,0.5884,0.5873,0.5874,90768.0
2022-05-01 19:47:00,1651434420.0,0.5873,0.5874,0.5858,0.5866,38971.0
2022-05-01 19:48:00,1651434480.0,0.5866,0.5866,0.5854,0.5857,19426.0
2022-05-01 19:49:00,1651434540.0,0.5856,0.5866,0.5855,0.5866,22957.0
2022-05-01 19:50:00,1651434600.0,0.5864,0.5865,0.5857,0.5863,33084.0
2022-05-01 19:51:00,1651434660.0,0.5862,0.5886,0.5862,0.5883,329321.0
2022-05-01 19:52:00,1651434720.0,0.5882,0.5882,0.5873,0.5876,25670.0
2022-05-01 19:53:00,1651434780.0,0.5875,0.5882,0.5869,0.5882,34831.0
2022-05-01 19:54:00,1651434840.0,0.5883,0.5885,0.5879,0.5879,112908.0
2022-05-01 19:55:00,1651434900.0,0.5883,0.5883,0.5873,0.5874,9722.0
2022-05-01 19:56:00,1651434960.0,0.5878,0.5878,0.5867,0.5873,8707.0
2022-05-01 19:57:00,1651435020.0,0.5874,0.5874,0.5864,0.5871,32199.0
2022-05-01 19:58:00,1651435080.0,0.5871,0.588,0.5871,0.5877,12172.0
2022-05-01 19:59:00,1651435140.0,0.5878,0.5878,0.5872,0.5874,9172.0
2022-05-01 20:00:00,1651435200.0,0.5874,0.5894,0.5873,0.5885,67855.0
2022-05-01 20:01:00,1651435260.0,0.5882,0.5884,0.5853,0.5854,64363.0
2022-05-01 20:02:00,1651435320.0,0.5854,0.5865,0.5853,0.5863,47825.0
2022-05-01 20:03:00,1651435380.0,0.5864,0.5873,0.5864,0.5872,6910.0
2022-05-01 20:04:00,1651435440.0,0.5874,0.5893,0.5874,0.589,36330.0
2022-05-01 20:05:00,1651435500.0,0.5889,0.5889,0.5879,0.5884,10434.0
2022-05-01 20:06:00,1651435560.0,0.5883,0.589,0.5881,0.5888,17229.0
2022-05-01 20:07:00,1651435620.0,0.5888,0.5888,0.5881,0.5886,9570.0
2022-05-01 20:08:00,1651435680.0,0.5884,0.5891,0.5881,0.5891,7325.0
2022-05-01 20:09:00,1651435740.0,0.5892,0.5906,0.5888,0.5897,161458.0
2022-05-01 20:10:00,1651435800.0,0.5899,0.5911,0.5899,0.5903,33118.0
2022-05-01 20:11:00,1651435860.0,0.5903,0.5904,0.5899,0.5904,10732.0
2022-05-01 20:12:00,1651435920.0,0.5903,0.5904,0.5901,0.5901,1023.0
2022-05-01 20:13:00,1651435980.0,0.5903,0.5909,0.5903,0.5906,18424.0
2022-05-01 20:14:00,1651436040.0,0.5906,0.5909,0.5903,0.5905,24465.0
2022-05-01 20:15:00,1651436100.0,0.5905,0.591,0.5905,0.5906,17329.0
2022-05-01 20:16:00,1651436160.0,0.5905,0.5905,0.5891,0.5902,113060.0
2022-05-01 20:17:00,1651436220.0,0.5902,0.5915,0.59,0.5912,63309.0
2022-05-01 20:18:00,1651436280.0,0.591,0.5911,0.5901,0.5906,27533.0
2022-05-01 20:19:00,1651436340.0,0.5904,0.5905,0.5904,0.5904,1419.0
2022-05-01 20:20:00,1651436400.0,0.5904,0.5904,0.5897,0.5901,26855.0
2022-05-01 20:21:00,1651436460.0,0.5902,0.5902,0.5898,0.59,5260.0
2022-05-01 20:22:00,1651436520.0,0.59,0.59,0.589,0.5894,8462.0
2022-05-01 20:23:00,1651436580.0,0.5892,0.5895,0.5883,0.5892,41224.0
2022-05-01 20:24:00,1651436640.0,0.5893,0.5896,0.5891,0.5891,7821.0
2022-05-01 20:25:00,1651436700.0,0.5892,0.5897,0.589,0.5894,17231.0
2022-05-01 20:26:00,1651436760.0,0.5895,0.5907,0.5895,0.5897,46480.0
2022-05-01 20:27:00,1651436820.0,0.5899,0.5903,0.5895,0.5903,12710.0
2022-05-01 20:28:00,1651436880.0,0.5902,0.5902,0.5896,0.5899,5549.0
2022-05-01 20:29:00,1651436940.0,0.5898,0.5902,0.5898,0.5902,3794.0
2022-05-01 20:30:00,1651437000.0,0.5903,0.5911,0.5903,0.591,15901.0
2022-05-01 20:31:00,1651437060.0,0.5909,0.591,0.5906,0.591,7821.0
2022-05-01 20:32:00,1651437120.0,0.5909,0.5913,0.5909,0.5913,3671.0
2022-05-01 20:33:00,1651437180.0,0.5912,0.5917,0.5911,0.5915,22873.0
2022-05-01 20:34:00,1651437240.0,0.5916,0.5919,0.5916,0.5918,12020.0
2022-05-01 20:35:00,1651437300.0,0.5917,0.5922,0.5917,0.5921,8208.0
2022-05-01 20:36:00,1651437360.0,0.5919,0.5919,0.5915,0.5918,17404.0
2022-05-01 20:37:00,1651437420.0,0.5916,0.5916,0.5915,0.5915,1919.0
2022-05-01 20:38:00,1651437480.0,0.5913,0.5913,0.5896,0.5909,45743.0
2022-05-01 20:39:00,1651437540.0,0.5908,0.5908,0.5908,0.5908,3561.0
2022-05-01 20:40:00,1651437600.0,0.5909,0.5909,0.5906,0.5906,14155.0
2022-05-01 20:41:00,1651437660.0,0.5906,0.5906,0.5893,0.5894,15324.0
2022-05-01 20:42:00,1651437720.0,0.5894,0.5898,0.589,0.5898,8088.0
2022-05-01 20:43:00,1651437780.0,0.5898,0.5898,0.5894,0.5894,2435.0
2022-05-01 20:44:00,1651437840.0,0.5894,0.5894,0.589,0.5893,10622.0
2022-05-01 20:45:00,1651437900.0,0.5894,0.5912,0.5894,0.5908,64180.0
2022-05-01 20:46:00,1651437960.0,0.5908,0.5908,0.5897,0.5897,26849.0
2022-05-01 20:47:00,1651438020.0,0.5896,0.5904,0.5896,0.5902,31268.0
2022-05-01 20:48:00,1651438080.0,0.5902,0.5902,0.59,0.5901,6229.0
2022-05-01 20:49:00,1651438140.0,0.5899,0.5902,0.5894,0.5894,15272.0
2022-05-01 20:50:00,1651438200.0,0.5896,0.5902,0.5896,0.59,6476.0
2022-05-01 20:51:00,1651438260.0,0.5899,0.5903,0.5897,0.5903,14618.0
2022-05-01 20:52:00,1651438320.0,0.5904,0.5906,0.5904,0.5905,2422.0
2022-05-01 20:53:00,1651438380.0,0.5907,0.5908,0.5906,0.5908,2311.0
2022-05-01 20:54:00,1651438440.0,0.5907,0.5935,0.5907,0.5933,73076.0
2022-05-01 20:55:00,1651438500.0,0.5935,0.5945,0.5927,0.5945,29323.0
2022-05-01 20:56:00,1651438560.0,0.5946,0.5946,0.5937,0.5942,44548.0
2022-05-01 20:57:00,1651438620.0,0.5942,0.5961,0.5937,0.596,73078.0
2022-05-01 20:58:00,1651438680.0,0.596,0.5968,0.5948,0.5967,58817.0
2022-05-01 20:59:00,1651438740.0,0.5969,0.5986,0.5965,0.598,31224.0
2022-05-01 21:00:00,1651438800.0,0.598,0.5983,0.5968,0.5978,33504.0
2022-05-01 21:01:00,1651438860.0,0.5976,0.5982,0.597,0.5979,60669.0
2022-05-01 21:02:00,1651438920.0,0.5982,0.5986,0.5978,0.5986,32226.0
2022-05-01 21:03:00,1651438980.0,0.5986,0.5989,0.5978,0.5989,15273.0
2022-05-01 21:04:00,1651439040.0,0.5987,0.5987,0.5967,0.5978,53405.0
2022-05-01 21:05:00,1651439100.0,0.5974,0.5974,0.5947,0.5948,38473.0
2022-05-01 21:06:00,1651439160.0,0.5947,0.5947,0.593,0.5942,113098.0
2022-05-01 21:07:00,1651439220.0,0.594,0.594,0.5922,0.5931,37839.0
2022-05-01 21:08:00,1651439280.0,0.5934,0.5934,0.5923,0.5924,12947.0
2022-05-01 21:09:00,1651439340.0,0.5921,0.5927,0.5914,0.5917,21195.0
2022-05-01 21:10:00,1651439400.0,0.5917,0.5921,0.5908,0.5921,31675.0
2022-05-01 21:11:00,1651439460.0,0.5915,0.5921,0.5912,0.5917,15350.0
2022-05-01 21:12:00,1651439520.0,0.592,0.5941,0.592,0.5941,16954.0
2022-05-01 21:13:00,1651439580.0,0.594,0.594,0.5929,0.593,11294.0
2022-05-01 21:14:00,1651439640.0,0.5936,0.5936,0.5931,0.5932,7516.0
2022-05-01 21:15:00,1651439700.0,0.5934,0.5937,0.5919,0.592,78749.0
2022-05-01 21:16:00,1651439760.0,0.5921,0.5926,0.592,0.5926,3415.0
2022-05-01 21:17:00,1651439820.0,0.5927,0.5937,0.5927,0.5937,5062.0
2022-05-01 21:18:00,1651439880.0,0.5939,0.5941,0.5932,0.5932,8942.0
2022-05-01 21:19:00,1651439940.0,0.593,0.593,0.5922,0.5924,26451.0
2022-05-01 21:20:00,1651440000.0,0.5928,0.5934,0.5928,0.5934,7984.0
2022-05-01 21:21:00,1651440060.0,0.5934,0.5937,0.5927,0.5927,23405.0
2022-05-01 21:22:00,1651440120.0,0.5929,0.5929,0.5924,0.5924,5743.0
2022-05-01 21:23:00,1651440180.0,0.5924,0.5925,0.5924,0.5925,2876.0
2022-05-01 21:24:00,1651440240.0,0.5926,0.5931,0.5926,0.5929,991.0
2022-05-01 21:25:00,1651440300.0,0.5929,0.5929,0.5925,0.5925,1223.0
2022-05-01 21:26:00,1651440360.0,0.5925,0.5926,0.5923,0.5925,3140.0
2022-05-01 21:27:00,1651440420.0,0.5925,0.5925,0.5921,0.5921,9191.0
2022-05-01 21:28:00,1651440480.0,0.592,0.592,0.5916,0.5917,23057.0
2022-05-01 21:29:00,1651440540.0,0.5919,0.5919,0.5919,0.5919,444.0
2022-05-01 21:30:00,1651440600.0,0.592,0.5923,0.592,0.5923,667.0
2022-05-01 21:31:00,1651440660.0,0.5924,0.5924,0.5923,0.5923,358.0
2022-05-01 21:32:00,1651440720.0,0.5924,0.5924,0.592,0.592,680.0
2022-05-01 21:33:00,1651440780.0,0.5921,0.5921,0.592,0.592,554.0
2022-05-01 21:34:00,1651440840.0,0.5921,0.5921,0.5921,0.5921,77.0
2022-05-01 21:35:00,1651440900.0,0.5921,0.5921,0.5912,0.5912,7158.0
2022-05-01 21:36:00,1651440960.0,0.5907,0.5908,0.5893,0.5893,16352.0
2022-05-01 21:37:00,1651441020.0,0.5892,0.5895,0.5891,0.5893,10369.0
2022-05-01 21:38:00,1651441080.0,0.5893,0.5903,0.5893,0.5903,3115.0
2022-05-01 21:39:00,1651441140.0,0.5904,0.5907,0.5901,0.5907,5137.0
2022-05-01 21:40:00,1651441200.0,0.5905,0.5905,0.5904,0.5904,188.0
2022-05-01 21:41:00,1651441260.0,0.5904,0.5904,0.5904,0.5904,50.0
2022-05-01 21:42:00,1651441320.0,0.5904,0.591,0.5903,0.591,1529.0
2022-05-01 21:43:00,1651441380.0,0.5908,0.591,0.5908,0.591,871.0
2022-05-01 21:44:00,1651441440.0,0.5909,0.5912,0.5909,0.591,2497.0
2022-05-01 21:45:00,1651441500.0,0.591,0.591,0.5909,0.5909,1352.0
2022-05-01 21:46:00,1651441560.0,0.5909,0.5917,0.5909,0.5917,1568.0
2022-05-01 21:47:00,1651441620.0,0.5916,0.5917,0.5913,0.5913,1208.0
2022-05-01 21:48:00,1651441680.0,0.5913,0.5915,0.5913,0.5913,1054.0
2022-05-01 21:49:00,1651441740.0,0.5914,0.5915,0.5914,0.5915,704.0
2022-05-01 21:50:00,1651441800.0,0.5917,0.5918,0.5917,0.5917,5706.0
2022-05-01 21:51:00,1651441860.0,0.5917,0.5918,0.5914,0.5915,21321.0
2022-05-01 21:52:00,1651441920.0,0.5915,0.5916,0.5915,0.5916,590.0
2022-05-01 21:53:00,1651441980.0,0.5916,0.5917,0.5916,0.5917,4612.0
2022-05-01 21:54:00,1651442040.0,0.5917,0.5918,0.5916,0.5916,1387.0
2022-05-01 21:55:00,1651442100.0,0.5917,0.593,0.5917,0.5929,11478.0
2022-05-01 21:56:00,1651442160.0,0.593,0.593,0.5928,0.5929,3118.0
2022-05-01 21:57:00,1651442220.0,0.5928,0.5928,0.5927,0.5927,3990.0
2022-05-01 21:58:00,1651442280.0,0.5926,0.5926,0.592,0.592,10949.0
2022-05-01 21:59:00,1651442340.0,0.5922,0.5926,0.5922,0.5926,1311.0
2022-05-01 22:00:00,1651442400.0,0.5927,0.5935,0.5925,0.5935,8459.0
2022-05-01 22:01:00,1651442460.0,0.5936,0.5943,0.5936,0.5939,39137.0
2022-05-01 22:02:00,1651442520.0,0.5939,0.5939,0.5937,0.5937,2022.0
2022-05-01 22:03:00,1651442580.0,0.5939,0.5945,0.5939,0.5942,10874.0
2022-05-01 22:04:00,1651442640.0,0.5945,0.5948,0.5944,0.5944,6511.0
2022-05-01 22:05:00,1651442700.0,0.5945,0.5949,0.5945,0.5949,1845.0
2022-05-01 22:06:00,1651442760.0,0.5948,0.5954,0.5948,0.5949,6799.0
2022-05-01 22:07:00,1651442820.0,0.595,0.595,0.5948,0.595,2805.0
2022-05-01 22:08:00,1651442880.0,0.595,0.5953,0.595,0.5951,3642.0
2022-05-01 22:09:00,1651442940.0,0.5954,0.5959,0.5954,0.5954,12597.0
2022-05-01 22:10:00,1651443000.0,0.5953,0.5958,0.5951,0.5958,11842.0
2022-05-01 22:11:00,1651443060.0,0.5958,0.5977,0.5958,0.5977,46905.0
2022-05-01 22:12:00,1651443120.0,0.5978,0.5998,0.5977,0.5998,39502.0
2022-05-01 22:13:00,1651443180.0,0.6,0.6009,0.5997,0.6009,157012.0
2022-05-01 22:14:00,1651443240.0,0.6008,0.6009,0.6006,0.6008,9227.0
2022-05-01 22:15:00,1651443300.0,0.6008,0.6008,0.599,0.5995,36051.0
2022-05-01 22:16:00,1651443360.0,0.5992,0.5999,0.5991,0.5995,24225.0
2022-05-01 22:17:00,1651443420.0,0.5995,0.5997,0.5984,0.5991,34728.0
2022-05-01 22:18:00,1651443480.0,0.5992,0.5993,0.5986,0.5991,17836.0
2022-05-01 22:19:00,1651443540.0,0.5989,0.5991,0.5985,0.5991,7005.0
2022-05-01 22:20:00,1651443600.0,0.5988,0.5988,0.5985,0.5986,10612.0
2022-05-01 22:21:00,1651443660.0,0.5984,0.5989,0.5982,0.5986,21630.0
2022-05-01 22:22:00,1651443720.0,0.5986,0.5986,0.5977,0.5982,21138.0
2022-05-01 22:23:00,1651443780.0,0.5982,0.5982,0.5957,0.5961,45153.0
2022-05-01 22:24:00,1651443840.0,0.5958,0.5958,0.5944,0.5947,22433.0
2022-05-01 22:25:00,1651443900.0,0.5946,0.5949,0.5945,0.5948,14913.0
2022-05-01 22:26:00,1651443960.0,0.5947,0.595,0.5946,0.5948,15099.0
2022-05-01 22:27:00,1651444020.0,0.5949,0.5951,0.5947,0.5949,7355.0
2022-05-01 22:28:00,1651444080.0,0.5949,0.595,0.5945,0.5947,13930.0
2022-05-01 22:29:00,1651444140.0,0.5948,0.5949,0.5945,0.5946,9425.0
2022-05-01 22:30:00,1651444200.0,0.5949,0.5949,0.5946,0.5947,5366.0
2022-05-01 22:31:00,1651444260.0,0.5947,0.5948,0.5947,0.5948,1055.0
2022-05-01 22:32:00,1651444320.0,0.5948,0.5948,0.5947,0.5947,2135.0
2022-05-01 22:33:00,1651444380.0,0.5947,0.5948,0.5945,0.5946,12757.0
2022-05-01 22:34:00,1651444440.0,0.5945,0.5946,0.5943,0.5945,3791.0
2022-05-01 22:35:00,1651444500.0,0.5944,0.5944,0.5944,0.5944,1959.0
2022-05-01 22:36:00,1651444560.0,0.5943,0.5944,0.5943,0.5944,4390.0
2022-05-01 22:37:00,1651444620.0,0.5944,0.5945,0.5942,0.5943,9669.0
2022-05-01 22:38:00,1651444680.0,0.5942,0.5943,0.5942,0.5942,95.0
2022-05-01 22:39:00,1651444740.0,0.5942,0.5943,0.5942,0.5943,436.0
2022-05-01 22:40:00,1651444800.0,0.5943,0.5943,0.594,0.594,9372.0
2022-05-01 22:41:00,1651444860.0,0.5941,0.5941,0.5941,0.5941,694.0
2022-05-01 22:42:00,1651444920.0,0.5941,0.5942,0.5941,0.5942,2116.0
2022-05-01 22:43:00,1651444980.0,0.5942,0.5942,0.594,0.5942,9754.0
2022-05-01 22:44:00,1651445040.0,0.5943,0.5947,0.5942,0.5945,30348.0
2022-05-01 22:45:00,1651445100.0,0.5944,0.5944,0.594,0.5944,19928.0
2022-05-01 22:46:00,1651445160.0,0.5944,0.5945,0.5944,0.5945,11301.0
2022-05-01 22:47:00,1651445220.0,0.5945,0.5945,0.5941,0.5941,4353.0
2022-05-01 22:48:00,1651445280.0,0.5941,0.5946,0.5941,0.5946,32568.0
2022-05-01 22:49:00,1651445340.0,0.5946,0.5948,0.5946,0.5948,2189.0
2022-05-01 22:50:00,1651445400.0,0.5948,0.595,0.5948,0.5948,4003.0
2022-05-01 22:51:00,1651445460.0,0.5948,0.5949,0.5947,0.5947,3137.0
2022-05-01 22:52:00,1651445520.0,0.5947,0.5949,0.5946,0.5949,7588.0
2022-05-01 22:53:00,1651445580.0,0.5948,0.5949,0.5948,0.5948,292.0
2022-05-01 22:54:00,1651445640.0,0.5949,0.5949,0.5949,0.5949,80.0
2022-05-01 22:55:00,1651445700.0,0.5948,0.595,0.5933,0.5947,32126.0
2022-05-01 22:56:00,1651445760.0,0.5948,0.5969,0.5948,0.5969,21264.0
2022-05-01 22:57:00,1651445820.0,0.5969,0.5969,0.5959,0.5959,17174.0
2022-05-01 22:58:00,1651445880.0,0.5963,0.5971,0.5963,0.5965,37888.0
2022-05-01 22:59:00,1651445940.0,0.5967,0.5967,0.5961,0.5961,9864.0
2022-05-01 23:00:00,1651446000.0,0.5963,0.5964,0.595,0.5953,17408.0
2022-05-01 23:01:00,1651446060.0,0.5949,0.5949,0.5936,0.5936,6408.0
2022-05-01 23:02:00,1651446120.0,0.5935,0.5946,0.5934,0.5945,31485.0
2022-05-01 23:03:00,1651446180.0,0.5948,0.5974,0.5948,0.5974,31410.0
2022-05-01 23:04:00,1651446240.0,0.5973,0.5975,0.597,0.597,4421.0
2022-05-01 23:05:00,1651446300.0,0.597,0.597,0.5958,0.5958,5129.0
2022-05-01 23:06:00,1651446360.0,0.5958,0.5974,0.5958,0.5973,21688.0
2022-05-01 23:07:00,1651446420.0,0.5974,0.5976,0.5971,0.5975,7941.0
2022-05-01 23:08:00,1651446480.0,0.5975,0.5975,0.5975,0.5975,1496.0
2022-05-01 23:09:00,1651446540.0,0.5976,0.5978,0.5976,0.5978,1752.0
2022-05-01 23:10:00,1651446600.0,0.5978,0.598,0.5977,0.5979,9387.0
2022-05-01 23:11:00,1651446660.0,0.5977,0.5993,0.5974,0.5993,13280.0
2022-05-01 23:12:00,1651446720.0,0.5995,0.5999,0.5991,0.5997,19768.0
2022-05-01 23:13:00,1651446780.0,0.5997,0.6004,0.5997,0.6004,17508.0
2022-05-01 23:14:00,1651446840.0,0.6003,0.6005,0.6001,0.6003,4292.0
2022-05-01 23:15:00,1651446900.0,0.6005,0.6008,0.6004,0.6007,2515.0
2022-05-01 23:16:00,1651446960.0,0.6007,0.6007,0.5985,0.5985,21677.0
2022-05-01 23:17:00,1651447020.0,0.5984,0.5986,0.5975,0.5986,20434.0
2022-05-01 23:18:00,1651447080.0,0.5986,0.5995,0.5986,0.5989,17425.0
2022-05-01 23:19:00,1651447140.0,0.5988,0.5989,0.5983,0.5988,6162.0
2022-05-01 23:20:00,1651447200.0,0.599,0.6002,0.599,0.6001,16785.0
2022-05-01 23:21:00,1651447260.0,0.6003,0.6026,0.6003,0.6026,19527.0
2022-05-01 23:22:00,1651447320.0,0.6025,0.6025,0.6016,0.6024,16744.0
2022-05-01 23:23:00,1651447380.0,0.6023,0.6032,0.602,0.6024,29413.0
2022-05-01 23:24:00,1651447440.0,0.6023,0.6023,0.6014,0.6016,10960.0
2022-05-01 23:25:00,1651447500.0,0.6019,0.6022,0.6015,0.6022,11224.0
2022-05-01 23:26:00,1651447560.0,0.6023,0.6042,0.6023,0.604,50705.0
2022-05-01 23:27:00,1651447620.0,0.6041,0.6047,0.6038,0.6045,8581.0
2022-05-01 23:28:00,1651447680.0,0.6045,0.6047,0.6032,0.6032,13806.0
2022-05-01 23:29:00,1651447740.0,0.6031,0.6035,0.6017,0.6026,20945.0
2022-05-01 23:30:00,1651447800.0,0.6026,0.6032,0.6023,0.6029,13984.0
2022-05-01 23:31:00,1651447860.0,0.6029,0.6029,0.6018,0.6019,6734.0
2022-05-01 23:32:00,1651447920.0,0.602,0.6026,0.6019,0.6023,4451.0
2022-05-01 23:33:00,1651447980.0,0.6023,0.6025,0.602,0.602,4221.0
2022-05-01 23:34:00,1651448040.0,0.6018,0.6019,0.6012,0.6019,8278.0
2022-05-01 23:35:00,1651448100.0,0.602,0.6022,0.6018,0.602,8656.0
2022-05-01 23:36:00,1651448160.0,0.602,0.6025,0.6007,0.6015,32519.0
2022-05-01 23:37:00,1651448220.0,0.6015,0.6018,0.6013,0.6013,7498.0
2022-05-01 23:38:00,1651448280.0,0.6015,0.6018,0.601,0.6015,21021.0
2022-05-01 23:39:00,1651448340.0,0.6014,0.6024,0.6013,0.6024,16000.0
2022-05-01 23:40:00,1651448400.0,0.6025,0.6027,0.6018,0.6026,6244.0
2022-05-01 23:41:00,1651448460.0,0.6025,0.6025,0.6018,0.6018,10151.0
2022-05-01 23:42:00,1651448520.0,0.6019,0.6023,0.6016,0.6016,15265.0
2022-05-01 23:43:00,1651448580.0,0.6016,0.6018,0.6016,0.6018,3500.0
2022-05-01 23:44:00,1651448640.0,0.6018,0.6026,0.6018,0.6018,7845.0
2022-05-01 23:45:00,1651448700.0,0.6016,0.6022,0.6006,0.6019,29350.0
2022-05-01 23:46:00,1651448760.0,0.6021,0.6034,0.602,0.6022,15415.0
2022-05-01 23:47:00,1651448820.0,0.602,0.602,0.6009,0.6015,13195.0
2022-05-01 23:48:00,1651448880.0,0.6015,0.6021,0.601,0.602,16152.0
2022-05-01 23:49:00,1651448940.0,0.6017,0.6017,0.601,0.601,4315.0
2022-05-01 23:50:00,1651449000.0,0.601,0.6015,0.601,0.6014,15073.0
2022-05-01 23:51:00,1651449060.0,0.6015,0.6019,0.6014,0.6015,10833.0
2022-05-01 23:52:00,1651449120.0,0.6018,0.6018,0.6013,0.6014,3094.0
2022-05-01 23:53:00,1651449180.0,0.6015,0.6029,0.6015,0.6026,6806.0
2022-05-01 23:54:00,1651449240.0,0.6027,0.6027,0.6017,0.6021,12458.0
2022-05-01 23:55:00,1651449300.0,0.6021,0.6025,0.602,0.602,5363.0
2022-05-01 23:56:00,1651449360.0,0.602,0.6022,0.602,0.6022,2398.0
2022-05-01 23:57:00,1651449420.0,0.6023,0.6026,0.6009,0.6011,11861.0
2022-05-01 23:58:00,1651449480.0,0.601,0.6014,0.601,0.6011,7055.0
2022-05-01 23:59:00,1651449540.0,0.6012,0.6017,0.6012,0.6016,9136.0
