Universal Time,Unix Time,Open,High,Low,Close,Volume
2020-11-05 00:00:00,1604534400.0,3.1736,3.1736,3.1701,3.1701,189.94
2020-11-05 00:01:00,1604534460.0,3.1701,3.1715,3.17,3.17,124.72
2020-11-05 00:02:00,1604534520.0,3.1701,3.177,3.1701,3.177,91.68
2020-11-05 00:03:00,1604534580.0,3.1797,3.1797,3.1797,3.1797,32.0
2020-11-05 00:04:00,1604534640.0,3.1754,3.1794,3.1728,3.1728,569.37
2020-11-05 00:05:00,1604534700.0,3.1728,3.1728,3.1728,3.1728,0.0
2020-11-05 00:06:00,1604534760.0,3.1776,3.1781,3.1776,3.1781,200.0
2020-11-05 00:07:00,1604534820.0,3.1728,3.173,3.1724,3.1724,123.02
2020-11-05 00:08:00,1604534880.0,3.17,3.1701,3.1676,3.1676,190.2
2020-11-05 00:09:00,1604534940.0,3.1653,3.169,3.1644,3.169,24.49
2020-11-05 00:10:00,1604535000.0,3.1681,3.1681,3.1675,3.1675,69.54
2020-11-05 00:11:00,1604535060.0,3.1675,3.1675,3.1675,3.1675,0.0
2020-11-05 00:12:00,1604535120.0,3.1675,3.1675,3.1675,3.1675,0.0
2020-11-05 00:13:00,1604535180.0,3.171,3.171,3.171,3.171,129.61
2020-11-05 00:14:00,1604535240.0,3.1726,3.1768,3.1726,3.1768,138.71
2020-11-05 00:15:00,1604535300.0,3.1768,3.1768,3.1768,3.1768,0.0
2020-11-05 00:16:00,1604535360.0,3.1791,3.1932,3.1791,3.1816,802.13
2020-11-05 00:17:00,1604535420.0,3.1802,3.1802,3.1765,3.1791,234.27
2020-11-05 00:18:00,1604535480.0,3.1787,3.1788,3.1787,3.1788,21.31
2020-11-05 00:19:00,1604535540.0,3.1813,3.1813,3.1809,3.1809,74.13
2020-11-05 00:20:00,1604535600.0,3.1836,3.1836,3.1766,3.1766,153.17
2020-11-05 00:21:00,1604535660.0,3.1801,3.1803,3.1801,3.1803,64.04
2020-11-05 00:22:00,1604535720.0,3.1803,3.1803,3.1803,3.1803,0.0
2020-11-05 00:23:00,1604535780.0,3.1878,3.1878,3.1878,3.1878,10.83
2020-11-05 00:24:00,1604535840.0,3.1878,3.1878,3.1878,3.1878,0.0
2020-11-05 00:25:00,1604535900.0,3.1829,3.1829,3.1772,3.1772,135.51
2020-11-05 00:26:00,1604535960.0,3.1771,3.179,3.1745,3.1745,76.28
2020-11-05 00:27:00,1604536020.0,3.1814,3.1814,3.1814,3.1814,13.02
2020-11-05 00:28:00,1604536080.0,3.179,3.179,3.1746,3.1746,100.0
2020-11-05 00:29:00,1604536140.0,3.1746,3.1746,3.1746,3.1746,0.0
2020-11-05 00:30:00,1604536200.0,3.1866,3.1869,3.1841,3.1841,346.62
2020-11-05 00:31:00,1604536260.0,3.1869,3.1881,3.1867,3.1868,457.5
2020-11-05 00:32:00,1604536320.0,3.1868,3.1868,3.1868,3.1868,0.0
2020-11-05 00:33:00,1604536380.0,3.1868,3.1868,3.1868,3.1868,0.0
2020-11-05 00:34:00,1604536440.0,3.1832,3.1832,3.1826,3.1826,75.83
2020-11-05 00:35:00,1604536500.0,3.1826,3.1826,3.1826,3.1826,0.0
2020-11-05 00:36:00,1604536560.0,3.1826,3.1826,3.1826,3.1826,0.0
2020-11-05 00:37:00,1604536620.0,3.1826,3.1826,3.1826,3.1826,0.0
2020-11-05 00:38:00,1604536680.0,3.1826,3.1826,3.1826,3.1826,0.0
2020-11-05 00:39:00,1604536740.0,3.1826,3.1826,3.1826,3.1826,0.0
2020-11-05 00:40:00,1604536800.0,3.1779,3.1779,3.1754,3.1754,110.32
2020-11-05 00:41:00,1604536860.0,3.1754,3.1754,3.1754,3.1754,0.0
2020-11-05 00:42:00,1604536920.0,3.1745,3.1745,3.1727,3.1727,241.72
2020-11-05 00:43:00,1604536980.0,3.1727,3.1727,3.1727,3.1727,0.0
2020-11-05 00:44:00,1604537040.0,3.1727,3.1727,3.1727,3.1727,0.0
2020-11-05 00:45:00,1604537100.0,3.177,3.177,3.1756,3.1756,71.13
2020-11-05 00:46:00,1604537160.0,3.1756,3.1756,3.1756,3.1756,0.0
2020-11-05 00:47:00,1604537220.0,3.1778,3.1779,3.1778,3.1779,12.09
2020-11-05 00:48:00,1604537280.0,3.1779,3.1779,3.1779,3.1779,0.0
2020-11-05 00:49:00,1604537340.0,3.1779,3.1779,3.1779,3.1779,0.0
2020-11-05 00:50:00,1604537400.0,3.1781,3.1851,3.1781,3.1849,54.32
2020-11-05 00:51:00,1604537460.0,3.1849,3.1849,3.1849,3.1849,0.0
2020-11-05 00:52:00,1604537520.0,3.1849,3.1849,3.1849,3.1849,0.0
2020-11-05 00:53:00,1604537580.0,3.1849,3.1849,3.1849,3.1849,0.0
2020-11-05 00:54:00,1604537640.0,3.1849,3.1849,3.1849,3.1849,0.0
2020-11-05 00:55:00,1604537700.0,3.1849,3.1849,3.1849,3.1849,0.0
2020-11-05 00:56:00,1604537760.0,3.1849,3.1849,3.1849,3.1849,0.0
2020-11-05 00:57:00,1604537820.0,3.1849,3.1849,3.1849,3.1849,0.0
2020-11-05 00:58:00,1604537880.0,3.1849,3.1849,3.1849,3.1849,0.0
2020-11-05 00:59:00,1604537940.0,3.1849,3.1849,3.1849,3.1849,0.0
2020-11-05 01:00:00,1604538000.0,3.1727,3.1727,3.1727,3.1727,300.0
2020-11-05 01:01:00,1604538060.0,3.1727,3.1727,3.1727,3.1727,0.0
2020-11-05 01:02:00,1604538120.0,3.1727,3.1727,3.1727,3.1727,0.0
2020-11-05 01:03:00,1604538180.0,3.1727,3.1727,3.1727,3.1727,0.0
2020-11-05 01:04:00,1604538240.0,3.1824,3.1849,3.1824,3.1849,416.38
2020-11-05 01:05:00,1604538300.0,3.1849,3.1849,3.1849,3.1849,0.0
2020-11-05 01:06:00,1604538360.0,3.1849,3.1849,3.1849,3.1849,0.0
2020-11-05 01:07:00,1604538420.0,3.1849,3.1849,3.1849,3.1849,0.0
2020-11-05 01:08:00,1604538480.0,3.1849,3.1849,3.1849,3.1849,0.0
2020-11-05 01:09:00,1604538540.0,3.1849,3.1849,3.1849,3.1849,91.0
2020-11-05 01:10:00,1604538600.0,3.1849,3.1849,3.1849,3.1849,0.0
2020-11-05 01:11:00,1604538660.0,3.1849,3.1849,3.1849,3.1849,0.0
2020-11-05 01:12:00,1604538720.0,3.1848,3.1848,3.1848,3.1848,247.0
2020-11-05 01:13:00,1604538780.0,3.1849,3.1849,3.1849,3.1849,4.08
2020-11-05 01:14:00,1604538840.0,3.1812,3.1812,3.1812,3.1812,4.85
2020-11-05 01:15:00,1604538900.0,3.1812,3.1812,3.1812,3.1812,0.0
2020-11-05 01:16:00,1604538960.0,3.1812,3.1812,3.1812,3.1812,0.0
2020-11-05 01:17:00,1604539020.0,3.1812,3.1812,3.1812,3.1812,0.0
2020-11-05 01:18:00,1604539080.0,3.1812,3.1812,3.1812,3.1812,0.0
2020-11-05 01:19:00,1604539140.0,3.1812,3.1812,3.1812,3.1812,0.0
2020-11-05 01:20:00,1604539200.0,3.1849,3.1849,3.1849,3.1849,13.33
2020-11-05 01:21:00,1604539260.0,3.1849,3.1849,3.1819,3.1819,64.84
2020-11-05 01:22:00,1604539320.0,3.1819,3.1819,3.1819,3.1819,0.0
2020-11-05 01:23:00,1604539380.0,3.1819,3.1819,3.1819,3.1819,0.0
2020-11-05 01:24:00,1604539440.0,3.1819,3.1819,3.1819,3.1819,0.0
2020-11-05 01:25:00,1604539500.0,3.1819,3.1819,3.1819,3.1819,0.0
2020-11-05 01:26:00,1604539560.0,3.1819,3.1819,3.1819,3.1819,0.0
2020-11-05 01:27:00,1604539620.0,3.1849,3.1849,3.1849,3.1849,13.02
2020-11-05 01:28:00,1604539680.0,3.1849,3.1849,3.1849,3.1849,0.0
2020-11-05 01:29:00,1604539740.0,3.1849,3.1849,3.1849,3.1849,0.0
2020-11-05 01:30:00,1604539800.0,3.1849,3.1849,3.1849,3.1849,0.0
2020-11-05 01:31:00,1604539860.0,3.1805,3.1805,3.1755,3.1755,91.0
2020-11-05 01:32:00,1604539920.0,3.1755,3.1755,3.1755,3.1755,0.0
2020-11-05 01:33:00,1604539980.0,3.1755,3.1755,3.1755,3.1755,0.0
2020-11-05 01:34:00,1604540040.0,3.1755,3.1755,3.1755,3.1755,0.0
2020-11-05 01:35:00,1604540100.0,3.1755,3.1755,3.1755,3.1755,0.0
2020-11-05 01:36:00,1604540160.0,3.1755,3.1755,3.1755,3.1755,0.0
2020-11-05 01:37:00,1604540220.0,3.1755,3.1755,3.1755,3.1755,0.0
2020-11-05 01:38:00,1604540280.0,3.1806,3.1807,3.1765,3.1807,53.2
2020-11-05 01:39:00,1604540340.0,3.1764,3.1764,3.1764,3.1764,4.77
2020-11-05 01:40:00,1604540400.0,3.1849,3.1849,3.1849,3.1849,147.9
2020-11-05 01:41:00,1604540460.0,3.1849,3.1849,3.1849,3.1849,0.0
2020-11-05 01:42:00,1604540520.0,3.1884,3.1884,3.1797,3.1797,107.89
2020-11-05 01:43:00,1604540580.0,3.185,3.185,3.185,3.185,189.72
2020-11-05 01:44:00,1604540640.0,3.1831,3.1831,3.1831,3.1831,27.54
2020-11-05 01:45:00,1604540700.0,3.1788,3.1788,3.1788,3.1788,56.01
2020-11-05 01:46:00,1604540760.0,3.1788,3.1788,3.1788,3.1788,0.0
2020-11-05 01:47:00,1604540820.0,3.1788,3.1788,3.1788,3.1788,0.0
2020-11-05 01:48:00,1604540880.0,3.1788,3.1788,3.1788,3.1788,0.0
2020-11-05 01:49:00,1604540940.0,3.1785,3.1785,3.1785,3.1785,5.0
2020-11-05 01:50:00,1604541000.0,3.1788,3.1788,3.1788,3.1788,3.52
2020-11-05 01:51:00,1604541060.0,3.1788,3.1788,3.1788,3.1788,0.0
2020-11-05 01:52:00,1604541120.0,3.1788,3.1788,3.1788,3.1788,0.0
2020-11-05 01:53:00,1604541180.0,3.1788,3.1788,3.1788,3.1788,0.0
2020-11-05 01:54:00,1604541240.0,3.1788,3.1788,3.1788,3.1788,0.0
2020-11-05 01:55:00,1604541300.0,3.18,3.18,3.18,3.18,4.29
2020-11-05 01:56:00,1604541360.0,3.18,3.18,3.18,3.18,0.0
2020-11-05 01:57:00,1604541420.0,3.1872,3.1872,3.1872,3.1872,4.12
2020-11-05 01:58:00,1604541480.0,3.1872,3.1872,3.1872,3.1872,0.0
2020-11-05 01:59:00,1604541540.0,3.1872,3.1872,3.1872,3.1872,0.0
2020-11-05 02:00:00,1604541600.0,3.1868,3.1868,3.1868,3.1868,4.19
2020-11-05 02:01:00,1604541660.0,3.1855,3.1855,3.1855,3.1855,3.14
2020-11-05 02:02:00,1604541720.0,3.1855,3.1855,3.1855,3.1855,0.0
2020-11-05 02:03:00,1604541780.0,3.18,3.18,3.18,3.18,43.0
2020-11-05 02:04:00,1604541840.0,3.1857,3.1886,3.1857,3.1886,14.0
2020-11-05 02:05:00,1604541900.0,3.1886,3.1886,3.1886,3.1886,0.0
2020-11-05 02:06:00,1604541960.0,3.1886,3.1886,3.1886,3.1886,0.0
2020-11-05 02:07:00,1604542020.0,3.1886,3.1886,3.1886,3.1886,0.0
2020-11-05 02:08:00,1604542080.0,3.1886,3.1886,3.1886,3.1886,0.0
2020-11-05 02:09:00,1604542140.0,3.1908,3.1984,3.1908,3.1984,72.73
2020-11-05 02:10:00,1604542200.0,3.1969,3.1999,3.1969,3.1999,59.0
2020-11-05 02:11:00,1604542260.0,3.1999,3.1999,3.1999,3.1999,0.0
2020-11-05 02:12:00,1604542320.0,3.1999,3.1999,3.1999,3.1999,0.0
2020-11-05 02:13:00,1604542380.0,3.1987,3.1987,3.1987,3.1987,2418.42
2020-11-05 02:14:00,1604542440.0,3.1987,3.1987,3.1987,3.1987,0.0
2020-11-05 02:15:00,1604542500.0,3.1963,3.1995,3.1963,3.1979,110.51
2020-11-05 02:16:00,1604542560.0,3.1979,3.1979,3.1979,3.1979,0.0
2020-11-05 02:17:00,1604542620.0,3.198,3.2116,3.198,3.2093,1012.03
2020-11-05 02:18:00,1604542680.0,3.2114,3.2185,3.2114,3.2158,190.8
2020-11-05 02:19:00,1604542740.0,3.2124,3.2124,3.2123,3.2123,20.1
2020-11-05 02:20:00,1604542800.0,3.216,3.2162,3.216,3.2162,96.52
2020-11-05 02:21:00,1604542860.0,3.2219,3.2237,3.2175,3.2175,756.81
2020-11-05 02:22:00,1604542920.0,3.2142,3.2172,3.2121,3.2172,570.1
2020-11-05 02:23:00,1604542980.0,3.215,3.215,3.215,3.215,236.99
2020-11-05 02:24:00,1604543040.0,3.2058,3.2058,3.2051,3.2051,23.74
2020-11-05 02:25:00,1604543100.0,3.2005,3.2054,3.1948,3.1961,975.29
2020-11-05 02:26:00,1604543160.0,3.1898,3.1898,3.1838,3.185,228.16
2020-11-05 02:27:00,1604543220.0,3.1872,3.1872,3.1872,3.1872,6.2
2020-11-05 02:28:00,1604543280.0,3.1872,3.1872,3.1872,3.1872,0.0
2020-11-05 02:29:00,1604543340.0,3.1872,3.1872,3.1872,3.1872,0.0
2020-11-05 02:30:00,1604543400.0,3.1858,3.1858,3.1858,3.1858,20.4
2020-11-05 02:31:00,1604543460.0,3.1838,3.1838,3.1807,3.1807,100.0
2020-11-05 02:32:00,1604543520.0,3.1807,3.1807,3.1807,3.1807,0.0
2020-11-05 02:33:00,1604543580.0,3.1807,3.1807,3.1807,3.1807,0.0
2020-11-05 02:34:00,1604543640.0,3.1807,3.1807,3.1807,3.1807,0.0
2020-11-05 02:35:00,1604543700.0,3.1807,3.1807,3.1807,3.1807,0.0
2020-11-05 02:36:00,1604543760.0,3.1807,3.1807,3.1807,3.1807,0.0
2020-11-05 02:37:00,1604543820.0,3.1807,3.1807,3.1807,3.1807,0.0
2020-11-05 02:38:00,1604543880.0,3.1791,3.1791,3.179,3.179,150.0
2020-11-05 02:39:00,1604543940.0,3.179,3.179,3.179,3.179,0.0
2020-11-05 02:40:00,1604544000.0,3.179,3.179,3.179,3.179,0.0
2020-11-05 02:41:00,1604544060.0,3.179,3.179,3.179,3.179,0.0
2020-11-05 02:42:00,1604544120.0,3.1853,3.1855,3.1853,3.1855,20.0
2020-11-05 02:43:00,1604544180.0,3.1806,3.1806,3.1806,3.1806,108.9
2020-11-05 02:44:00,1604544240.0,3.1866,3.189,3.1843,3.189,1153.37
2020-11-05 02:45:00,1604544300.0,3.184,3.184,3.1818,3.1818,100.0
2020-11-05 02:46:00,1604544360.0,3.1818,3.1818,3.1818,3.1818,4.32
2020-11-05 02:47:00,1604544420.0,3.1818,3.1818,3.1818,3.1818,0.0
2020-11-05 02:48:00,1604544480.0,3.1854,3.1854,3.1854,3.1854,3.17
2020-11-05 02:49:00,1604544540.0,3.1795,3.1795,3.1795,3.1795,3.94
2020-11-05 02:50:00,1604544600.0,3.1795,3.1795,3.1795,3.1795,0.0
2020-11-05 02:51:00,1604544660.0,3.1862,3.1896,3.1862,3.1896,94.44
2020-11-05 02:52:00,1604544720.0,3.1896,3.1896,3.1896,3.1896,0.0
2020-11-05 02:53:00,1604544780.0,3.1896,3.1896,3.1896,3.1896,0.0
2020-11-05 02:54:00,1604544840.0,3.1837,3.1837,3.1836,3.1836,71.1
2020-11-05 02:55:00,1604544900.0,3.1819,3.1819,3.1743,3.1757,1364.56
2020-11-05 02:56:00,1604544960.0,3.1795,3.1795,3.1795,3.1795,3.48
2020-11-05 02:57:00,1604545020.0,3.1795,3.1796,3.1785,3.1785,130.24
2020-11-05 02:58:00,1604545080.0,3.1785,3.1785,3.1785,3.1785,0.0
2020-11-05 02:59:00,1604545140.0,3.1826,3.1867,3.1826,3.1867,109.78
2020-11-05 03:00:00,1604545200.0,3.1893,3.2017,3.1893,3.1956,570.98
2020-11-05 03:01:00,1604545260.0,3.1956,3.1956,3.1956,3.1956,0.0
2020-11-05 03:02:00,1604545320.0,3.1969,3.1992,3.1969,3.1992,300.0
2020-11-05 03:03:00,1604545380.0,3.1992,3.1992,3.1992,3.1992,0.0
2020-11-05 03:04:00,1604545440.0,3.1992,3.1992,3.1956,3.1956,11.44
2020-11-05 03:05:00,1604545500.0,3.1956,3.1956,3.1956,3.1956,0.0
2020-11-05 03:06:00,1604545560.0,3.1956,3.1956,3.1956,3.1956,0.0
2020-11-05 03:07:00,1604545620.0,3.1925,3.1925,3.1925,3.1925,7.3
2020-11-05 03:08:00,1604545680.0,3.1925,3.1925,3.1925,3.1925,0.0
2020-11-05 03:09:00,1604545740.0,3.1925,3.1925,3.1925,3.1925,0.0
2020-11-05 03:10:00,1604545800.0,3.198,3.1983,3.198,3.1983,199.76
2020-11-05 03:11:00,1604545860.0,3.1967,3.1967,3.1967,3.1967,14.31
2020-11-05 03:12:00,1604545920.0,3.1967,3.1967,3.1967,3.1967,0.0
2020-11-05 03:13:00,1604545980.0,3.1951,3.2004,3.1946,3.1995,158.31
2020-11-05 03:14:00,1604546040.0,3.1995,3.1995,3.1995,3.1995,0.0
2020-11-05 03:15:00,1604546100.0,3.1953,3.1953,3.1893,3.1893,193.64
2020-11-05 03:16:00,1604546160.0,3.1902,3.1902,3.1845,3.1845,145.28
2020-11-05 03:17:00,1604546220.0,3.1845,3.1854,3.1785,3.1854,721.33
2020-11-05 03:18:00,1604546280.0,3.1854,3.1854,3.1854,3.1854,0.0
2020-11-05 03:19:00,1604546340.0,3.1854,3.1854,3.1854,3.1854,0.0
2020-11-05 03:20:00,1604546400.0,3.182,3.182,3.1752,3.1752,172.41
2020-11-05 03:21:00,1604546460.0,3.1743,3.1743,3.1727,3.1727,34.45
2020-11-05 03:22:00,1604546520.0,3.1744,3.1744,3.1713,3.1713,12.57
2020-11-05 03:23:00,1604546580.0,3.1713,3.1713,3.1713,3.1713,0.0
2020-11-05 03:24:00,1604546640.0,3.1713,3.1713,3.1713,3.1713,0.0
2020-11-05 03:25:00,1604546700.0,3.1702,3.1702,3.1693,3.1693,100.0
2020-11-05 03:26:00,1604546760.0,3.1705,3.1706,3.1705,3.1706,25.4
2020-11-05 03:27:00,1604546820.0,3.1669,3.1669,3.1604,3.1649,413.38
2020-11-05 03:28:00,1604546880.0,3.163,3.1634,3.163,3.1634,29.93
2020-11-05 03:29:00,1604546940.0,3.1653,3.1683,3.1653,3.1683,22.86
2020-11-05 03:30:00,1604547000.0,3.1658,3.1699,3.1611,3.1682,176.39
2020-11-05 03:31:00,1604547060.0,3.1681,3.1681,3.1631,3.1631,100.0
2020-11-05 03:32:00,1604547120.0,3.1631,3.1631,3.1628,3.1628,33.47
2020-11-05 03:33:00,1604547180.0,3.16,3.16,3.1568,3.1568,100.0
2020-11-05 03:34:00,1604547240.0,3.1541,3.1541,3.1541,3.1541,36.82
2020-11-05 03:35:00,1604547300.0,3.158,3.158,3.15,3.15,117.66
2020-11-05 03:36:00,1604547360.0,3.15,3.1509,3.15,3.1509,67.19
2020-11-05 03:37:00,1604547420.0,3.1511,3.1511,3.143,3.1487,548.69
2020-11-05 03:38:00,1604547480.0,3.1488,3.1488,3.1488,3.1488,175.98
2020-11-05 03:39:00,1604547540.0,3.1488,3.1488,3.1488,3.1488,0.0
2020-11-05 03:40:00,1604547600.0,3.15,3.15,3.15,3.15,5.07
2020-11-05 03:41:00,1604547660.0,3.15,3.15,3.15,3.15,0.0
2020-11-05 03:42:00,1604547720.0,3.1521,3.1521,3.1514,3.1514,8.08
2020-11-05 03:43:00,1604547780.0,3.1499,3.15,3.1499,3.15,8.18
2020-11-05 03:44:00,1604547840.0,3.1549,3.1549,3.1518,3.1519,21.65
2020-11-05 03:45:00,1604547900.0,3.1539,3.1539,3.1507,3.1507,7.17
2020-11-05 03:46:00,1604547960.0,3.1507,3.1507,3.1507,3.1507,0.0
2020-11-05 03:47:00,1604548020.0,3.1507,3.1507,3.1507,3.1507,0.0
2020-11-05 03:48:00,1604548080.0,3.1547,3.159,3.1541,3.1557,1578.08
2020-11-05 03:49:00,1604548140.0,3.1557,3.1557,3.1557,3.1557,0.0
2020-11-05 03:50:00,1604548200.0,3.1584,3.1589,3.1548,3.1548,212.97
2020-11-05 03:51:00,1604548260.0,3.1588,3.1635,3.1588,3.1634,120.69
2020-11-05 03:52:00,1604548320.0,3.1634,3.168,3.1596,3.1596,22.07
2020-11-05 03:53:00,1604548380.0,3.1596,3.1596,3.1596,3.1596,0.0
2020-11-05 03:54:00,1604548440.0,3.1596,3.1596,3.1596,3.1596,0.0
2020-11-05 03:55:00,1604548500.0,3.1596,3.1596,3.1596,3.1596,0.0
2020-11-05 03:56:00,1604548560.0,3.1581,3.1581,3.1536,3.1536,978.6
2020-11-05 03:57:00,1604548620.0,3.1536,3.1536,3.1536,3.1536,0.0
2020-11-05 03:58:00,1604548680.0,3.1536,3.1536,3.1536,3.1536,0.0
2020-11-05 03:59:00,1604548740.0,3.1536,3.1536,3.1536,3.1536,0.0
2020-11-05 04:00:00,1604548800.0,3.1536,3.1536,3.1536,3.1536,0.0
2020-11-05 04:01:00,1604548860.0,3.1536,3.1536,3.1536,3.1536,0.0
2020-11-05 04:02:00,1604548920.0,3.1536,3.1536,3.1536,3.1536,0.0
2020-11-05 04:03:00,1604548980.0,3.1539,3.154,3.1498,3.1498,208.1
2020-11-05 04:04:00,1604549040.0,3.1498,3.1498,3.1498,3.1498,0.0
2020-11-05 04:05:00,1604549100.0,3.1551,3.1669,3.1551,3.1661,339.68
2020-11-05 04:06:00,1604549160.0,3.1606,3.1606,3.1592,3.1606,152.15
2020-11-05 04:07:00,1604549220.0,3.1604,3.1605,3.1604,3.1605,18.54
2020-11-05 04:08:00,1604549280.0,3.1605,3.1605,3.1605,3.1605,0.0
2020-11-05 04:09:00,1604549340.0,3.1605,3.1605,3.1605,3.1605,0.0
2020-11-05 04:10:00,1604549400.0,3.1674,3.17,3.1674,3.17,92.0
2020-11-05 04:11:00,1604549460.0,3.17,3.17,3.17,3.17,0.0
2020-11-05 04:12:00,1604549520.0,3.1722,3.1722,3.1722,3.1722,55.4
2020-11-05 04:13:00,1604549580.0,3.1722,3.1722,3.1722,3.1722,0.0
2020-11-05 04:14:00,1604549640.0,3.1746,3.185,3.1746,3.1824,801.98
2020-11-05 04:15:00,1604549700.0,3.1824,3.1845,3.1824,3.1845,81.16
2020-11-05 04:16:00,1604549760.0,3.1888,3.191,3.1885,3.1885,132.47
2020-11-05 04:17:00,1604549820.0,3.1885,3.1885,3.1885,3.1885,0.0
2020-11-05 04:18:00,1604549880.0,3.1885,3.1885,3.1885,3.1885,0.0
2020-11-05 04:19:00,1604549940.0,3.1882,3.1882,3.1813,3.1813,100.0
2020-11-05 04:20:00,1604550000.0,3.1813,3.1813,3.1813,3.1813,0.0
2020-11-05 04:21:00,1604550060.0,3.1813,3.1813,3.1813,3.1813,0.0
2020-11-05 04:22:00,1604550120.0,3.1813,3.1813,3.1813,3.1813,0.0
2020-11-05 04:23:00,1604550180.0,3.1969,3.1969,3.1969,3.1969,3.75
2020-11-05 04:24:00,1604550240.0,3.1929,3.1929,3.1929,3.1929,4.52
2020-11-05 04:25:00,1604550300.0,3.1929,3.1929,3.1929,3.1929,0.0
2020-11-05 04:26:00,1604550360.0,3.1929,3.1929,3.1929,3.1929,0.0
2020-11-05 04:27:00,1604550420.0,3.1929,3.1929,3.1929,3.1929,0.0
2020-11-05 04:28:00,1604550480.0,3.1968,3.2,3.1933,3.1933,558.9
2020-11-05 04:29:00,1604550540.0,3.1933,3.1933,3.1933,3.1933,0.0
2020-11-05 04:30:00,1604550600.0,3.1933,3.1933,3.1933,3.1933,0.0
2020-11-05 04:31:00,1604550660.0,3.1975,3.2038,3.1975,3.2038,132.59
2020-11-05 04:32:00,1604550720.0,3.2049,3.2116,3.2033,3.2033,417.4
2020-11-05 04:33:00,1604550780.0,3.2033,3.2104,3.2032,3.2104,213.0
2020-11-05 04:34:00,1604550840.0,3.2107,3.2107,3.2045,3.2045,6.99
2020-11-05 04:35:00,1604550900.0,3.2045,3.2045,3.2045,3.2045,0.0
2020-11-05 04:36:00,1604550960.0,3.2045,3.2045,3.2045,3.2045,0.0
2020-11-05 04:37:00,1604551020.0,3.2045,3.2045,3.2045,3.2045,0.0
2020-11-05 04:38:00,1604551080.0,3.2045,3.2045,3.2045,3.2045,0.0
2020-11-05 04:39:00,1604551140.0,3.2046,3.2046,3.2046,3.2046,5.0
2020-11-05 04:40:00,1604551200.0,3.2046,3.2046,3.2046,3.2046,0.0
2020-11-05 04:41:00,1604551260.0,3.2085,3.2117,3.2085,3.2117,56.42
2020-11-05 04:42:00,1604551320.0,3.2078,3.2078,3.2078,3.2078,4.0
2020-11-05 04:43:00,1604551380.0,3.2108,3.211,3.2108,3.211,88.43
2020-11-05 04:44:00,1604551440.0,3.211,3.211,3.211,3.211,0.0
2020-11-05 04:45:00,1604551500.0,3.2111,3.2111,3.2079,3.2097,253.81
2020-11-05 04:46:00,1604551560.0,3.2097,3.2097,3.2097,3.2097,0.0
2020-11-05 04:47:00,1604551620.0,3.2097,3.2097,3.2097,3.2097,0.0
2020-11-05 04:48:00,1604551680.0,3.2097,3.2097,3.2097,3.2097,0.0
2020-11-05 04:49:00,1604551740.0,3.2097,3.2097,3.2097,3.2097,0.0
2020-11-05 04:50:00,1604551800.0,3.2097,3.2097,3.2097,3.2097,0.0
2020-11-05 04:51:00,1604551860.0,3.205,3.205,3.205,3.205,500.0
2020-11-05 04:52:00,1604551920.0,3.2069,3.2069,3.2069,3.2069,3.5
2020-11-05 04:53:00,1604551980.0,3.2069,3.2069,3.2069,3.2069,0.0
2020-11-05 04:54:00,1604552040.0,3.2069,3.2069,3.2069,3.2069,0.0
2020-11-05 04:55:00,1604552100.0,3.2069,3.2069,3.2069,3.2069,0.0
2020-11-05 04:56:00,1604552160.0,3.2069,3.2069,3.2069,3.2069,0.0
2020-11-05 04:57:00,1604552220.0,3.2069,3.2069,3.2069,3.2069,0.0
2020-11-05 04:58:00,1604552280.0,3.2069,3.2069,3.2069,3.2069,0.0
2020-11-05 04:59:00,1604552340.0,3.2069,3.2069,3.2069,3.2069,0.0
2020-11-05 05:00:00,1604552400.0,3.214,3.2186,3.214,3.2186,143.15
2020-11-05 05:01:00,1604552460.0,3.2118,3.2118,3.2076,3.2076,79.5
2020-11-05 05:02:00,1604552520.0,3.2076,3.2076,3.2076,3.2076,0.0
2020-11-05 05:03:00,1604552580.0,3.2035,3.2035,3.2012,3.2012,159.8
2020-11-05 05:04:00,1604552640.0,3.2012,3.2012,3.2012,3.2012,0.0
2020-11-05 05:05:00,1604552700.0,3.202,3.202,3.1948,3.1948,36.15
2020-11-05 05:06:00,1604552760.0,3.2005,3.2005,3.195,3.195,71.6
2020-11-05 05:07:00,1604552820.0,3.195,3.195,3.195,3.195,0.0
2020-11-05 05:08:00,1604552880.0,3.195,3.195,3.195,3.195,0.0
2020-11-05 05:09:00,1604552940.0,3.195,3.195,3.195,3.195,0.0
2020-11-05 05:10:00,1604553000.0,3.1969,3.1969,3.1969,3.1969,4.08
2020-11-05 05:11:00,1604553060.0,3.1969,3.1969,3.1969,3.1969,0.0
2020-11-05 05:12:00,1604553120.0,3.2012,3.2052,3.2012,3.2052,661.16
2020-11-05 05:13:00,1604553180.0,3.2052,3.2052,3.2052,3.2052,0.0
2020-11-05 05:14:00,1604553240.0,3.2052,3.2052,3.2052,3.2052,0.0
2020-11-05 05:15:00,1604553300.0,3.2049,3.2049,3.199,3.199,7.63
2020-11-05 05:16:00,1604553360.0,3.199,3.199,3.199,3.199,0.0
2020-11-05 05:17:00,1604553420.0,3.2049,3.2081,3.2049,3.2081,39.51
2020-11-05 05:18:00,1604553480.0,3.2029,3.212,3.2013,3.212,139.86
2020-11-05 05:19:00,1604553540.0,3.212,3.212,3.212,3.212,0.0
2020-11-05 05:20:00,1604553600.0,3.212,3.212,3.212,3.212,0.0
2020-11-05 05:21:00,1604553660.0,3.212,3.212,3.212,3.212,0.0
2020-11-05 05:22:00,1604553720.0,3.212,3.212,3.212,3.212,0.0
2020-11-05 05:23:00,1604553780.0,3.2072,3.2154,3.206,3.2154,565.17
2020-11-05 05:24:00,1604553840.0,3.2147,3.2147,3.2147,3.2147,49.77
2020-11-05 05:25:00,1604553900.0,3.2089,3.2089,3.2081,3.2081,39.11
2020-11-05 05:26:00,1604553960.0,3.2081,3.2081,3.2081,3.2081,0.0
2020-11-05 05:27:00,1604554020.0,3.2081,3.2081,3.2081,3.2081,0.0
2020-11-05 05:28:00,1604554080.0,3.2115,3.2115,3.2115,3.2115,7.2
2020-11-05 05:29:00,1604554140.0,3.2115,3.2115,3.2115,3.2115,7.4
2020-11-05 05:30:00,1604554200.0,3.2115,3.2115,3.2115,3.2115,0.0
2020-11-05 05:31:00,1604554260.0,3.2115,3.2115,3.2115,3.2115,0.0
2020-11-05 05:32:00,1604554320.0,3.217,3.217,3.217,3.217,95.05
2020-11-05 05:33:00,1604554380.0,3.2123,3.2123,3.2122,3.2122,40.4
2020-11-05 05:34:00,1604554440.0,3.2122,3.2122,3.2122,3.2122,0.0
2020-11-05 05:35:00,1604554500.0,3.2122,3.2122,3.2122,3.2122,0.0
2020-11-05 05:36:00,1604554560.0,3.2122,3.2122,3.2122,3.2122,0.0
2020-11-05 05:37:00,1604554620.0,3.2103,3.2105,3.2103,3.2105,417.2
2020-11-05 05:38:00,1604554680.0,3.2054,3.2054,3.2034,3.2034,127.21
2020-11-05 05:39:00,1604554740.0,3.1981,3.1981,3.1962,3.1962,158.42
2020-11-05 05:40:00,1604554800.0,3.1975,3.2,3.1968,3.2,56.57
2020-11-05 05:41:00,1604554860.0,3.199,3.199,3.1989,3.1989,81.17
2020-11-05 05:42:00,1604554920.0,3.1989,3.1989,3.1989,3.1989,0.0
2020-11-05 05:43:00,1604554980.0,3.1989,3.1989,3.1989,3.1989,0.0
2020-11-05 05:44:00,1604555040.0,3.1989,3.1989,3.1989,3.1989,0.0
2020-11-05 05:45:00,1604555100.0,3.2046,3.2111,3.2011,3.2011,149.85
2020-11-05 05:46:00,1604555160.0,3.2011,3.2011,3.2011,3.2011,0.0
2020-11-05 05:47:00,1604555220.0,3.2011,3.2011,3.2011,3.2011,0.0
2020-11-05 05:48:00,1604555280.0,3.196,3.196,3.1928,3.1929,470.64
2020-11-05 05:49:00,1604555340.0,3.1923,3.1924,3.1923,3.1924,4.7
2020-11-05 05:50:00,1604555400.0,3.1924,3.1924,3.1924,3.1924,0.0
2020-11-05 05:51:00,1604555460.0,3.1924,3.1924,3.1924,3.1924,0.0
2020-11-05 05:52:00,1604555520.0,3.1924,3.1924,3.1924,3.1924,0.0
2020-11-05 05:53:00,1604555580.0,3.1924,3.1924,3.1924,3.1924,0.0
2020-11-05 05:54:00,1604555640.0,3.1985,3.201,3.1985,3.1997,76.97
2020-11-05 05:55:00,1604555700.0,3.1997,3.1997,3.1997,3.1997,0.0
2020-11-05 05:56:00,1604555760.0,3.1996,3.1996,3.1996,3.1996,8.54
2020-11-05 05:57:00,1604555820.0,3.1965,3.2014,3.1946,3.1948,1226.16
2020-11-05 05:58:00,1604555880.0,3.1948,3.1948,3.1948,3.1948,0.0
2020-11-05 05:59:00,1604555940.0,3.1948,3.1948,3.1948,3.1948,0.0
2020-11-05 06:00:00,1604556000.0,3.1948,3.1948,3.1948,3.1948,0.0
2020-11-05 06:01:00,1604556060.0,3.1928,3.1962,3.1927,3.1962,125.0
2020-11-05 06:02:00,1604556120.0,3.1962,3.1962,3.1962,3.1962,0.0
2020-11-05 06:03:00,1604556180.0,3.1939,3.1939,3.1938,3.1938,40.0
2020-11-05 06:04:00,1604556240.0,3.1938,3.1938,3.1938,3.1938,0.0
2020-11-05 06:05:00,1604556300.0,3.1938,3.1938,3.1938,3.1938,0.0
2020-11-05 06:06:00,1604556360.0,3.1938,3.1938,3.1938,3.1938,0.0
2020-11-05 06:07:00,1604556420.0,3.1938,3.1938,3.1938,3.1938,0.0
2020-11-05 06:08:00,1604556480.0,3.1938,3.1938,3.1938,3.1938,0.0
2020-11-05 06:09:00,1604556540.0,3.1938,3.1938,3.1938,3.1938,0.0
2020-11-05 06:10:00,1604556600.0,3.1938,3.1938,3.1938,3.1938,0.0
2020-11-05 06:11:00,1604556660.0,3.1908,3.1908,3.1857,3.1857,537.42
2020-11-05 06:12:00,1604556720.0,3.1903,3.1919,3.1903,3.1919,92.11
2020-11-05 06:13:00,1604556780.0,3.1854,3.1854,3.1854,3.1854,10.0
2020-11-05 06:14:00,1604556840.0,3.1854,3.1854,3.1854,3.1854,0.0
2020-11-05 06:15:00,1604556900.0,3.1854,3.1854,3.1854,3.1854,0.0
2020-11-05 06:16:00,1604556960.0,3.1854,3.1854,3.1854,3.1854,0.0
2020-11-05 06:17:00,1604557020.0,3.193,3.1943,3.193,3.1943,143.12
2020-11-05 06:18:00,1604557080.0,3.1943,3.1943,3.1943,3.1943,0.0
2020-11-05 06:19:00,1604557140.0,3.1943,3.1943,3.1943,3.1943,0.0
2020-11-05 06:20:00,1604557200.0,3.1942,3.1942,3.1942,3.1942,9.53
2020-11-05 06:21:00,1604557260.0,3.1917,3.1917,3.1822,3.1822,49.68
2020-11-05 06:22:00,1604557320.0,3.1822,3.1822,3.1822,3.1822,10.01
2020-11-05 06:23:00,1604557380.0,3.1822,3.1822,3.1822,3.1822,0.0
2020-11-05 06:24:00,1604557440.0,3.1822,3.1822,3.1822,3.1822,0.0
2020-11-05 06:25:00,1604557500.0,3.1837,3.19,3.1822,3.1822,149.76
2020-11-05 06:26:00,1604557560.0,3.19,3.19,3.1813,3.1813,125.0
2020-11-05 06:27:00,1604557620.0,3.1855,3.1856,3.1855,3.1856,37.32
2020-11-05 06:28:00,1604557680.0,3.1856,3.1856,3.1856,3.1856,0.0
2020-11-05 06:29:00,1604557740.0,3.1856,3.1856,3.1856,3.1856,0.0
2020-11-05 06:30:00,1604557800.0,3.1842,3.1842,3.1806,3.1806,100.0
2020-11-05 06:31:00,1604557860.0,3.1806,3.1806,3.1806,3.1806,0.0
2020-11-05 06:32:00,1604557920.0,3.18,3.182,3.1712,3.1712,1268.18
2020-11-05 06:33:00,1604557980.0,3.1749,3.1876,3.1749,3.1876,1228.4
2020-11-05 06:34:00,1604558040.0,3.1807,3.1807,3.17,3.17,674.24
2020-11-05 06:35:00,1604558100.0,3.1698,3.1698,3.157,3.16,1761.64
2020-11-05 06:36:00,1604558160.0,3.1674,3.1674,3.1673,3.1673,61.51
2020-11-05 06:37:00,1604558220.0,3.1619,3.1694,3.1616,3.1694,195.86
2020-11-05 06:38:00,1604558280.0,3.1694,3.1694,3.1694,3.1694,0.0
2020-11-05 06:39:00,1604558340.0,3.1694,3.1694,3.1694,3.1694,0.0
2020-11-05 06:40:00,1604558400.0,3.1694,3.1694,3.1694,3.1694,0.0
2020-11-05 06:41:00,1604558460.0,3.1694,3.1694,3.1694,3.1694,0.0
2020-11-05 06:42:00,1604558520.0,3.1694,3.1694,3.1694,3.1694,0.0
2020-11-05 06:43:00,1604558580.0,3.1694,3.1694,3.1694,3.1694,0.0
2020-11-05 06:44:00,1604558640.0,3.1694,3.1695,3.1694,3.1694,1743.76
2020-11-05 06:45:00,1604558700.0,3.1694,3.1748,3.1688,3.1748,159.43
2020-11-05 06:46:00,1604558760.0,3.1748,3.1748,3.1748,3.1748,0.0
2020-11-05 06:47:00,1604558820.0,3.1701,3.1702,3.1701,3.1702,21.79
2020-11-05 06:48:00,1604558880.0,3.17,3.17,3.1662,3.1662,630.66
2020-11-05 06:49:00,1604558940.0,3.1662,3.1691,3.1643,3.1691,143.1
2020-11-05 06:50:00,1604559000.0,3.1691,3.1691,3.1691,3.1691,0.0
2020-11-05 06:51:00,1604559060.0,3.1667,3.1667,3.1627,3.1627,121.77
2020-11-05 06:52:00,1604559120.0,3.1627,3.1627,3.1627,3.1627,0.0
2020-11-05 06:53:00,1604559180.0,3.1627,3.1627,3.1627,3.1627,0.0
2020-11-05 06:54:00,1604559240.0,3.1627,3.1627,3.1627,3.1627,0.0
2020-11-05 06:55:00,1604559300.0,3.1627,3.1627,3.1627,3.1627,0.0
2020-11-05 06:56:00,1604559360.0,3.1566,3.1566,3.1566,3.1566,10.0
2020-11-05 06:57:00,1604559420.0,3.1589,3.1593,3.1589,3.1593,40.0
2020-11-05 06:58:00,1604559480.0,3.1539,3.1539,3.15,3.1505,350.51
2020-11-05 06:59:00,1604559540.0,3.1505,3.1505,3.1505,3.1505,0.0
2020-11-05 07:00:00,1604559600.0,3.1517,3.155,3.1514,3.1514,571.04
2020-11-05 07:01:00,1604559660.0,3.1515,3.1515,3.1515,3.1515,162.82
2020-11-05 07:02:00,1604559720.0,3.1515,3.1605,3.1515,3.1605,203.95
2020-11-05 07:03:00,1604559780.0,3.1612,3.1612,3.1518,3.1607,129.13
2020-11-05 07:04:00,1604559840.0,3.1606,3.1606,3.1525,3.1598,136.1
2020-11-05 07:05:00,1604559900.0,3.156,3.1623,3.1542,3.1623,484.6
2020-11-05 07:06:00,1604559960.0,3.1611,3.1619,3.155,3.155,92.27
2020-11-05 07:07:00,1604560020.0,3.1579,3.1581,3.1579,3.1581,28.59
2020-11-05 07:08:00,1604560080.0,3.1581,3.1615,3.1581,3.1615,23.84
2020-11-05 07:09:00,1604560140.0,3.1615,3.1621,3.155,3.1599,325.43
2020-11-05 07:10:00,1604560200.0,3.1579,3.1618,3.1567,3.1614,82.37
2020-11-05 07:11:00,1604560260.0,3.1559,3.16,3.15,3.1535,192.23
2020-11-05 07:12:00,1604560320.0,3.1535,3.1569,3.1511,3.1568,129.99
2020-11-05 07:13:00,1604560380.0,3.1563,3.1564,3.1513,3.1513,107.0
2020-11-05 07:14:00,1604560440.0,3.1475,3.1493,3.1454,3.1454,91.06
2020-11-05 07:15:00,1604560500.0,3.1517,3.1523,3.1457,3.1457,154.44
2020-11-05 07:16:00,1604560560.0,3.1506,3.1507,3.1506,3.1507,34.3
2020-11-05 07:17:00,1604560620.0,3.1486,3.1486,3.1486,3.1486,10.7
2020-11-05 07:18:00,1604560680.0,3.1486,3.1486,3.1486,3.1486,0.0
2020-11-05 07:19:00,1604560740.0,3.1486,3.1486,3.1486,3.1486,0.0
2020-11-05 07:20:00,1604560800.0,3.1486,3.1486,3.1486,3.1486,0.0
2020-11-05 07:21:00,1604560860.0,3.1525,3.16,3.1525,3.16,2116.34
2020-11-05 07:22:00,1604560920.0,3.16,3.16,3.16,3.16,0.0
2020-11-05 07:23:00,1604560980.0,3.16,3.16,3.16,3.16,0.0
2020-11-05 07:24:00,1604561040.0,3.16,3.16,3.16,3.16,0.0
2020-11-05 07:25:00,1604561100.0,3.1523,3.1548,3.1519,3.1548,81.67
2020-11-05 07:26:00,1604561160.0,3.1548,3.1548,3.1548,3.1548,0.0
2020-11-05 07:27:00,1604561220.0,3.1559,3.1599,3.1522,3.1599,260.04
2020-11-05 07:28:00,1604561280.0,3.1522,3.1604,3.1522,3.1604,100.25
2020-11-05 07:29:00,1604561340.0,3.1604,3.1604,3.1604,3.1604,0.0
2020-11-05 07:30:00,1604561400.0,3.1568,3.1568,3.1548,3.1548,88.32
2020-11-05 07:31:00,1604561460.0,3.1578,3.1578,3.1578,3.1578,33.78
2020-11-05 07:32:00,1604561520.0,3.1578,3.1578,3.1578,3.1578,0.0
2020-11-05 07:33:00,1604561580.0,3.1578,3.1578,3.1578,3.1578,0.0
2020-11-05 07:34:00,1604561640.0,3.1519,3.1519,3.1519,3.1519,50.0
2020-11-05 07:35:00,1604561700.0,3.1538,3.1597,3.1467,3.1574,364.1
2020-11-05 07:36:00,1604561760.0,3.1588,3.1607,3.1529,3.1559,962.14
2020-11-05 07:37:00,1604561820.0,3.1578,3.1629,3.1562,3.1587,144.71
2020-11-05 07:38:00,1604561880.0,3.1586,3.1586,3.1503,3.1503,278.27
2020-11-05 07:39:00,1604561940.0,3.1558,3.1606,3.154,3.1589,132.78
2020-11-05 07:40:00,1604562000.0,3.1578,3.1589,3.1483,3.1483,281.42
2020-11-05 07:41:00,1604562060.0,3.1484,3.1484,3.1355,3.1355,481.94
2020-11-05 07:42:00,1604562120.0,3.1358,3.1413,3.1355,3.1413,111.86
2020-11-05 07:43:00,1604562180.0,3.1388,3.1388,3.1388,3.1388,29.03
2020-11-05 07:44:00,1604562240.0,3.1357,3.1357,3.1357,3.1357,8.86
2020-11-05 07:45:00,1604562300.0,3.1313,3.1323,3.1293,3.1293,483.71
2020-11-05 07:46:00,1604562360.0,3.1309,3.1309,3.1309,3.1309,15.76
2020-11-05 07:47:00,1604562420.0,3.1264,3.1346,3.1263,3.1341,426.72
2020-11-05 07:48:00,1604562480.0,3.1383,3.1384,3.1383,3.1384,75.75
2020-11-05 07:49:00,1604562540.0,3.1337,3.1337,3.1333,3.1333,88.35
2020-11-05 07:50:00,1604562600.0,3.1302,3.1315,3.1302,3.1315,64.01
2020-11-05 07:51:00,1604562660.0,3.1309,3.1309,3.1308,3.1308,46.5
2020-11-05 07:52:00,1604562720.0,3.1308,3.1308,3.1308,3.1308,0.0
2020-11-05 07:53:00,1604562780.0,3.1294,3.13,3.1158,3.1218,1538.1
2020-11-05 07:54:00,1604562840.0,3.1197,3.1263,3.1197,3.1263,55.26
2020-11-05 07:55:00,1604562900.0,3.122,3.1221,3.1161,3.1161,254.51
2020-11-05 07:56:00,1604562960.0,3.1162,3.1162,3.1162,3.1162,126.32
2020-11-05 07:57:00,1604563020.0,3.1162,3.1162,3.1162,3.1162,0.0
2020-11-05 07:58:00,1604563080.0,3.1162,3.1162,3.1162,3.1162,0.0
2020-11-05 07:59:00,1604563140.0,3.1121,3.1121,3.1121,3.1121,149.07
2020-11-05 08:00:00,1604563200.0,3.1191,3.1233,3.1191,3.1214,567.36
2020-11-05 08:01:00,1604563260.0,3.1212,3.129,3.121,3.129,389.18
2020-11-05 08:02:00,1604563320.0,3.128,3.128,3.1262,3.1263,33.67
2020-11-05 08:03:00,1604563380.0,3.1282,3.1315,3.1269,3.1269,102.89
2020-11-05 08:04:00,1604563440.0,3.1277,3.1277,3.1214,3.1214,80.95
2020-11-05 08:05:00,1604563500.0,3.1234,3.1234,3.1166,3.1228,102.63
2020-11-05 08:06:00,1604563560.0,3.1174,3.1228,3.1122,3.1127,346.64
2020-11-05 08:07:00,1604563620.0,3.1161,3.1188,3.1124,3.1188,78.21
2020-11-05 08:08:00,1604563680.0,3.1199,3.1199,3.119,3.119,49.05
2020-11-05 08:09:00,1604563740.0,3.1191,3.1199,3.1191,3.1199,44.02
2020-11-05 08:10:00,1604563800.0,3.12,3.12,3.1176,3.1176,12.7
2020-11-05 08:11:00,1604563860.0,3.1114,3.1181,3.1113,3.1172,138.08
2020-11-05 08:12:00,1604563920.0,3.1173,3.1173,3.1169,3.1169,32.68
2020-11-05 08:13:00,1604563980.0,3.1112,3.1112,3.11,3.11,107.33
2020-11-05 08:14:00,1604564040.0,3.11,3.11,3.1076,3.1076,54.89
2020-11-05 08:15:00,1604564100.0,3.1076,3.1076,3.1076,3.1076,0.0
2020-11-05 08:16:00,1604564160.0,3.1076,3.1076,3.1076,3.1076,0.0
2020-11-05 08:17:00,1604564220.0,3.1062,3.1062,3.0922,3.1023,539.01
2020-11-05 08:18:00,1604564280.0,3.0961,3.0961,3.0961,3.0961,122.67
2020-11-05 08:19:00,1604564340.0,3.0949,3.0949,3.0949,3.0949,88.01
2020-11-05 08:20:00,1604564400.0,3.0938,3.0971,3.0938,3.0971,368.88
2020-11-05 08:21:00,1604564460.0,3.0971,3.0971,3.0971,3.0971,0.0
2020-11-05 08:22:00,1604564520.0,3.092,3.092,3.09,3.09,37.95
2020-11-05 08:23:00,1604564580.0,3.09,3.09,3.09,3.09,31.32
2020-11-05 08:24:00,1604564640.0,3.09,3.09,3.09,3.09,0.0
2020-11-05 08:25:00,1604564700.0,3.09,3.09,3.09,3.09,0.0
2020-11-05 08:26:00,1604564760.0,3.0875,3.0875,3.0875,3.0875,112.82
2020-11-05 08:27:00,1604564820.0,3.0875,3.0875,3.0875,3.0875,0.0
2020-11-05 08:28:00,1604564880.0,3.0921,3.0921,3.0921,3.0921,62.0
2020-11-05 08:29:00,1604564940.0,3.0908,3.0908,3.0908,3.0908,12.73
2020-11-05 08:30:00,1604565000.0,3.0869,3.088,3.0802,3.088,800.93
2020-11-05 08:31:00,1604565060.0,3.084,3.0882,3.0821,3.0821,202.45
2020-11-05 08:32:00,1604565120.0,3.0801,3.0801,3.0801,3.0801,140.0
2020-11-05 08:33:00,1604565180.0,3.0801,3.0801,3.08,3.08,1112.31
2020-11-05 08:34:00,1604565240.0,3.08,3.08,3.0727,3.0744,854.74
2020-11-05 08:35:00,1604565300.0,3.0745,3.0745,3.07,3.07,166.39
2020-11-05 08:36:00,1604565360.0,3.0662,3.0662,3.0625,3.0625,210.62
2020-11-05 08:37:00,1604565420.0,3.0654,3.0654,3.0633,3.0633,112.67
2020-11-05 08:38:00,1604565480.0,3.063,3.063,3.0593,3.0593,284.65
2020-11-05 08:39:00,1604565540.0,3.0588,3.0731,3.0588,3.0731,1562.61
2020-11-05 08:40:00,1604565600.0,3.071,3.0745,3.0695,3.0734,659.32
2020-11-05 08:41:00,1604565660.0,3.0734,3.0734,3.0734,3.0734,0.0
2020-11-05 08:42:00,1604565720.0,3.0642,3.0642,3.0633,3.0633,27.25
2020-11-05 08:43:00,1604565780.0,3.0633,3.0633,3.0633,3.0633,0.0
2020-11-05 08:44:00,1604565840.0,3.063,3.063,3.063,3.063,91.29
2020-11-05 08:45:00,1604565900.0,3.066,3.066,3.062,3.062,181.24
2020-11-05 08:46:00,1604565960.0,3.062,3.062,3.062,3.062,0.0
2020-11-05 08:47:00,1604566020.0,3.0617,3.0617,3.0617,3.0617,4.34
2020-11-05 08:48:00,1604566080.0,3.0649,3.0649,3.0601,3.0607,267.04
2020-11-05 08:49:00,1604566140.0,3.0607,3.0607,3.0607,3.0607,0.0
2020-11-05 08:50:00,1604566200.0,3.0607,3.0607,3.0607,3.0607,0.0
2020-11-05 08:51:00,1604566260.0,3.0635,3.068,3.0635,3.066,215.09
2020-11-05 08:52:00,1604566320.0,3.0648,3.0653,3.0614,3.0614,239.01
2020-11-05 08:53:00,1604566380.0,3.0637,3.0637,3.0637,3.0637,54.57
2020-11-05 08:54:00,1604566440.0,3.0652,3.0652,3.0652,3.0652,38.54
2020-11-05 08:55:00,1604566500.0,3.0646,3.0691,3.0641,3.0643,946.87
2020-11-05 08:56:00,1604566560.0,3.0651,3.0651,3.0613,3.0613,63.13
2020-11-05 08:57:00,1604566620.0,3.0652,3.0694,3.0652,3.0694,22.75
2020-11-05 08:58:00,1604566680.0,3.0698,3.0699,3.0698,3.0699,32.63
2020-11-05 08:59:00,1604566740.0,3.0699,3.0699,3.0699,3.0699,0.0
2020-11-05 09:00:00,1604566800.0,3.0679,3.0763,3.0678,3.0763,704.57
2020-11-05 09:01:00,1604566860.0,3.0749,3.0771,3.0749,3.0757,92.31
2020-11-05 09:02:00,1604566920.0,3.0766,3.0768,3.0766,3.0767,26.37
2020-11-05 09:03:00,1604566980.0,3.0751,3.0767,3.0751,3.076,28.91
2020-11-05 09:04:00,1604567040.0,3.0765,3.0767,3.0749,3.0749,21.86
2020-11-05 09:05:00,1604567100.0,3.0749,3.0795,3.0749,3.0795,211.3
2020-11-05 09:06:00,1604567160.0,3.0796,3.0796,3.0786,3.0786,20.58
2020-11-05 09:07:00,1604567220.0,3.079,3.0819,3.079,3.0814,33.31
2020-11-05 09:08:00,1604567280.0,3.081,3.0812,3.0795,3.0795,24.25
2020-11-05 09:09:00,1604567340.0,3.0794,3.0833,3.0794,3.0833,199.62
2020-11-05 09:10:00,1604567400.0,3.0833,3.0843,3.0833,3.084,45.2
2020-11-05 09:11:00,1604567460.0,3.0841,3.0841,3.083,3.083,63.21
2020-11-05 09:12:00,1604567520.0,3.0828,3.0843,3.0828,3.0843,195.16
2020-11-05 09:13:00,1604567580.0,3.0867,3.0886,3.077,3.077,111.84
2020-11-05 09:14:00,1604567640.0,3.0818,3.0887,3.08,3.0887,547.0
2020-11-05 09:15:00,1604567700.0,3.0832,3.0832,3.0794,3.0808,98.19
2020-11-05 09:16:00,1604567760.0,3.0825,3.0826,3.0791,3.0791,169.73
2020-11-05 09:17:00,1604567820.0,3.0761,3.077,3.0729,3.0729,113.1
2020-11-05 09:18:00,1604567880.0,3.079,3.0795,3.079,3.0795,150.15
2020-11-05 09:19:00,1604567940.0,3.0801,3.0801,3.0774,3.0774,120.13
2020-11-05 09:20:00,1604568000.0,3.0774,3.0774,3.0774,3.0774,0.0
2020-11-05 09:21:00,1604568060.0,3.0772,3.0772,3.0772,3.0772,3.88
2020-11-05 09:22:00,1604568120.0,3.0772,3.0772,3.0772,3.0772,0.0
2020-11-05 09:23:00,1604568180.0,3.0772,3.0772,3.0772,3.0772,0.0
2020-11-05 09:24:00,1604568240.0,3.079,3.085,3.079,3.085,76.4
2020-11-05 09:25:00,1604568300.0,3.085,3.085,3.085,3.085,0.0
2020-11-05 09:26:00,1604568360.0,3.085,3.085,3.085,3.085,0.0
2020-11-05 09:27:00,1604568420.0,3.0768,3.0768,3.0768,3.0768,18.92
2020-11-05 09:28:00,1604568480.0,3.0768,3.0768,3.0768,3.0768,0.0
2020-11-05 09:29:00,1604568540.0,3.0768,3.0768,3.0768,3.0768,0.0
2020-11-05 09:30:00,1604568600.0,3.0768,3.0768,3.0768,3.0768,0.0
2020-11-05 09:31:00,1604568660.0,3.0768,3.0768,3.0768,3.0768,0.0
2020-11-05 09:32:00,1604568720.0,3.0833,3.0833,3.0833,3.0833,7.81
2020-11-05 09:33:00,1604568780.0,3.0833,3.0833,3.0833,3.0833,0.0
2020-11-05 09:34:00,1604568840.0,3.0833,3.0833,3.0833,3.0833,0.0
2020-11-05 09:35:00,1604568900.0,3.0829,3.0829,3.0829,3.0829,3.88
2020-11-05 09:36:00,1604568960.0,3.0829,3.0829,3.0829,3.0829,0.0
2020-11-05 09:37:00,1604569020.0,3.0837,3.0837,3.0813,3.0813,43.0
2020-11-05 09:38:00,1604569080.0,3.0813,3.0813,3.0813,3.0813,0.0
2020-11-05 09:39:00,1604569140.0,3.0892,3.0893,3.0827,3.0827,86.67
2020-11-05 09:40:00,1604569200.0,3.0818,3.0828,3.0792,3.0792,95.65
2020-11-05 09:41:00,1604569260.0,3.0803,3.0803,3.0756,3.0756,56.74
2020-11-05 09:42:00,1604569320.0,3.0778,3.0778,3.0778,3.0778,53.69
2020-11-05 09:43:00,1604569380.0,3.0778,3.0778,3.0778,3.0778,0.0
2020-11-05 09:44:00,1604569440.0,3.0799,3.0799,3.0799,3.0799,5.96
2020-11-05 09:45:00,1604569500.0,3.0728,3.0754,3.0726,3.0726,106.73
2020-11-05 09:46:00,1604569560.0,3.0787,3.0787,3.071,3.071,65.61
2020-11-05 09:47:00,1604569620.0,3.0678,3.0727,3.0615,3.0615,495.94
2020-11-05 09:48:00,1604569680.0,3.0609,3.0621,3.059,3.059,125.59
2020-11-05 09:49:00,1604569740.0,3.0606,3.0606,3.0567,3.0567,95.94
2020-11-05 09:50:00,1604569800.0,3.0546,3.0559,3.05,3.05,218.95
2020-11-05 09:51:00,1604569860.0,3.0523,3.0557,3.044,3.044,724.2
2020-11-05 09:52:00,1604569920.0,3.047,3.0471,3.0438,3.0438,705.73
2020-11-05 09:53:00,1604569980.0,3.0467,3.0467,3.0434,3.0443,127.56
2020-11-05 09:54:00,1604570040.0,3.0443,3.0443,3.0443,3.0443,0.0
2020-11-05 09:55:00,1604570100.0,3.0443,3.0443,3.0443,3.0443,0.0
2020-11-05 09:56:00,1604570160.0,3.0416,3.0416,3.0415,3.0415,5.56
2020-11-05 09:57:00,1604570220.0,3.0415,3.0415,3.0415,3.0415,0.0
2020-11-05 09:58:00,1604570280.0,3.0415,3.0415,3.0415,3.0415,0.0
2020-11-05 09:59:00,1604570340.0,3.0415,3.0415,3.0415,3.0415,0.0
2020-11-05 10:00:00,1604570400.0,3.0471,3.048,3.0471,3.0479,20.51
2020-11-05 10:01:00,1604570460.0,3.046,3.0493,3.0459,3.0493,121.47
2020-11-05 10:02:00,1604570520.0,3.0498,3.0498,3.0271,3.044,10984.61
2020-11-05 10:03:00,1604570580.0,3.0407,3.0462,3.0368,3.0451,252.28
2020-11-05 10:04:00,1604570640.0,3.0418,3.0451,3.0418,3.0446,185.72
2020-11-05 10:05:00,1604570700.0,3.0434,3.044,3.0413,3.0418,351.87
2020-11-05 10:06:00,1604570760.0,3.0431,3.0466,3.0417,3.0466,217.17
2020-11-05 10:07:00,1604570820.0,3.045,3.0519,3.0429,3.0483,9917.24
2020-11-05 10:08:00,1604570880.0,3.0482,3.0482,3.0463,3.0463,22.67
2020-11-05 10:09:00,1604570940.0,3.0463,3.0463,3.0434,3.0434,20.32
2020-11-05 10:10:00,1604571000.0,3.0379,3.0379,3.0366,3.0366,111.5
2020-11-05 10:11:00,1604571060.0,3.0366,3.0366,3.0366,3.0366,0.0
2020-11-05 10:12:00,1604571120.0,3.0366,3.0366,3.0366,3.0366,0.0
2020-11-05 10:13:00,1604571180.0,3.0348,3.0348,3.0327,3.0327,100.0
2020-11-05 10:14:00,1604571240.0,3.033,3.033,3.033,3.033,40.05
2020-11-05 10:15:00,1604571300.0,3.033,3.033,3.0306,3.0306,100.0
2020-11-05 10:16:00,1604571360.0,3.03,3.03,3.03,3.03,100.0
2020-11-05 10:17:00,1604571420.0,3.0332,3.0332,3.03,3.03,112.77
2020-11-05 10:18:00,1604571480.0,3.03,3.03,3.0211,3.0211,409.12
2020-11-05 10:19:00,1604571540.0,3.0211,3.0211,3.0211,3.0211,0.0
2020-11-05 10:20:00,1604571600.0,3.024,3.024,3.024,3.024,5.4
2020-11-05 10:21:00,1604571660.0,3.0246,3.026,3.0246,3.026,306.16
2020-11-05 10:22:00,1604571720.0,3.026,3.026,3.026,3.026,0.0
2020-11-05 10:23:00,1604571780.0,3.0269,3.0277,3.0269,3.0275,134.31
2020-11-05 10:24:00,1604571840.0,3.0275,3.0275,3.0275,3.0275,0.0
2020-11-05 10:25:00,1604571900.0,3.0265,3.0268,3.0265,3.0268,703.8
2020-11-05 10:26:00,1604571960.0,3.0259,3.0259,3.0241,3.0241,207.39
2020-11-05 10:27:00,1604572020.0,3.0241,3.0241,3.0241,3.0241,0.0
2020-11-05 10:28:00,1604572080.0,3.0271,3.0273,3.0271,3.0272,942.55
2020-11-05 10:29:00,1604572140.0,3.0272,3.0272,3.0272,3.0272,0.0
2020-11-05 10:30:00,1604572200.0,3.0272,3.0286,3.0272,3.0286,129.39
2020-11-05 10:31:00,1604572260.0,3.0272,3.0327,3.0272,3.0327,164.81
2020-11-05 10:32:00,1604572320.0,3.025,3.025,3.025,3.025,10.84
2020-11-05 10:33:00,1604572380.0,3.0265,3.0265,3.0232,3.0232,378.52
2020-11-05 10:34:00,1604572440.0,3.029,3.0321,3.0236,3.0321,288.03
2020-11-05 10:35:00,1604572500.0,3.0321,3.0321,3.0321,3.0321,0.0
2020-11-05 10:36:00,1604572560.0,3.0321,3.0321,3.0321,3.0321,0.0
2020-11-05 10:37:00,1604572620.0,3.0351,3.0433,3.0351,3.0433,401.21
2020-11-05 10:38:00,1604572680.0,3.04,3.04,3.04,3.04,361.4
2020-11-05 10:39:00,1604572740.0,3.04,3.04,3.04,3.04,0.0
2020-11-05 10:40:00,1604572800.0,3.04,3.04,3.04,3.04,0.0
2020-11-05 10:41:00,1604572860.0,3.0427,3.0603,3.04,3.0603,2068.77
2020-11-05 10:42:00,1604572920.0,3.0553,3.0553,3.0512,3.0512,182.74
2020-11-05 10:43:00,1604572980.0,3.0561,3.0562,3.0561,3.0562,58.03
2020-11-05 10:44:00,1604573040.0,3.0585,3.0623,3.0585,3.06,2011.23
2020-11-05 10:45:00,1604573100.0,3.0634,3.0634,3.0582,3.0598,188.45
2020-11-05 10:46:00,1604573160.0,3.0615,3.0615,3.0581,3.0581,152.49
2020-11-05 10:47:00,1604573220.0,3.0647,3.07,3.0647,3.0651,284.19
2020-11-05 10:48:00,1604573280.0,3.0654,3.0663,3.065,3.065,167.31
2020-11-05 10:49:00,1604573340.0,3.065,3.065,3.0585,3.0585,616.66
2020-11-05 10:50:00,1604573400.0,3.0579,3.0623,3.055,3.0569,175.78
2020-11-05 10:51:00,1604573460.0,3.0569,3.0569,3.0528,3.0538,137.62
2020-11-05 10:52:00,1604573520.0,3.0535,3.0535,3.05,3.05,268.56
2020-11-05 10:53:00,1604573580.0,3.0502,3.0502,3.0502,3.0502,63.51
2020-11-05 10:54:00,1604573640.0,3.0502,3.0502,3.0477,3.0477,961.1
2020-11-05 10:55:00,1604573700.0,3.0452,3.0452,3.0436,3.0436,112.28
2020-11-05 10:56:00,1604573760.0,3.0436,3.0436,3.0436,3.0436,0.0
2020-11-05 10:57:00,1604573820.0,3.0548,3.0608,3.0548,3.0608,246.04
2020-11-05 10:58:00,1604573880.0,3.0597,3.0597,3.0597,3.0597,35.2
2020-11-05 10:59:00,1604573940.0,3.0634,3.0708,3.0634,3.0708,429.14
2020-11-05 11:00:00,1604574000.0,3.0745,3.0799,3.0745,3.0799,88.47
2020-11-05 11:01:00,1604574060.0,3.0697,3.0699,3.068,3.068,188.44
2020-11-05 11:02:00,1604574120.0,3.068,3.0681,3.068,3.0681,139.53
2020-11-05 11:03:00,1604574180.0,3.0736,3.0778,3.0717,3.0778,895.74
2020-11-05 11:04:00,1604574240.0,3.0751,3.0752,3.0728,3.0728,111.0
2020-11-05 11:05:00,1604574300.0,3.0701,3.0702,3.07,3.0702,366.6
2020-11-05 11:06:00,1604574360.0,3.0691,3.072,3.0691,3.072,94.0
2020-11-05 11:07:00,1604574420.0,3.072,3.072,3.072,3.072,0.0
2020-11-05 11:08:00,1604574480.0,3.072,3.072,3.07,3.072,45.68
2020-11-05 11:09:00,1604574540.0,3.072,3.072,3.072,3.072,0.0
2020-11-05 11:10:00,1604574600.0,3.072,3.072,3.072,3.072,0.0
2020-11-05 11:11:00,1604574660.0,3.0747,3.0772,3.0747,3.0772,111.33
2020-11-05 11:12:00,1604574720.0,3.077,3.0787,3.0765,3.0765,135.05
2020-11-05 11:13:00,1604574780.0,3.0783,3.0821,3.0758,3.0759,415.7
2020-11-05 11:14:00,1604574840.0,3.082,3.0875,3.082,3.0875,255.38
2020-11-05 11:15:00,1604574900.0,3.0825,3.0853,3.0825,3.085,128.98
2020-11-05 11:16:00,1604574960.0,3.085,3.085,3.085,3.085,0.0
2020-11-05 11:17:00,1604575020.0,3.0717,3.0717,3.0713,3.0713,143.02
2020-11-05 11:18:00,1604575080.0,3.0713,3.0713,3.0713,3.0713,0.0
2020-11-05 11:19:00,1604575140.0,3.0713,3.0713,3.07,3.07,100.0
2020-11-05 11:20:00,1604575200.0,3.07,3.07,3.0588,3.0588,1208.48
2020-11-05 11:21:00,1604575260.0,3.0588,3.0588,3.0588,3.0588,0.0
2020-11-05 11:22:00,1604575320.0,3.0588,3.0588,3.0588,3.0588,0.0
2020-11-05 11:23:00,1604575380.0,3.0588,3.0588,3.0588,3.0588,0.0
2020-11-05 11:24:00,1604575440.0,3.0588,3.0588,3.0588,3.0588,0.0
2020-11-05 11:25:00,1604575500.0,3.0588,3.0588,3.0588,3.0588,0.0
2020-11-05 11:26:00,1604575560.0,3.0588,3.0588,3.0588,3.0588,0.0
2020-11-05 11:27:00,1604575620.0,3.0588,3.0588,3.0588,3.0588,0.0
2020-11-05 11:28:00,1604575680.0,3.0699,3.0699,3.0699,3.0699,4.5
2020-11-05 11:29:00,1604575740.0,3.0699,3.0765,3.0699,3.0765,79.99
2020-11-05 11:30:00,1604575800.0,3.0663,3.0663,3.0634,3.065,651.1
2020-11-05 11:31:00,1604575860.0,3.0635,3.0635,3.0635,3.0635,104.44
2020-11-05 11:32:00,1604575920.0,3.0696,3.0696,3.0593,3.0593,238.59
2020-11-05 11:33:00,1604575980.0,3.0593,3.0593,3.0593,3.0593,0.0
2020-11-05 11:34:00,1604576040.0,3.0636,3.0638,3.055,3.055,113.94
2020-11-05 11:35:00,1604576100.0,3.0611,3.0611,3.0611,3.0611,13.06
2020-11-05 11:36:00,1604576160.0,3.0621,3.064,3.0538,3.0538,294.72
2020-11-05 11:37:00,1604576220.0,3.0538,3.0538,3.0538,3.0538,0.0
2020-11-05 11:38:00,1604576280.0,3.0538,3.0538,3.0538,3.0538,0.0
2020-11-05 11:39:00,1604576340.0,3.0538,3.0538,3.0538,3.0538,0.0
2020-11-05 11:40:00,1604576400.0,3.0606,3.0612,3.0606,3.0612,54.98
2020-11-05 11:41:00,1604576460.0,3.0612,3.0612,3.0612,3.0612,0.0
2020-11-05 11:42:00,1604576520.0,3.0643,3.0651,3.0643,3.0651,69.66
2020-11-05 11:43:00,1604576580.0,3.0654,3.066,3.057,3.057,506.42
2020-11-05 11:44:00,1604576640.0,3.06,3.0663,3.0554,3.0663,435.21
2020-11-05 11:45:00,1604576700.0,3.0663,3.0663,3.0663,3.0663,0.0
2020-11-05 11:46:00,1604576760.0,3.0663,3.0663,3.0663,3.0663,0.0
2020-11-05 11:47:00,1604576820.0,3.0663,3.0663,3.0663,3.0663,0.0
2020-11-05 11:48:00,1604576880.0,3.0663,3.0663,3.0663,3.0663,0.0
2020-11-05 11:49:00,1604576940.0,3.0598,3.0598,3.0598,3.0598,20.4
2020-11-05 11:50:00,1604577000.0,3.0598,3.0598,3.0598,3.0598,0.0
2020-11-05 11:51:00,1604577060.0,3.0598,3.0598,3.0598,3.0598,0.0
2020-11-05 11:52:00,1604577120.0,3.0598,3.0598,3.0598,3.0598,0.0
2020-11-05 11:53:00,1604577180.0,3.0598,3.0598,3.0598,3.0598,0.0
2020-11-05 11:54:00,1604577240.0,3.0598,3.0598,3.0598,3.0598,0.0
2020-11-05 11:55:00,1604577300.0,3.0598,3.0598,3.0598,3.0598,0.0
2020-11-05 11:56:00,1604577360.0,3.0598,3.0598,3.0598,3.0598,0.0
2020-11-05 11:57:00,1604577420.0,3.0435,3.0435,3.04,3.04,326.14
2020-11-05 11:58:00,1604577480.0,3.04,3.04,3.04,3.04,0.0
2020-11-05 11:59:00,1604577540.0,3.04,3.04,3.04,3.04,0.0
2020-11-05 12:00:00,1604577600.0,3.04,3.04,3.04,3.04,0.0
2020-11-05 12:01:00,1604577660.0,3.04,3.04,3.04,3.04,0.0
2020-11-05 12:02:00,1604577720.0,3.04,3.04,3.04,3.04,0.0
2020-11-05 12:03:00,1604577780.0,3.044,3.044,3.044,3.044,11.49
2020-11-05 12:04:00,1604577840.0,3.044,3.044,3.044,3.044,0.0
2020-11-05 12:05:00,1604577900.0,3.04,3.04,3.0396,3.0396,490.83
2020-11-05 12:06:00,1604577960.0,3.0396,3.0396,3.0396,3.0396,0.0
2020-11-05 12:07:00,1604578020.0,3.0396,3.0396,3.0396,3.0396,0.0
2020-11-05 12:08:00,1604578080.0,3.0365,3.0365,3.0365,3.0365,15.37
2020-11-05 12:09:00,1604578140.0,3.0372,3.0372,3.0354,3.0355,217.37
2020-11-05 12:10:00,1604578200.0,3.0369,3.0369,3.0369,3.0369,43.0
2020-11-05 12:11:00,1604578260.0,3.0285,3.0339,3.028,3.028,630.96
2020-11-05 12:12:00,1604578320.0,3.032,3.0323,3.0272,3.0303,92.46
2020-11-05 12:13:00,1604578380.0,3.0303,3.0303,3.0303,3.0303,0.0
2020-11-05 12:14:00,1604578440.0,3.0315,3.0317,3.0315,3.0317,124.47
2020-11-05 12:15:00,1604578500.0,3.0294,3.0453,3.0293,3.0453,389.88
2020-11-05 12:16:00,1604578560.0,3.0423,3.0429,3.0412,3.0413,213.78
2020-11-05 12:17:00,1604578620.0,3.0434,3.0434,3.0434,3.0434,33.64
2020-11-05 12:18:00,1604578680.0,3.0434,3.0434,3.0434,3.0434,0.0
2020-11-05 12:19:00,1604578740.0,3.0429,3.0496,3.0408,3.0489,464.95
2020-11-05 12:20:00,1604578800.0,3.0489,3.0546,3.0489,3.053,515.33
2020-11-05 12:21:00,1604578860.0,3.053,3.053,3.053,3.053,0.0
2020-11-05 12:22:00,1604578920.0,3.0535,3.0535,3.0535,3.0535,38.8
2020-11-05 12:23:00,1604578980.0,3.052,3.0552,3.0519,3.0532,742.22
2020-11-05 12:24:00,1604579040.0,3.0556,3.0556,3.0556,3.0556,62.89
2020-11-05 12:25:00,1604579100.0,3.0556,3.0567,3.0491,3.0491,167.35
2020-11-05 12:26:00,1604579160.0,3.0504,3.0504,3.0461,3.0471,275.61
2020-11-05 12:27:00,1604579220.0,3.0505,3.0508,3.047,3.047,231.8
2020-11-05 12:28:00,1604579280.0,3.0487,3.0489,3.0438,3.0488,632.64
2020-11-05 12:29:00,1604579340.0,3.0487,3.0505,3.0447,3.0505,313.62
2020-11-05 12:30:00,1604579400.0,3.0526,3.0526,3.0499,3.0499,80.92
2020-11-05 12:31:00,1604579460.0,3.0494,3.0494,3.0461,3.0461,135.88
2020-11-05 12:32:00,1604579520.0,3.0483,3.0483,3.0483,3.0483,29.12
2020-11-05 12:33:00,1604579580.0,3.0501,3.0501,3.0501,3.0501,13.11
2020-11-05 12:34:00,1604579640.0,3.048,3.0499,3.048,3.0499,80.79
2020-11-05 12:35:00,1604579700.0,3.05,3.0504,3.05,3.0504,433.7
2020-11-05 12:36:00,1604579760.0,3.0504,3.0504,3.0504,3.0504,0.0
2020-11-05 12:37:00,1604579820.0,3.0504,3.0504,3.0504,3.0504,0.0
2020-11-05 12:38:00,1604579880.0,3.0527,3.0582,3.0527,3.0582,754.37
2020-11-05 12:39:00,1604579940.0,3.0599,3.0599,3.0542,3.0542,287.64
2020-11-05 12:40:00,1604580000.0,3.0542,3.0575,3.0508,3.0528,473.1
2020-11-05 12:41:00,1604580060.0,3.0528,3.0541,3.0493,3.0493,673.1
2020-11-05 12:42:00,1604580120.0,3.05,3.0534,3.0453,3.0508,648.24
2020-11-05 12:43:00,1604580180.0,3.0493,3.0525,3.0493,3.0525,236.51
2020-11-05 12:44:00,1604580240.0,3.051,3.0561,3.0493,3.0496,784.57
2020-11-05 12:45:00,1604580300.0,3.0516,3.0526,3.0462,3.0481,466.22
2020-11-05 12:46:00,1604580360.0,3.0481,3.0564,3.0479,3.0558,567.51
2020-11-05 12:47:00,1604580420.0,3.0568,3.0612,3.0568,3.0612,262.63
2020-11-05 12:48:00,1604580480.0,3.0562,3.0562,3.054,3.054,53.0
2020-11-05 12:49:00,1604580540.0,3.0562,3.0562,3.0562,3.0562,14.64
2020-11-05 12:50:00,1604580600.0,3.0563,3.0563,3.0543,3.0543,45.68
2020-11-05 12:51:00,1604580660.0,3.0543,3.0543,3.0543,3.0543,0.0
2020-11-05 12:52:00,1604580720.0,3.0543,3.0543,3.0528,3.0528,15.0
2020-11-05 12:53:00,1604580780.0,3.0594,3.0594,3.0594,3.0594,85.94
2020-11-05 12:54:00,1604580840.0,3.0594,3.0594,3.0594,3.0594,0.0
2020-11-05 12:55:00,1604580900.0,3.0598,3.0598,3.0573,3.0573,109.43
2020-11-05 12:56:00,1604580960.0,3.0573,3.0573,3.0573,3.0573,0.0
2020-11-05 12:57:00,1604581020.0,3.0573,3.0573,3.0573,3.0573,9.63
2020-11-05 12:58:00,1604581080.0,3.0573,3.0573,3.0573,3.0573,0.0
2020-11-05 12:59:00,1604581140.0,3.0569,3.0569,3.0569,3.0569,120.77
2020-11-05 13:00:00,1604581200.0,3.0532,3.0532,3.0532,3.0532,53.24
2020-11-05 13:01:00,1604581260.0,3.0535,3.0613,3.0535,3.061,452.66
2020-11-05 13:02:00,1604581320.0,3.061,3.061,3.061,3.061,0.0
2020-11-05 13:03:00,1604581380.0,3.061,3.061,3.061,3.061,0.0
2020-11-05 13:04:00,1604581440.0,3.061,3.061,3.061,3.061,0.0
2020-11-05 13:05:00,1604581500.0,3.054,3.0544,3.0532,3.0544,221.16
2020-11-05 13:06:00,1604581560.0,3.0576,3.0604,3.0576,3.0585,462.01
2020-11-05 13:07:00,1604581620.0,3.0585,3.0585,3.0585,3.0585,0.0
2020-11-05 13:08:00,1604581680.0,3.061,3.0656,3.0607,3.063,388.71
2020-11-05 13:09:00,1604581740.0,3.0644,3.0676,3.061,3.061,287.03
2020-11-05 13:10:00,1604581800.0,3.065,3.068,3.0553,3.0559,1701.99
2020-11-05 13:11:00,1604581860.0,3.0524,3.0574,3.0523,3.0523,807.95
2020-11-05 13:12:00,1604581920.0,3.0523,3.0523,3.0502,3.0502,258.45
2020-11-05 13:13:00,1604581980.0,3.0502,3.0502,3.0502,3.0502,0.0
2020-11-05 13:14:00,1604582040.0,3.0502,3.0502,3.0502,3.0502,0.0
2020-11-05 13:15:00,1604582100.0,3.0431,3.0471,3.0431,3.0471,98.54
2020-11-05 13:16:00,1604582160.0,3.0529,3.0529,3.0485,3.0494,504.4
2020-11-05 13:17:00,1604582220.0,3.0518,3.0564,3.0518,3.0564,134.78
2020-11-05 13:18:00,1604582280.0,3.0545,3.0562,3.0545,3.0562,100.0
2020-11-05 13:19:00,1604582340.0,3.0562,3.0562,3.0562,3.0562,0.0
2020-11-05 13:20:00,1604582400.0,3.0562,3.0562,3.0562,3.0562,0.0
2020-11-05 13:21:00,1604582460.0,3.0573,3.058,3.0573,3.0579,189.0
2020-11-05 13:22:00,1604582520.0,3.0518,3.0518,3.0517,3.0517,1000.0
2020-11-05 13:23:00,1604582580.0,3.053,3.0579,3.053,3.0579,620.1
2020-11-05 13:24:00,1604582640.0,3.0579,3.0579,3.0579,3.0579,0.0
2020-11-05 13:25:00,1604582700.0,3.0579,3.0579,3.0579,3.0579,0.0
2020-11-05 13:26:00,1604582760.0,3.0579,3.0584,3.0532,3.0532,638.59
2020-11-05 13:27:00,1604582820.0,3.0599,3.0629,3.0599,3.0629,181.47
2020-11-05 13:28:00,1604582880.0,3.0595,3.0752,3.0594,3.0752,1152.89
2020-11-05 13:29:00,1604582940.0,3.0715,3.0772,3.0695,3.0696,621.27
2020-11-05 13:30:00,1604583000.0,3.0741,3.0907,3.0741,3.0889,888.15
2020-11-05 13:31:00,1604583060.0,3.087,3.0937,3.0868,3.093,608.34
2020-11-05 13:32:00,1604583120.0,3.0938,3.0977,3.0923,3.0929,879.03
2020-11-05 13:33:00,1604583180.0,3.0976,3.1278,3.0976,3.1278,1687.03
2020-11-05 13:34:00,1604583240.0,3.1302,3.1675,3.1302,3.1675,2242.34
2020-11-05 13:35:00,1604583300.0,3.1796,3.191,3.1718,3.1738,1187.82
2020-11-05 13:36:00,1604583360.0,3.1769,3.1921,3.1741,3.175,1428.69
2020-11-05 13:37:00,1604583420.0,3.1933,3.2,3.19,3.19,1513.34
2020-11-05 13:38:00,1604583480.0,3.1917,3.198,3.1882,3.1975,934.22
2020-11-05 13:39:00,1604583540.0,3.198,3.2437,3.198,3.2437,1865.15
2020-11-05 13:40:00,1604583600.0,3.2441,3.2674,3.2388,3.2654,2473.53
2020-11-05 13:41:00,1604583660.0,3.2654,3.3067,3.2653,3.3067,1201.5
2020-11-05 13:42:00,1604583720.0,3.3084,3.3108,3.25,3.254,8507.28
2020-11-05 13:43:00,1604583780.0,3.2548,3.2569,3.2164,3.2314,7334.56
2020-11-05 13:44:00,1604583840.0,3.2313,3.2417,3.2228,3.2417,2720.1
2020-11-05 13:45:00,1604583900.0,3.2475,3.2488,3.2348,3.2485,934.54
2020-11-05 13:46:00,1604583960.0,3.2485,3.2532,3.246,3.2532,638.31
2020-11-05 13:47:00,1604584020.0,3.2514,3.2548,3.24,3.2461,10242.94
2020-11-05 13:48:00,1604584080.0,3.2461,3.2461,3.2024,3.2115,1976.09
2020-11-05 13:49:00,1604584140.0,3.2114,3.2115,3.1966,3.2038,1022.51
2020-11-05 13:50:00,1604584200.0,3.2025,3.208,3.2022,3.208,838.71
2020-11-05 13:51:00,1604584260.0,3.208,3.208,3.1933,3.1999,3738.41
2020-11-05 13:52:00,1604584320.0,3.1999,3.1999,3.1953,3.1992,627.93
2020-11-05 13:53:00,1604584380.0,3.2,3.2,3.1814,3.1865,2062.0
2020-11-05 13:54:00,1604584440.0,3.1886,3.1937,3.186,3.188,726.53
2020-11-05 13:55:00,1604584500.0,3.188,3.1891,3.1857,3.1891,870.2
2020-11-05 13:56:00,1604584560.0,3.1891,3.1978,3.1867,3.1941,1629.83
2020-11-05 13:57:00,1604584620.0,3.1945,3.1991,3.1869,3.1919,828.57
2020-11-05 13:58:00,1604584680.0,3.1926,3.1926,3.1925,3.1925,20.04
2020-11-05 13:59:00,1604584740.0,3.1915,3.1962,3.1915,3.1962,196.31
2020-11-05 14:00:00,1604584800.0,3.1887,3.1918,3.1882,3.1915,217.02
2020-11-05 14:01:00,1604584860.0,3.1924,3.1981,3.1897,3.1918,1424.13
2020-11-05 14:02:00,1604584920.0,3.1966,3.2083,3.1965,3.2037,2016.94
2020-11-05 14:03:00,1604584980.0,3.204,3.2099,3.204,3.2047,596.02
2020-11-05 14:04:00,1604585040.0,3.206,3.2128,3.206,3.2112,698.03
2020-11-05 14:05:00,1604585100.0,3.2122,3.2274,3.2122,3.2226,619.51
2020-11-05 14:06:00,1604585160.0,3.2273,3.2302,3.2204,3.2204,742.08
2020-11-05 14:07:00,1604585220.0,3.2216,3.2272,3.2145,3.2241,868.47
2020-11-05 14:08:00,1604585280.0,3.2207,3.224,3.2207,3.2207,154.07
2020-11-05 14:09:00,1604585340.0,3.2195,3.2195,3.2145,3.2145,255.01
2020-11-05 14:10:00,1604585400.0,3.2131,3.2255,3.2053,3.2255,1168.45
2020-11-05 14:11:00,1604585460.0,3.2254,3.2414,3.2254,3.2414,1292.61
2020-11-05 14:12:00,1604585520.0,3.2399,3.2541,3.2399,3.2488,2799.6
2020-11-05 14:13:00,1604585580.0,3.2467,3.2467,3.2338,3.2362,1152.43
2020-11-05 14:14:00,1604585640.0,3.239,3.2499,3.239,3.2471,689.2
2020-11-05 14:15:00,1604585700.0,3.2443,3.2582,3.2433,3.2582,1725.05
2020-11-05 14:16:00,1604585760.0,3.2559,3.2699,3.2559,3.2699,771.5
2020-11-05 14:17:00,1604585820.0,3.2701,3.2738,3.2653,3.2662,870.86
2020-11-05 14:18:00,1604585880.0,3.2607,3.2698,3.2607,3.2644,1131.46
2020-11-05 14:19:00,1604585940.0,3.264,3.266,3.26,3.26,1460.13
2020-11-05 14:20:00,1604586000.0,3.2633,3.2643,3.252,3.2566,1352.88
2020-11-05 14:21:00,1604586060.0,3.2557,3.266,3.253,3.266,647.59
2020-11-05 14:22:00,1604586120.0,3.266,3.266,3.266,3.266,0.0
2020-11-05 14:23:00,1604586180.0,3.2745,3.28,3.2726,3.2726,55.75
2020-11-05 14:24:00,1604586240.0,3.2733,3.2733,3.2718,3.2718,159.15
2020-11-05 14:25:00,1604586300.0,3.2647,3.2647,3.2506,3.256,1574.25
2020-11-05 14:26:00,1604586360.0,3.2563,3.2563,3.2542,3.2542,203.01
2020-11-05 14:27:00,1604586420.0,3.2542,3.2542,3.2542,3.2542,0.0
2020-11-05 14:28:00,1604586480.0,3.26,3.2678,3.26,3.2611,94.57
2020-11-05 14:29:00,1604586540.0,3.2642,3.2642,3.2456,3.2465,2344.14
2020-11-05 14:30:00,1604586600.0,3.2486,3.2545,3.2447,3.2447,1267.1
2020-11-05 14:31:00,1604586660.0,3.2447,3.2447,3.2447,3.2447,0.0
2020-11-05 14:32:00,1604586720.0,3.2484,3.2543,3.2484,3.2509,482.76
2020-11-05 14:33:00,1604586780.0,3.2455,3.2455,3.2411,3.2411,408.76
2020-11-05 14:34:00,1604586840.0,3.2448,3.2496,3.2434,3.2434,565.34
2020-11-05 14:35:00,1604586900.0,3.2328,3.2328,3.2231,3.2299,1056.92
2020-11-05 14:36:00,1604586960.0,3.2305,3.2305,3.2305,3.2305,31.8
2020-11-05 14:37:00,1604587020.0,3.2372,3.2408,3.2372,3.2374,262.71
2020-11-05 14:38:00,1604587080.0,3.2405,3.2463,3.2393,3.2463,557.2
2020-11-05 14:39:00,1604587140.0,3.2533,3.2571,3.2515,3.2522,377.57
2020-11-05 14:40:00,1604587200.0,3.2491,3.2534,3.2428,3.2534,678.74
2020-11-05 14:41:00,1604587260.0,3.2504,3.2828,3.2503,3.2828,1403.32
2020-11-05 14:42:00,1604587320.0,3.2847,3.2927,3.2805,3.2866,1761.51
2020-11-05 14:43:00,1604587380.0,3.2815,3.292,3.2815,3.292,429.01
2020-11-05 14:44:00,1604587440.0,3.2854,3.2854,3.2747,3.2781,1220.65
2020-11-05 14:45:00,1604587500.0,3.2804,3.3017,3.2801,3.2996,2619.04
2020-11-05 14:46:00,1604587560.0,3.3037,3.3083,3.3037,3.3071,591.99
2020-11-05 14:47:00,1604587620.0,3.3042,3.3042,3.29,3.2926,3403.07
2020-11-05 14:48:00,1604587680.0,3.2945,3.2945,3.2882,3.2941,287.84
2020-11-05 14:49:00,1604587740.0,3.2959,3.3044,3.2959,3.3038,964.35
2020-11-05 14:50:00,1604587800.0,3.3033,3.3046,3.2914,3.2914,407.73
2020-11-05 14:51:00,1604587860.0,3.2975,3.31,3.2975,3.31,612.32
2020-11-05 14:52:00,1604587920.0,3.3043,3.3067,3.2984,3.3033,113.75
2020-11-05 14:53:00,1604587980.0,3.3005,3.3091,3.3005,3.3091,98.1
2020-11-05 14:54:00,1604588040.0,3.3058,3.3143,3.3058,3.3096,717.17
2020-11-05 14:55:00,1604588100.0,3.3057,3.3155,3.2949,3.3067,1523.05
2020-11-05 14:56:00,1604588160.0,3.3105,3.3143,3.3044,3.3143,251.28
2020-11-05 14:57:00,1604588220.0,3.3186,3.3233,3.3186,3.3233,100.0
2020-11-05 14:58:00,1604588280.0,3.319,3.3194,3.3182,3.3194,438.83
2020-11-05 14:59:00,1604588340.0,3.3183,3.3336,3.3183,3.3336,1081.03
2020-11-05 15:00:00,1604588400.0,3.3389,3.3616,3.3336,3.3354,5535.16
2020-11-05 15:01:00,1604588460.0,3.3372,3.3507,3.3372,3.3507,3566.02
2020-11-05 15:02:00,1604588520.0,3.3505,3.3657,3.3497,3.3657,319.88
2020-11-05 15:03:00,1604588580.0,3.3657,3.37,3.3638,3.37,308.17
2020-11-05 15:04:00,1604588640.0,3.3693,3.3693,3.3619,3.3619,105.64
2020-11-05 15:05:00,1604588700.0,3.3572,3.3572,3.345,3.3508,2291.63
2020-11-05 15:06:00,1604588760.0,3.3542,3.3567,3.3525,3.3525,150.74
2020-11-05 15:07:00,1604588820.0,3.3525,3.3535,3.3525,3.3535,140.45
2020-11-05 15:08:00,1604588880.0,3.3617,3.3617,3.3581,3.3581,344.99
2020-11-05 15:09:00,1604588940.0,3.3536,3.3841,3.3459,3.3806,265.94
2020-11-05 15:10:00,1604589000.0,3.3796,3.3796,3.3625,3.3625,488.58
2020-11-05 15:11:00,1604589060.0,3.3569,3.367,3.3568,3.3581,534.77
2020-11-05 15:12:00,1604589120.0,3.3598,3.3674,3.3568,3.3673,477.74
2020-11-05 15:13:00,1604589180.0,3.381,3.381,3.3775,3.3775,308.34
2020-11-05 15:14:00,1604589240.0,3.3821,3.3825,3.3821,3.3825,157.4
2020-11-05 15:15:00,1604589300.0,3.378,3.378,3.378,3.378,33.83
2020-11-05 15:16:00,1604589360.0,3.3723,3.3723,3.3635,3.3666,224.17
2020-11-05 15:17:00,1604589420.0,3.3644,3.3644,3.3493,3.3502,827.78
2020-11-05 15:18:00,1604589480.0,3.3502,3.3533,3.3423,3.3465,1180.44
2020-11-05 15:19:00,1604589540.0,3.3469,3.3532,3.3469,3.3532,809.94
2020-11-05 15:20:00,1604589600.0,3.357,3.357,3.326,3.326,1187.45
2020-11-05 15:21:00,1604589660.0,3.3298,3.333,3.315,3.315,592.03
2020-11-05 15:22:00,1604589720.0,3.3168,3.3168,3.3086,3.3088,1119.09
2020-11-05 15:23:00,1604589780.0,3.3086,3.3181,3.3086,3.3181,382.8
2020-11-05 15:24:00,1604589840.0,3.3218,3.3399,3.3106,3.3106,2171.84
2020-11-05 15:25:00,1604589900.0,3.318,3.3181,3.3119,3.3181,483.12
2020-11-05 15:26:00,1604589960.0,3.3181,3.3197,3.31,3.3165,744.81
2020-11-05 15:27:00,1604590020.0,3.3228,3.3351,3.3228,3.3318,876.54
2020-11-05 15:28:00,1604590080.0,3.3293,3.3293,3.325,3.325,830.99
2020-11-05 15:29:00,1604590140.0,3.3251,3.3251,3.3247,3.3247,256.04
2020-11-05 15:30:00,1604590200.0,3.3207,3.3207,3.3057,3.3057,1392.36
2020-11-05 15:31:00,1604590260.0,3.3129,3.3155,3.3077,3.3131,914.57
2020-11-05 15:32:00,1604590320.0,3.3212,3.3212,3.3131,3.3131,144.13
2020-11-05 15:33:00,1604590380.0,3.3146,3.3147,3.3085,3.31,776.88
2020-11-05 15:34:00,1604590440.0,3.31,3.3121,3.3,3.3029,1314.5
2020-11-05 15:35:00,1604590500.0,3.3067,3.3071,3.3,3.3011,489.96
2020-11-05 15:36:00,1604590560.0,3.3007,3.3083,3.298,3.3083,742.31
2020-11-05 15:37:00,1604590620.0,3.309,3.309,3.3089,3.3089,13.09
2020-11-05 15:38:00,1604590680.0,3.3038,3.309,3.3037,3.3045,297.87
2020-11-05 15:39:00,1604590740.0,3.3088,3.309,3.3088,3.309,1051.45
2020-11-05 15:40:00,1604590800.0,3.309,3.329,3.309,3.319,4480.78
2020-11-05 15:41:00,1604590860.0,3.3218,3.3231,3.311,3.3168,833.59
2020-11-05 15:42:00,1604590920.0,3.3147,3.3147,3.3147,3.3147,7.86
2020-11-05 15:43:00,1604590980.0,3.3199,3.32,3.3199,3.32,667.9
2020-11-05 15:44:00,1604591040.0,3.3224,3.3224,3.3172,3.3172,17.75
2020-11-05 15:45:00,1604591100.0,3.3185,3.3242,3.3185,3.3242,81.27
2020-11-05 15:46:00,1604591160.0,3.3242,3.3242,3.3188,3.3195,629.44
2020-11-05 15:47:00,1604591220.0,3.3192,3.3218,3.3192,3.3195,1099.35
2020-11-05 15:48:00,1604591280.0,3.3198,3.3203,3.3148,3.3148,3625.09
2020-11-05 15:49:00,1604591340.0,3.312,3.312,3.2793,3.2833,3902.02
2020-11-05 15:50:00,1604591400.0,3.2843,3.2843,3.2714,3.2714,693.32
2020-11-05 15:51:00,1604591460.0,3.2737,3.2776,3.27,3.2775,1044.5
2020-11-05 15:52:00,1604591520.0,3.2775,3.281,3.2775,3.281,120.83
2020-11-05 15:53:00,1604591580.0,3.28,3.2814,3.2719,3.2719,264.83
2020-11-05 15:54:00,1604591640.0,3.2709,3.2765,3.2706,3.2765,481.95
2020-11-05 15:55:00,1604591700.0,3.2744,3.2744,3.26,3.2712,3436.88
2020-11-05 15:56:00,1604591760.0,3.2641,3.2641,3.26,3.26,1142.17
2020-11-05 15:57:00,1604591820.0,3.26,3.2625,3.2587,3.2625,586.01
2020-11-05 15:58:00,1604591880.0,3.261,3.261,3.261,3.261,7.9
2020-11-05 15:59:00,1604591940.0,3.261,3.261,3.261,3.261,0.0
2020-11-05 16:00:00,1604592000.0,3.2695,3.306,3.2695,3.3038,2738.54
2020-11-05 16:01:00,1604592060.0,3.3038,3.3262,3.3029,3.3208,2147.56
2020-11-05 16:02:00,1604592120.0,3.3226,3.3246,3.3171,3.3227,809.19
2020-11-05 16:03:00,1604592180.0,3.3195,3.3219,3.3133,3.3166,383.07
2020-11-05 16:04:00,1604592240.0,3.3133,3.3133,3.2736,3.2826,1315.42
2020-11-05 16:05:00,1604592300.0,3.2834,3.2834,3.2638,3.2638,959.12
2020-11-05 16:06:00,1604592360.0,3.2649,3.27,3.2649,3.27,315.89
2020-11-05 16:07:00,1604592420.0,3.2733,3.3024,3.2733,3.2733,4981.2
2020-11-05 16:08:00,1604592480.0,3.2839,3.2976,3.2837,3.2976,1022.05
2020-11-05 16:09:00,1604592540.0,3.3064,3.3064,3.2894,3.3048,2392.63
2020-11-05 16:10:00,1604592600.0,3.3046,3.3129,3.3041,3.3129,1836.5
2020-11-05 16:11:00,1604592660.0,3.3098,3.3098,3.2833,3.2833,1931.63
2020-11-05 16:12:00,1604592720.0,3.2909,3.3062,3.2906,3.3045,1387.76
2020-11-05 16:13:00,1604592780.0,3.3012,3.3067,3.3012,3.3067,105.79
2020-11-05 16:14:00,1604592840.0,3.3098,3.3101,3.3051,3.3054,379.31
2020-11-05 16:15:00,1604592900.0,3.3001,3.3001,3.2997,3.3001,709.36
2020-11-05 16:16:00,1604592960.0,3.2944,3.2944,3.2815,3.292,1389.59
2020-11-05 16:17:00,1604593020.0,3.2947,3.2997,3.2946,3.2963,243.0
2020-11-05 16:18:00,1604593080.0,3.2953,3.2962,3.29,3.2954,335.78
2020-11-05 16:19:00,1604593140.0,3.2955,3.3057,3.2955,3.2963,1555.71
2020-11-05 16:20:00,1604593200.0,3.2962,3.31,3.2962,3.3097,3277.18
2020-11-05 16:21:00,1604593260.0,3.3099,3.321,3.295,3.3063,4971.62
2020-11-05 16:22:00,1604593320.0,3.3197,3.324,3.2879,3.2881,3422.1
2020-11-05 16:23:00,1604593380.0,3.2863,3.2994,3.2753,3.2994,3045.55
2020-11-05 16:24:00,1604593440.0,3.3089,3.3126,3.3008,3.3106,2905.34
2020-11-05 16:25:00,1604593500.0,3.3103,3.33,3.3103,3.33,2906.52
2020-11-05 16:26:00,1604593560.0,3.3221,3.3275,3.3221,3.3275,209.72
2020-11-05 16:27:00,1604593620.0,3.3221,3.3221,3.3216,3.3216,100.0
2020-11-05 16:28:00,1604593680.0,3.3269,3.3269,3.3269,3.3269,104.67
2020-11-05 16:29:00,1604593740.0,3.3294,3.33,3.3282,3.33,198.46
2020-11-05 16:30:00,1604593800.0,3.3283,3.3283,3.303,3.3086,1982.86
2020-11-05 16:31:00,1604593860.0,3.3069,3.3264,3.3025,3.3204,1210.98
2020-11-05 16:32:00,1604593920.0,3.3176,3.3176,3.3138,3.3138,109.37
2020-11-05 16:33:00,1604593980.0,3.3196,3.3196,3.3176,3.3176,9.33
2020-11-05 16:34:00,1604594040.0,3.3176,3.3176,3.3176,3.3176,0.0
2020-11-05 16:35:00,1604594100.0,3.3206,3.3208,3.3206,3.3208,51.61
2020-11-05 16:36:00,1604594160.0,3.3212,3.3244,3.3163,3.3244,412.05
2020-11-05 16:37:00,1604594220.0,3.3244,3.3244,3.3175,3.3175,187.67
2020-11-05 16:38:00,1604594280.0,3.3208,3.3237,3.3208,3.3237,179.33
2020-11-05 16:39:00,1604594340.0,3.3178,3.3178,3.314,3.314,14.21
2020-11-05 16:40:00,1604594400.0,3.3139,3.3139,3.3093,3.3093,238.75
2020-11-05 16:41:00,1604594460.0,3.3062,3.3121,3.3056,3.3121,145.15
2020-11-05 16:42:00,1604594520.0,3.3138,3.3138,3.3106,3.3106,355.9
2020-11-05 16:43:00,1604594580.0,3.309,3.3102,3.309,3.3102,142.36
2020-11-05 16:44:00,1604594640.0,3.3039,3.3039,3.3038,3.3038,104.94
2020-11-05 16:45:00,1604594700.0,3.3036,3.3036,3.3002,3.3002,200.0
2020-11-05 16:46:00,1604594760.0,3.3003,3.3003,3.2923,3.2923,578.64
2020-11-05 16:47:00,1604594820.0,3.2998,3.3143,3.2998,3.3103,1122.49
2020-11-05 16:48:00,1604594880.0,3.3104,3.3187,3.3091,3.3187,200.0
2020-11-05 16:49:00,1604594940.0,3.3207,3.3207,3.3153,3.3171,148.01
2020-11-05 16:50:00,1604595000.0,3.3171,3.3171,3.3171,3.3171,0.0
2020-11-05 16:51:00,1604595060.0,3.313,3.313,3.2984,3.3088,748.28
2020-11-05 16:52:00,1604595120.0,3.3088,3.323,3.2582,3.3094,17595.55
2020-11-05 16:53:00,1604595180.0,3.3061,3.3206,3.271,3.2711,9876.32
2020-11-05 16:54:00,1604595240.0,3.2777,3.322,3.2777,3.311,4951.62
2020-11-05 16:55:00,1604595300.0,3.3093,3.3175,3.3093,3.3157,1501.74
2020-11-05 16:56:00,1604595360.0,3.3108,3.3126,3.3075,3.3125,276.86
2020-11-05 16:57:00,1604595420.0,3.3127,3.3173,3.3116,3.3173,103.23
2020-11-05 16:58:00,1604595480.0,3.3136,3.3136,3.3097,3.3097,235.54
2020-11-05 16:59:00,1604595540.0,3.315,3.3187,3.3121,3.3187,167.83
2020-11-05 17:00:00,1604595600.0,3.3228,3.3308,3.3214,3.3249,518.09
2020-11-05 17:01:00,1604595660.0,3.3249,3.3321,3.3249,3.3321,73.15
2020-11-05 17:02:00,1604595720.0,3.3334,3.3334,3.3334,3.3334,47.99
2020-11-05 17:03:00,1604595780.0,3.3326,3.3326,3.3326,3.3326,3.06
2020-11-05 17:04:00,1604595840.0,3.3341,3.3483,3.3341,3.343,476.9
2020-11-05 17:05:00,1604595900.0,3.3428,3.346,3.3408,3.3427,260.64
2020-11-05 17:06:00,1604595960.0,3.3447,3.348,3.3434,3.3434,572.05
2020-11-05 17:07:00,1604596020.0,3.3433,3.3433,3.3433,3.3433,10.98
2020-11-05 17:08:00,1604596080.0,3.3433,3.3433,3.3423,3.3423,100.0
2020-11-05 17:09:00,1604596140.0,3.3439,3.3439,3.34,3.3436,190.94
2020-11-05 17:10:00,1604596200.0,3.3402,3.3402,3.3218,3.3224,2511.21
2020-11-05 17:11:00,1604596260.0,3.3239,3.3302,3.3236,3.3252,672.51
2020-11-05 17:12:00,1604596320.0,3.3247,3.3247,3.3246,3.3246,45.89
2020-11-05 17:13:00,1604596380.0,3.3222,3.3222,3.3222,3.3222,44.01
2020-11-05 17:14:00,1604596440.0,3.3202,3.3202,3.3202,3.3202,98.45
2020-11-05 17:15:00,1604596500.0,3.3202,3.3202,3.3202,3.3202,0.0
2020-11-05 17:16:00,1604596560.0,3.3262,3.3328,3.3244,3.3328,918.85
2020-11-05 17:17:00,1604596620.0,3.3328,3.3328,3.3328,3.3328,0.0
2020-11-05 17:18:00,1604596680.0,3.3339,3.3339,3.3339,3.3339,113.43
2020-11-05 17:19:00,1604596740.0,3.3288,3.3373,3.3288,3.3373,72.66
2020-11-05 17:20:00,1604596800.0,3.3345,3.3345,3.3341,3.3341,126.2
2020-11-05 17:21:00,1604596860.0,3.3308,3.3308,3.3267,3.3267,145.46
2020-11-05 17:22:00,1604596920.0,3.3305,3.3305,3.3305,3.3305,117.98
2020-11-05 17:23:00,1604596980.0,3.3292,3.3292,3.3271,3.3271,53.41
2020-11-05 17:24:00,1604597040.0,3.3237,3.3237,3.3098,3.3098,546.19
2020-11-05 17:25:00,1604597100.0,3.3082,3.3082,3.2951,3.2951,692.85
2020-11-05 17:26:00,1604597160.0,3.299,3.3028,3.2911,3.2911,446.97
2020-11-05 17:27:00,1604597220.0,3.2923,3.2961,3.2901,3.2901,283.2
2020-11-05 17:28:00,1604597280.0,3.2974,3.2998,3.2913,3.2998,477.0
2020-11-05 17:29:00,1604597340.0,3.2926,3.2926,3.2667,3.2667,726.58
2020-11-05 17:30:00,1604597400.0,3.2698,3.2879,3.2692,3.2692,2935.75
2020-11-05 17:31:00,1604597460.0,3.2679,3.2705,3.2653,3.2653,259.88
2020-11-05 17:32:00,1604597520.0,3.2655,3.2655,3.2571,3.2571,345.91
2020-11-05 17:33:00,1604597580.0,3.2542,3.2624,3.2226,3.2423,8437.62
2020-11-05 17:34:00,1604597640.0,3.2531,3.2616,3.2529,3.2542,346.72
2020-11-05 17:35:00,1604597700.0,3.2581,3.2582,3.241,3.2516,1039.0
2020-11-05 17:36:00,1604597760.0,3.2528,3.2605,3.2518,3.2546,209.33
2020-11-05 17:37:00,1604597820.0,3.2615,3.2616,3.2615,3.2616,57.41
2020-11-05 17:38:00,1604597880.0,3.2664,3.2695,3.2603,3.2695,814.41
2020-11-05 17:39:00,1604597940.0,3.2683,3.2761,3.2675,3.2694,378.83
2020-11-05 17:40:00,1604598000.0,3.2785,3.2817,3.2722,3.2722,226.85
2020-11-05 17:41:00,1604598060.0,3.272,3.2792,3.272,3.2792,791.7
2020-11-05 17:42:00,1604598120.0,3.2792,3.2817,3.2735,3.2768,1205.44
2020-11-05 17:43:00,1604598180.0,3.2791,3.2803,3.2756,3.2781,1155.75
2020-11-05 17:44:00,1604598240.0,3.2754,3.2806,3.273,3.2732,982.09
2020-11-05 17:45:00,1604598300.0,3.2797,3.2798,3.2746,3.2746,906.82
2020-11-05 17:46:00,1604598360.0,3.2756,3.2822,3.2738,3.2822,734.44
2020-11-05 17:47:00,1604598420.0,3.2781,3.2781,3.2781,3.2781,18.43
2020-11-05 17:48:00,1604598480.0,3.2764,3.2764,3.2731,3.2731,444.07
2020-11-05 17:49:00,1604598540.0,3.2753,3.2753,3.2753,3.2753,58.93
2020-11-05 17:50:00,1604598600.0,3.28,3.2818,3.28,3.2818,136.14
2020-11-05 17:51:00,1604598660.0,3.2813,3.2813,3.2813,3.2813,54.64
2020-11-05 17:52:00,1604598720.0,3.2797,3.2797,3.2741,3.2748,447.65
2020-11-05 17:53:00,1604598780.0,3.2748,3.2748,3.2748,3.2748,43.67
2020-11-05 17:54:00,1604598840.0,3.2751,3.2754,3.2746,3.2746,73.37
2020-11-05 17:55:00,1604598900.0,3.2721,3.2732,3.2597,3.2597,580.63
2020-11-05 17:56:00,1604598960.0,3.2631,3.2631,3.2587,3.2623,271.22
2020-11-05 17:57:00,1604599020.0,3.2654,3.2699,3.2653,3.2663,341.52
2020-11-05 17:58:00,1604599080.0,3.266,3.266,3.266,3.266,56.37
2020-11-05 17:59:00,1604599140.0,3.266,3.266,3.266,3.266,0.0
2020-11-05 18:00:00,1604599200.0,3.2728,3.2881,3.2728,3.2881,319.33
2020-11-05 18:01:00,1604599260.0,3.2819,3.2819,3.2817,3.2817,100.0
2020-11-05 18:02:00,1604599320.0,3.2797,3.2833,3.2796,3.2833,45.39
2020-11-05 18:03:00,1604599380.0,3.28,3.28,3.28,3.28,51.24
2020-11-05 18:04:00,1604599440.0,3.2793,3.2793,3.2793,3.2793,24.13
2020-11-05 18:05:00,1604599500.0,3.2743,3.2743,3.2663,3.2663,206.5
2020-11-05 18:06:00,1604599560.0,3.2716,3.2716,3.265,3.265,252.54
2020-11-05 18:07:00,1604599620.0,3.2663,3.2663,3.256,3.2572,865.99
2020-11-05 18:08:00,1604599680.0,3.258,3.258,3.2568,3.2568,147.06
2020-11-05 18:09:00,1604599740.0,3.2604,3.2604,3.2604,3.2604,45.37
2020-11-05 18:10:00,1604599800.0,3.2604,3.2604,3.2604,3.2604,0.0
2020-11-05 18:11:00,1604599860.0,3.2663,3.2683,3.2631,3.2631,121.41
2020-11-05 18:12:00,1604599920.0,3.2648,3.2648,3.2608,3.2624,265.39
2020-11-05 18:13:00,1604599980.0,3.2657,3.2749,3.2657,3.2749,184.58
2020-11-05 18:14:00,1604600040.0,3.2712,3.2712,3.2712,3.2712,9.77
2020-11-05 18:15:00,1604600100.0,3.27,3.27,3.2575,3.2575,695.51
2020-11-05 18:16:00,1604600160.0,3.2575,3.2626,3.2575,3.2626,1400.87
2020-11-05 18:17:00,1604600220.0,3.2626,3.2626,3.2626,3.2626,0.0
2020-11-05 18:18:00,1604600280.0,3.2561,3.2561,3.256,3.256,59.51
2020-11-05 18:19:00,1604600340.0,3.2599,3.2614,3.2592,3.2614,286.3
2020-11-05 18:20:00,1604600400.0,3.2657,3.2674,3.2657,3.2674,219.28
2020-11-05 18:21:00,1604600460.0,3.2747,3.2747,3.2747,3.2747,48.85
2020-11-05 18:22:00,1604600520.0,3.2813,3.2855,3.2813,3.2855,607.49
2020-11-05 18:23:00,1604600580.0,3.2855,3.2855,3.2855,3.2855,0.0
2020-11-05 18:24:00,1604600640.0,3.2856,3.2856,3.2855,3.2855,18.56
2020-11-05 18:25:00,1604600700.0,3.2901,3.2901,3.2901,3.2901,7.0
2020-11-05 18:26:00,1604600760.0,3.2926,3.2937,3.2926,3.2937,160.86
2020-11-05 18:27:00,1604600820.0,3.2937,3.2937,3.2937,3.2937,0.0
2020-11-05 18:28:00,1604600880.0,3.2824,3.2824,3.2787,3.2787,80.95
2020-11-05 18:29:00,1604600940.0,3.2762,3.2762,3.2732,3.2752,208.75
2020-11-05 18:30:00,1604601000.0,3.2752,3.2799,3.2742,3.2799,233.67
2020-11-05 18:31:00,1604601060.0,3.2794,3.2794,3.2794,3.2794,10.21
2020-11-05 18:32:00,1604601120.0,3.2755,3.2755,3.2755,3.2755,16.1
2020-11-05 18:33:00,1604601180.0,3.2815,3.2867,3.2815,3.2867,77.05
2020-11-05 18:34:00,1604601240.0,3.2867,3.2867,3.2867,3.2867,0.0
2020-11-05 18:35:00,1604601300.0,3.2867,3.32,3.2867,3.3038,7249.54
2020-11-05 18:36:00,1604601360.0,3.3087,3.3216,3.3031,3.32,15845.82
2020-11-05 18:37:00,1604601420.0,3.32,3.3219,3.32,3.32,964.99
2020-11-05 18:38:00,1604601480.0,3.314,3.32,3.314,3.32,488.25
2020-11-05 18:39:00,1604601540.0,3.32,3.32,3.32,3.32,334.0
2020-11-05 18:40:00,1604601600.0,3.322,3.333,3.3212,3.333,2071.6
2020-11-05 18:41:00,1604601660.0,3.3331,3.3331,3.33,3.33,167.23
2020-11-05 18:42:00,1604601720.0,3.3312,3.3312,3.33,3.33,1129.46
2020-11-05 18:43:00,1604601780.0,3.3309,3.3309,3.3309,3.3309,15.87
2020-11-05 18:44:00,1604601840.0,3.3309,3.3309,3.3179,3.3207,292.79
2020-11-05 18:45:00,1604601900.0,3.3266,3.3307,3.3228,3.3307,420.01
2020-11-05 18:46:00,1604601960.0,3.3343,3.35,3.334,3.3382,3467.13
2020-11-05 18:47:00,1604602020.0,3.3382,3.3382,3.3382,3.3382,0.0
2020-11-05 18:48:00,1604602080.0,3.345,3.3505,3.345,3.3451,125.98
2020-11-05 18:49:00,1604602140.0,3.3437,3.35,3.3437,3.3457,179.26
2020-11-05 18:50:00,1604602200.0,3.3457,3.3457,3.3457,3.3457,0.0
2020-11-05 18:51:00,1604602260.0,3.3515,3.3515,3.3515,3.3515,205.0
2020-11-05 18:52:00,1604602320.0,3.3507,3.3507,3.3507,3.3507,318.54
2020-11-05 18:53:00,1604602380.0,3.3507,3.3507,3.3507,3.3507,0.0
2020-11-05 18:54:00,1604602440.0,3.3491,3.3514,3.349,3.3514,22.65
2020-11-05 18:55:00,1604602500.0,3.3513,3.3529,3.3513,3.3529,145.11
2020-11-05 18:56:00,1604602560.0,3.3529,3.3529,3.3529,3.3529,0.0
2020-11-05 18:57:00,1604602620.0,3.3491,3.365,3.3491,3.3639,4863.65
2020-11-05 18:58:00,1604602680.0,3.3624,3.3624,3.36,3.36,701.19
2020-11-05 18:59:00,1604602740.0,3.3573,3.3573,3.3517,3.3541,589.4
2020-11-05 19:00:00,1604602800.0,3.3575,3.3613,3.3493,3.355,1906.21
2020-11-05 19:01:00,1604602860.0,3.3478,3.3479,3.342,3.342,80.53
2020-11-05 19:02:00,1604602920.0,3.345,3.345,3.3369,3.3372,287.01
2020-11-05 19:03:00,1604602980.0,3.3398,3.3398,3.3207,3.3307,3057.58
2020-11-05 19:04:00,1604603040.0,3.3307,3.342,3.3307,3.3366,38233.13
2020-11-05 19:05:00,1604603100.0,3.3365,3.3508,3.3344,3.3432,9830.47
2020-11-05 19:06:00,1604603160.0,3.3396,3.3396,3.3297,3.3336,559.8
2020-11-05 19:07:00,1604603220.0,3.3337,3.3397,3.331,3.3319,176.81
2020-11-05 19:08:00,1604603280.0,3.3317,3.34,3.3312,3.3317,170.73
2020-11-05 19:09:00,1604603340.0,3.332,3.339,3.3297,3.339,248.89
2020-11-05 19:10:00,1604603400.0,3.3355,3.337,3.3289,3.3348,446.32
2020-11-05 19:11:00,1604603460.0,3.3302,3.3302,3.3207,3.3248,1062.52
2020-11-05 19:12:00,1604603520.0,3.3234,3.3287,3.3208,3.3208,104.35
2020-11-05 19:13:00,1604603580.0,3.3207,3.3299,3.3207,3.3286,578.12
2020-11-05 19:14:00,1604603640.0,3.3308,3.3308,3.3222,3.3243,526.96
2020-11-05 19:15:00,1604603700.0,3.3242,3.3365,3.3225,3.3311,448.29
2020-11-05 19:16:00,1604603760.0,3.3287,3.3311,3.3273,3.329,120.74
2020-11-05 19:17:00,1604603820.0,3.329,3.329,3.329,3.329,0.0
2020-11-05 19:18:00,1604603880.0,3.329,3.329,3.329,3.329,0.0
2020-11-05 19:19:00,1604603940.0,3.3257,3.3285,3.3232,3.3232,233.51
2020-11-05 19:20:00,1604604000.0,3.3274,3.3275,3.3229,3.3229,273.77
2020-11-05 19:21:00,1604604060.0,3.3229,3.3229,3.3229,3.3229,0.0
2020-11-05 19:22:00,1604604120.0,3.3281,3.336,3.3281,3.335,1042.47
2020-11-05 19:23:00,1604604180.0,3.335,3.335,3.3321,3.3321,5.58
2020-11-05 19:24:00,1604604240.0,3.3316,3.3316,3.331,3.331,153.53
2020-11-05 19:25:00,1604604300.0,3.3367,3.3369,3.3367,3.3369,82.47
2020-11-05 19:26:00,1604604360.0,3.3369,3.3369,3.3369,3.3369,0.0
2020-11-05 19:27:00,1604604420.0,3.3369,3.3369,3.3369,3.3369,0.0
2020-11-05 19:28:00,1604604480.0,3.3369,3.3369,3.3369,3.3369,0.0
2020-11-05 19:29:00,1604604540.0,3.3243,3.3243,3.324,3.324,377.08
2020-11-05 19:30:00,1604604600.0,3.3244,3.3339,3.3243,3.3339,2331.34
2020-11-05 19:31:00,1604604660.0,3.3301,3.3301,3.3297,3.3297,200.0
2020-11-05 19:32:00,1604604720.0,3.3293,3.3293,3.3246,3.3246,511.9
2020-11-05 19:33:00,1604604780.0,3.3225,3.3225,3.3109,3.3191,2270.82
2020-11-05 19:34:00,1604604840.0,3.3148,3.3166,3.3078,3.3154,1822.45
2020-11-05 19:35:00,1604604900.0,3.3148,3.3218,3.3148,3.3218,129.38
2020-11-05 19:36:00,1604604960.0,3.3218,3.3218,3.3218,3.3218,0.0
2020-11-05 19:37:00,1604605020.0,3.3184,3.3184,3.3184,3.3184,56.08
2020-11-05 19:38:00,1604605080.0,3.3176,3.3176,3.316,3.316,168.41
2020-11-05 19:39:00,1604605140.0,3.3132,3.3132,3.3131,3.3131,884.53
2020-11-05 19:40:00,1604605200.0,3.3131,3.3195,3.3131,3.3195,111.0
2020-11-05 19:41:00,1604605260.0,3.3176,3.3176,3.3118,3.3118,337.69
2020-11-05 19:42:00,1604605320.0,3.3127,3.3127,3.31,3.31,15.62
2020-11-05 19:43:00,1604605380.0,3.3127,3.3154,3.3118,3.3118,241.64
2020-11-05 19:44:00,1604605440.0,3.3151,3.3151,3.313,3.3146,62.12
2020-11-05 19:45:00,1604605500.0,3.3122,3.3133,3.3004,3.308,2647.73
2020-11-05 19:46:00,1604605560.0,3.3083,3.3083,3.3079,3.3079,137.24
2020-11-05 19:47:00,1604605620.0,3.3091,3.3142,3.3078,3.3142,119.14
2020-11-05 19:48:00,1604605680.0,3.3087,3.3087,3.3067,3.3067,77.64
2020-11-05 19:49:00,1604605740.0,3.3067,3.3067,3.3067,3.3067,0.0
2020-11-05 19:50:00,1604605800.0,3.3,3.3001,3.2923,3.2954,305.89
2020-11-05 19:51:00,1604605860.0,3.2974,3.2974,3.296,3.2962,385.32
2020-11-05 19:52:00,1604605920.0,3.2962,3.2962,3.2962,3.2962,0.0
2020-11-05 19:53:00,1604605980.0,3.2962,3.2962,3.2962,3.2962,0.0
2020-11-05 19:54:00,1604606040.0,3.2985,3.2985,3.2985,3.2985,19.43
2020-11-05 19:55:00,1604606100.0,3.3029,3.3029,3.3029,3.3029,67.52
2020-11-05 19:56:00,1604606160.0,3.3029,3.3029,3.3029,3.3029,0.0
2020-11-05 19:57:00,1604606220.0,3.3026,3.309,3.3026,3.3046,2471.22
2020-11-05 19:58:00,1604606280.0,3.3026,3.306,3.3026,3.306,313.18
2020-11-05 19:59:00,1604606340.0,3.3065,3.3065,3.3065,3.3065,15.28
2020-11-05 20:00:00,1604606400.0,3.3087,3.3104,3.3051,3.3051,438.4
2020-11-05 20:01:00,1604606460.0,3.3039,3.3039,3.3039,3.3039,15.74
2020-11-05 20:02:00,1604606520.0,3.3043,3.3043,3.3042,3.3042,26.2
2020-11-05 20:03:00,1604606580.0,3.3043,3.3082,3.3043,3.3082,170.93
2020-11-05 20:04:00,1604606640.0,3.3045,3.3045,3.2966,3.3005,412.63
2020-11-05 20:05:00,1604606700.0,3.2963,3.304,3.296,3.3033,1426.68
2020-11-05 20:06:00,1604606760.0,3.3025,3.3026,3.2993,3.2993,1820.98
2020-11-05 20:07:00,1604606820.0,3.2993,3.2993,3.2981,3.2981,10.23
2020-11-05 20:08:00,1604606880.0,3.3022,3.3022,3.2989,3.2989,93.23
2020-11-05 20:09:00,1604606940.0,3.302,3.302,3.2965,3.3012,205.07
2020-11-05 20:10:00,1604607000.0,3.3073,3.3073,3.3019,3.3057,167.64
2020-11-05 20:11:00,1604607060.0,3.3058,3.3078,3.3058,3.306,141.13
2020-11-05 20:12:00,1604607120.0,3.3037,3.3037,3.2975,3.2975,360.57
2020-11-05 20:13:00,1604607180.0,3.3004,3.3004,3.2977,3.2977,145.54
2020-11-05 20:14:00,1604607240.0,3.2992,3.3004,3.2973,3.3004,377.62
2020-11-05 20:15:00,1604607300.0,3.3052,3.3052,3.296,3.296,2350.0
2020-11-05 20:16:00,1604607360.0,3.306,3.306,3.2983,3.2983,412.99
2020-11-05 20:17:00,1604607420.0,3.2984,3.2999,3.2963,3.299,212.82
2020-11-05 20:18:00,1604607480.0,3.2992,3.2993,3.2971,3.298,548.7
2020-11-05 20:19:00,1604607540.0,3.298,3.3064,3.298,3.3064,1131.68
2020-11-05 20:20:00,1604607600.0,3.3073,3.3107,3.3073,3.3107,311.02
2020-11-05 20:21:00,1604607660.0,3.3117,3.3117,3.3117,3.3117,19.18
2020-11-05 20:22:00,1604607720.0,3.3108,3.3108,3.3108,3.3108,19.39
2020-11-05 20:23:00,1604607780.0,3.3122,3.3122,3.3122,3.3122,21.86
2020-11-05 20:24:00,1604607840.0,3.3117,3.3117,3.3097,3.3097,59.03
2020-11-05 20:25:00,1604607900.0,3.3082,3.3083,3.3054,3.3055,168.91
2020-11-05 20:26:00,1604607960.0,3.3056,3.3057,3.3001,3.3001,109.0
2020-11-05 20:27:00,1604608020.0,3.3001,3.3001,3.3001,3.3001,0.0
2020-11-05 20:28:00,1604608080.0,3.3003,3.3005,3.2981,3.2981,229.46
2020-11-05 20:29:00,1604608140.0,3.3026,3.3049,3.2987,3.3049,1125.9
2020-11-05 20:30:00,1604608200.0,3.3013,3.3097,3.298,3.3097,1565.3
2020-11-05 20:31:00,1604608260.0,3.3152,3.3276,3.3152,3.3257,862.44
2020-11-05 20:32:00,1604608320.0,3.3237,3.3363,3.3237,3.3268,2177.11
2020-11-05 20:33:00,1604608380.0,3.3272,3.3272,3.3167,3.3167,167.57
2020-11-05 20:34:00,1604608440.0,3.317,3.317,3.3113,3.3113,264.62
2020-11-05 20:35:00,1604608500.0,3.315,3.3194,3.311,3.3194,424.41
2020-11-05 20:36:00,1604608560.0,3.3194,3.3194,3.3194,3.3194,0.0
2020-11-05 20:37:00,1604608620.0,3.3194,3.3194,3.3194,3.3194,0.0
2020-11-05 20:38:00,1604608680.0,3.3194,3.3194,3.3194,3.3194,0.0
2020-11-05 20:39:00,1604608740.0,3.3167,3.3167,3.3132,3.3132,473.15
2020-11-05 20:40:00,1604608800.0,3.3165,3.3167,3.3159,3.3159,904.61
2020-11-05 20:41:00,1604608860.0,3.3191,3.3191,3.3191,3.3191,19.44
2020-11-05 20:42:00,1604608920.0,3.3191,3.3191,3.3191,3.3191,0.0
2020-11-05 20:43:00,1604608980.0,3.317,3.317,3.317,3.317,27.32
2020-11-05 20:44:00,1604609040.0,3.317,3.317,3.317,3.317,0.0
2020-11-05 20:45:00,1604609100.0,3.3158,3.3158,3.3158,3.3158,12.09
2020-11-05 20:46:00,1604609160.0,3.3142,3.3142,3.3118,3.3118,100.0
2020-11-05 20:47:00,1604609220.0,3.3169,3.3169,3.3162,3.3162,70.89
2020-11-05 20:48:00,1604609280.0,3.3164,3.3164,3.3162,3.3162,31.12
2020-11-05 20:49:00,1604609340.0,3.3154,3.3154,3.3109,3.3109,127.28
2020-11-05 20:50:00,1604609400.0,3.3105,3.3106,3.3045,3.3045,495.39
2020-11-05 20:51:00,1604609460.0,3.3056,3.3069,3.3055,3.3057,317.68
2020-11-05 20:52:00,1604609520.0,3.3042,3.3042,3.302,3.302,24.41
2020-11-05 20:53:00,1604609580.0,3.3043,3.3055,3.3021,3.3021,56.02
2020-11-05 20:54:00,1604609640.0,3.3021,3.3021,3.3021,3.3021,0.0
2020-11-05 20:55:00,1604609700.0,3.3021,3.3021,3.3021,3.3021,0.0
2020-11-05 20:56:00,1604609760.0,3.297,3.297,3.2957,3.2957,228.87
2020-11-05 20:57:00,1604609820.0,3.2964,3.2964,3.2964,3.2964,30.14
2020-11-05 20:58:00,1604609880.0,3.2935,3.2935,3.2935,3.2935,84.92
2020-11-05 20:59:00,1604609940.0,3.2905,3.2946,3.2881,3.2931,460.79
2020-11-05 21:00:00,1604610000.0,3.2953,3.2953,3.2883,3.2883,562.98
2020-11-05 21:01:00,1604610060.0,3.2979,3.2979,3.2972,3.2972,181.49
2020-11-05 21:02:00,1604610120.0,3.2935,3.2935,3.2913,3.2913,100.0
2020-11-05 21:03:00,1604610180.0,3.297,3.297,3.297,3.297,3.34
2020-11-05 21:04:00,1604610240.0,3.2914,3.2914,3.2844,3.2844,458.9
2020-11-05 21:05:00,1604610300.0,3.2816,3.2825,3.2765,3.2786,216.84
2020-11-05 21:06:00,1604610360.0,3.2778,3.2778,3.2753,3.2753,167.85
2020-11-05 21:07:00,1604610420.0,3.2753,3.2753,3.2753,3.2753,0.0
2020-11-05 21:08:00,1604610480.0,3.2753,3.2753,3.2753,3.2753,0.0
2020-11-05 21:09:00,1604610540.0,3.2753,3.2753,3.2753,3.2753,0.0
2020-11-05 21:10:00,1604610600.0,3.2818,3.287,3.2818,3.287,52.06
2020-11-05 21:11:00,1604610660.0,3.287,3.287,3.287,3.287,263.41
2020-11-05 21:12:00,1604610720.0,3.2852,3.2852,3.2852,3.2852,7.9
2020-11-05 21:13:00,1604610780.0,3.2865,3.2865,3.285,3.285,1802.21
2020-11-05 21:14:00,1604610840.0,3.2907,3.2907,3.2907,3.2907,100.0
2020-11-05 21:15:00,1604610900.0,3.291,3.291,3.285,3.285,433.87
2020-11-05 21:16:00,1604610960.0,3.2878,3.2878,3.285,3.2855,119.73
2020-11-05 21:17:00,1604611020.0,3.285,3.285,3.285,3.285,5545.9
2020-11-05 21:18:00,1604611080.0,3.2851,3.2884,3.285,3.2884,1197.42
2020-11-05 21:19:00,1604611140.0,3.2857,3.2857,3.285,3.2851,541.69
2020-11-05 21:20:00,1604611200.0,3.2867,3.2876,3.285,3.285,1681.89
2020-11-05 21:21:00,1604611260.0,3.285,3.285,3.285,3.285,1792.26
2020-11-05 21:22:00,1604611320.0,3.2851,3.2863,3.2851,3.2863,869.67
2020-11-05 21:23:00,1604611380.0,3.2872,3.2884,3.2851,3.2851,1222.77
2020-11-05 21:24:00,1604611440.0,3.2892,3.2892,3.2891,3.2891,35.36
2020-11-05 21:25:00,1604611500.0,3.2868,3.2891,3.2851,3.2851,810.09
2020-11-05 21:26:00,1604611560.0,3.2859,3.2859,3.2851,3.2851,121.95
2020-11-05 21:27:00,1604611620.0,3.2852,3.2857,3.2851,3.2856,637.21
2020-11-05 21:28:00,1604611680.0,3.2851,3.2851,3.2851,3.2851,77.73
2020-11-05 21:29:00,1604611740.0,3.2851,3.2851,3.285,3.2851,872.29
2020-11-05 21:30:00,1604611800.0,3.285,3.2851,3.285,3.285,5738.4
2020-11-05 21:31:00,1604611860.0,3.285,3.285,3.285,3.285,740.79
2020-11-05 21:32:00,1604611920.0,3.285,3.2866,3.285,3.2865,652.21
2020-11-05 21:33:00,1604611980.0,3.2872,3.2893,3.2851,3.2893,564.84
2020-11-05 21:34:00,1604612040.0,3.2893,3.2893,3.2893,3.2893,0.0
2020-11-05 21:35:00,1604612100.0,3.287,3.287,3.2866,3.2866,339.26
2020-11-05 21:36:00,1604612160.0,3.2875,3.2891,3.2851,3.2891,503.8
2020-11-05 21:37:00,1604612220.0,3.2891,3.2891,3.2891,3.2891,0.0
2020-11-05 21:38:00,1604612280.0,3.2876,3.2876,3.2876,3.2876,310.0
2020-11-05 21:39:00,1604612340.0,3.2876,3.2876,3.2876,3.2876,0.0
2020-11-05 21:40:00,1604612400.0,3.2872,3.2924,3.2872,3.2924,434.39
2020-11-05 21:41:00,1604612460.0,3.2877,3.2877,3.2877,3.2877,40.0
2020-11-05 21:42:00,1604612520.0,3.289,3.2918,3.289,3.2918,255.0
2020-11-05 21:43:00,1604612580.0,3.2918,3.2918,3.2918,3.2918,0.0
2020-11-05 21:44:00,1604612640.0,3.2918,3.2918,3.2918,3.2918,0.0
2020-11-05 21:45:00,1604612700.0,3.2897,3.2925,3.2852,3.2852,591.73
2020-11-05 21:46:00,1604612760.0,3.2851,3.2851,3.285,3.285,3111.03
2020-11-05 21:47:00,1604612820.0,3.2869,3.2869,3.2869,3.2869,205.0
2020-11-05 21:48:00,1604612880.0,3.2869,3.2869,3.2869,3.2869,0.0
2020-11-05 21:49:00,1604612940.0,3.2869,3.2869,3.2869,3.2869,0.0
2020-11-05 21:50:00,1604613000.0,3.2875,3.2876,3.285,3.285,3782.2
2020-11-05 21:51:00,1604613060.0,3.285,3.285,3.285,3.285,2791.34
2020-11-05 21:52:00,1604613120.0,3.285,3.285,3.285,3.285,711.89
2020-11-05 21:53:00,1604613180.0,3.285,3.2852,3.285,3.2851,2707.34
2020-11-05 21:54:00,1604613240.0,3.285,3.2866,3.285,3.285,1027.76
2020-11-05 21:55:00,1604613300.0,3.285,3.286,3.285,3.285,2990.68
2020-11-05 21:56:00,1604613360.0,3.285,3.2853,3.285,3.285,788.8
2020-11-05 21:57:00,1604613420.0,3.285,3.285,3.285,3.285,177.55
2020-11-05 21:58:00,1604613480.0,3.285,3.285,3.285,3.285,160.48
2020-11-05 21:59:00,1604613540.0,3.285,3.29,3.285,3.29,2248.08
2020-11-05 22:00:00,1604613600.0,3.2864,3.29,3.2864,3.2888,240.6
2020-11-05 22:01:00,1604613660.0,3.288,3.288,3.285,3.285,141.54
2020-11-05 22:02:00,1604613720.0,3.285,3.285,3.285,3.285,176.71
2020-11-05 22:03:00,1604613780.0,3.285,3.285,3.285,3.285,127.79
2020-11-05 22:04:00,1604613840.0,3.285,3.285,3.285,3.285,119.0
2020-11-05 22:05:00,1604613900.0,3.285,3.2885,3.285,3.285,235.6
2020-11-05 22:06:00,1604613960.0,3.2851,3.29,3.285,3.29,121.07
2020-11-05 22:07:00,1604614020.0,3.2906,3.2906,3.2906,3.2906,56.89
2020-11-05 22:08:00,1604614080.0,3.2871,3.2871,3.285,3.285,171.05
2020-11-05 22:09:00,1604614140.0,3.285,3.285,3.285,3.285,147.56
2020-11-05 22:10:00,1604614200.0,3.285,3.285,3.285,3.285,282.67
2020-11-05 22:11:00,1604614260.0,3.2897,3.2897,3.285,3.285,78.66
2020-11-05 22:12:00,1604614320.0,3.285,3.285,3.285,3.285,0.0
2020-11-05 22:13:00,1604614380.0,3.285,3.285,3.285,3.285,120.91
2020-11-05 22:14:00,1604614440.0,3.285,3.2881,3.285,3.285,364.41
2020-11-05 22:15:00,1604614500.0,3.285,3.285,3.285,3.285,174.19
2020-11-05 22:16:00,1604614560.0,3.285,3.286,3.285,3.285,99.5
2020-11-05 22:17:00,1604614620.0,3.285,3.285,3.285,3.285,0.0
2020-11-05 22:18:00,1604614680.0,3.285,3.285,3.285,3.285,162.21
2020-11-05 22:19:00,1604614740.0,3.285,3.285,3.285,3.285,20.25
2020-11-05 22:20:00,1604614800.0,3.285,3.285,3.285,3.285,66.48
2020-11-05 22:21:00,1604614860.0,3.2851,3.2851,3.285,3.285,158.97
2020-11-05 22:22:00,1604614920.0,3.2867,3.288,3.2867,3.288,37.21
2020-11-05 22:23:00,1604614980.0,3.29,3.2909,3.2866,3.2889,148.27
2020-11-05 22:24:00,1604615040.0,3.2889,3.2889,3.2889,3.2889,0.0
2020-11-05 22:25:00,1604615100.0,3.2889,3.2889,3.2889,3.2889,0.0
2020-11-05 22:26:00,1604615160.0,3.2889,3.2889,3.2889,3.2889,0.0
2020-11-05 22:27:00,1604615220.0,3.2955,3.2955,3.2955,3.2955,4.3
2020-11-05 22:28:00,1604615280.0,3.2956,3.3037,3.2956,3.3037,93.91
2020-11-05 22:29:00,1604615340.0,3.3037,3.3092,3.3007,3.3087,227.92
2020-11-05 22:30:00,1604615400.0,3.308,3.3162,3.308,3.3117,265.74
2020-11-05 22:31:00,1604615460.0,3.3141,3.3258,3.3141,3.3234,432.24
2020-11-05 22:32:00,1604615520.0,3.317,3.3187,3.3156,3.3156,260.93
2020-11-05 22:33:00,1604615580.0,3.3102,3.3102,3.3101,3.3101,219.68
2020-11-05 22:34:00,1604615640.0,3.3101,3.3101,3.3101,3.3101,203.41
2020-11-05 22:35:00,1604615700.0,3.3101,3.3137,3.3101,3.3137,143.48
2020-11-05 22:36:00,1604615760.0,3.3111,3.3111,3.3111,3.3111,15.23
2020-11-05 22:37:00,1604615820.0,3.3093,3.3093,3.3086,3.3093,534.95
2020-11-05 22:38:00,1604615880.0,3.3093,3.3093,3.3093,3.3093,283.6
2020-11-05 22:39:00,1604615940.0,3.3093,3.3093,3.3093,3.3093,0.0
2020-11-05 22:40:00,1604616000.0,3.3093,3.3093,3.3093,3.3093,62.0
2020-11-05 22:41:00,1604616060.0,3.3093,3.32,3.3093,3.32,167.86
2020-11-05 22:42:00,1604616120.0,3.3199,3.3291,3.3199,3.3291,291.14
2020-11-05 22:43:00,1604616180.0,3.3207,3.3207,3.3205,3.3205,100.2
2020-11-05 22:44:00,1604616240.0,3.3207,3.3207,3.3207,3.3207,24.0
2020-11-05 22:45:00,1604616300.0,3.3207,3.3207,3.3207,3.3207,0.0
2020-11-05 22:46:00,1604616360.0,3.3185,3.3185,3.3118,3.3118,213.09
2020-11-05 22:47:00,1604616420.0,3.3113,3.3113,3.3113,3.3113,34.57
2020-11-05 22:48:00,1604616480.0,3.3118,3.3118,3.3118,3.3118,8.0
2020-11-05 22:49:00,1604616540.0,3.3118,3.3118,3.3118,3.3118,0.0
2020-11-05 22:50:00,1604616600.0,3.3118,3.3118,3.3118,3.3118,0.0
2020-11-05 22:51:00,1604616660.0,3.3118,3.3118,3.3118,3.3118,0.0
2020-11-05 22:52:00,1604616720.0,3.3118,3.3118,3.3118,3.3118,0.0
2020-11-05 22:53:00,1604616780.0,3.3092,3.3092,3.3092,3.3092,230.0
2020-11-05 22:54:00,1604616840.0,3.3092,3.3092,3.3092,3.3092,0.0
2020-11-05 22:55:00,1604616900.0,3.3095,3.3095,3.3095,3.3095,53.79
2020-11-05 22:56:00,1604616960.0,3.3085,3.3085,3.3036,3.3037,188.36
2020-11-05 22:57:00,1604617020.0,3.3076,3.3076,3.3,3.3,167.16
2020-11-05 22:58:00,1604617080.0,3.3051,3.3051,3.3019,3.3019,94.64
2020-11-05 22:59:00,1604617140.0,3.3019,3.3019,3.3019,3.3019,0.0
2020-11-05 23:00:00,1604617200.0,3.2997,3.2997,3.2979,3.2979,59.39
2020-11-05 23:01:00,1604617260.0,3.2966,3.2975,3.2953,3.296,149.29
2020-11-05 23:02:00,1604617320.0,3.2972,3.2972,3.2972,3.2972,5.07
2020-11-05 23:03:00,1604617380.0,3.2972,3.2972,3.2972,3.2972,0.0
2020-11-05 23:04:00,1604617440.0,3.2944,3.2944,3.2941,3.2941,54.9
2020-11-05 23:05:00,1604617500.0,3.2941,3.2941,3.2941,3.2941,0.0
2020-11-05 23:06:00,1604617560.0,3.3027,3.3133,3.3027,3.3133,117.16
2020-11-05 23:07:00,1604617620.0,3.3157,3.3212,3.3157,3.3212,1418.06
2020-11-05 23:08:00,1604617680.0,3.3102,3.3102,3.309,3.309,367.82
2020-11-05 23:09:00,1604617740.0,3.3095,3.3113,3.3095,3.3113,178.0
2020-11-05 23:10:00,1604617800.0,3.3113,3.3113,3.3065,3.3083,108.67
2020-11-05 23:11:00,1604617860.0,3.3199,3.32,3.3199,3.32,84.0
2020-11-05 23:12:00,1604617920.0,3.3193,3.3204,3.3112,3.3112,190.44
2020-11-05 23:13:00,1604617980.0,3.3112,3.3112,3.3112,3.3112,0.0
2020-11-05 23:14:00,1604618040.0,3.3112,3.3112,3.3112,3.3112,0.0
2020-11-05 23:15:00,1604618100.0,3.3134,3.3134,3.3134,3.3134,55.02
2020-11-05 23:16:00,1604618160.0,3.3112,3.3154,3.3112,3.3154,105.33
2020-11-05 23:17:00,1604618220.0,3.3156,3.3187,3.3139,3.3139,83.03
2020-11-05 23:18:00,1604618280.0,3.3086,3.3086,3.3085,3.3085,58.28
2020-11-05 23:19:00,1604618340.0,3.3102,3.3103,3.3043,3.3056,1589.25
2020-11-05 23:20:00,1604618400.0,3.3067,3.3129,3.2945,3.3035,486.59
2020-11-05 23:21:00,1604618460.0,3.3039,3.3122,3.3,3.3122,365.23
2020-11-05 23:22:00,1604618520.0,3.3139,3.3175,3.312,3.3152,368.54
2020-11-05 23:23:00,1604618580.0,3.3139,3.3145,3.3139,3.3145,41.96
2020-11-05 23:24:00,1604618640.0,3.3184,3.3199,3.3184,3.3199,175.95
2020-11-05 23:25:00,1604618700.0,3.3206,3.3358,3.3206,3.3337,1047.69
2020-11-05 23:26:00,1604618760.0,3.34,3.3412,3.3339,3.341,362.99
2020-11-05 23:27:00,1604618820.0,3.341,3.341,3.341,3.341,0.0
2020-11-05 23:28:00,1604618880.0,3.3412,3.3441,3.3412,3.3441,289.95
2020-11-05 23:29:00,1604618940.0,3.3477,3.3557,3.3477,3.3536,327.07
2020-11-05 23:30:00,1604619000.0,3.3536,3.3536,3.3536,3.3536,0.0
2020-11-05 23:31:00,1604619060.0,3.349,3.349,3.3446,3.3446,232.08
2020-11-05 23:32:00,1604619120.0,3.3526,3.3527,3.3526,3.3527,36.05
2020-11-05 23:33:00,1604619180.0,3.3527,3.3527,3.3527,3.3527,0.0
2020-11-05 23:34:00,1604619240.0,3.3527,3.3527,3.3527,3.3527,0.0
2020-11-05 23:35:00,1604619300.0,3.3547,3.36,3.3547,3.3557,273.93
2020-11-05 23:36:00,1604619360.0,3.3599,3.3622,3.3599,3.3622,218.54
2020-11-05 23:37:00,1604619420.0,3.3622,3.3622,3.3622,3.3622,0.0
2020-11-05 23:38:00,1604619480.0,3.3622,3.3622,3.3622,3.3622,0.0
2020-11-05 23:39:00,1604619540.0,3.3529,3.3529,3.3528,3.3528,42.1
2020-11-05 23:40:00,1604619600.0,3.3428,3.3496,3.3428,3.3454,138.39
2020-11-05 23:41:00,1604619660.0,3.3454,3.35,3.3454,3.35,22.99
2020-11-05 23:42:00,1604619720.0,3.3427,3.3427,3.3427,3.3427,3.76
2020-11-05 23:43:00,1604619780.0,3.3427,3.3427,3.3427,3.3427,0.0
2020-11-05 23:44:00,1604619840.0,3.3427,3.3427,3.3427,3.3427,0.0
2020-11-05 23:45:00,1604619900.0,3.3439,3.3439,3.3424,3.3424,310.84
2020-11-05 23:46:00,1604619960.0,3.3424,3.3424,3.3424,3.3424,0.0
2020-11-05 23:47:00,1604620020.0,3.3424,3.3424,3.3424,3.3424,0.0
2020-11-05 23:48:00,1604620080.0,3.3529,3.3567,3.3495,3.3567,571.26
2020-11-05 23:49:00,1604620140.0,3.3547,3.3548,3.3547,3.3548,70.74
2020-11-05 23:50:00,1604620200.0,3.3564,3.3564,3.3564,3.3564,34.35
2020-11-05 23:51:00,1604620260.0,3.3526,3.3526,3.3526,3.3526,14.9
2020-11-05 23:52:00,1604620320.0,3.3526,3.3526,3.3526,3.3526,0.0
2020-11-05 23:53:00,1604620380.0,3.3464,3.3464,3.3461,3.3461,100.0
2020-11-05 23:54:00,1604620440.0,3.3461,3.3461,3.3461,3.3461,0.0
2020-11-05 23:55:00,1604620500.0,3.347,3.347,3.347,3.347,61.69
2020-11-05 23:56:00,1604620560.0,3.3489,3.3489,3.3489,3.3489,100.0
2020-11-05 23:57:00,1604620620.0,3.3501,3.3501,3.3501,3.3501,13.4
2020-11-05 23:58:00,1604620680.0,3.3449,3.3471,3.3424,3.3424,410.77
2020-11-05 23:59:00,1604620740.0,3.3382,3.3382,3.3348,3.3348,63.91
