Universal Time,Unix Time,Open,High,Low,Close,Volume
2018-12-09 00:00:00,1544313600.0,0.03023,0.03027,0.0302,0.03022,26029.9
2018-12-09 00:01:00,1544313660.0,0.0302,0.0302,0.03015,0.03018,20062.9
2018-12-09 00:02:00,1544313720.0,0.03016,0.03016,0.03013,0.03015,26948.8
2018-12-09 00:03:00,1544313780.0,0.03015,0.03015,0.03014,0.03014,12303.2
2018-12-09 00:04:00,1544313840.0,0.03015,0.03017,0.03011,0.03016,58580.1
2018-12-09 00:05:00,1544313900.0,0.03015,0.03019,0.0301,0.03017,76252.4
2018-12-09 00:06:00,1544313960.0,0.03012,0.03016,0.03012,0.03012,124421.7
2018-12-09 00:07:00,1544314020.0,0.03016,0.03024,0.03013,0.03024,152513.5
2018-12-09 00:08:00,1544314080.0,0.03027,0.03034,0.03021,0.03034,47449.8
2018-12-09 00:09:00,1544314140.0,0.03028,0.03033,0.03025,0.03028,44640.8
2018-12-09 00:10:00,1544314200.0,0.03027,0.03032,0.03027,0.03032,42328.0
2018-12-09 00:11:00,1544314260.0,0.03031,0.03032,0.03031,0.03032,1646.4
2018-12-09 00:12:00,1544314320.0,0.03031,0.03034,0.0303,0.03034,76225.2
2018-12-09 00:13:00,1544314380.0,0.03029,0.03033,0.03029,0.03032,14717.5
2018-12-09 00:14:00,1544314440.0,0.03034,0.03039,0.03034,0.03038,38669.4
2018-12-09 00:15:00,1544314500.0,0.03036,0.03047,0.03031,0.03047,197707.4
2018-12-09 00:16:00,1544314560.0,0.03043,0.03055,0.03029,0.0305,480913.6
2018-12-09 00:17:00,1544314620.0,0.0305,0.03065,0.0305,0.03063,148612.7
2018-12-09 00:18:00,1544314680.0,0.03064,0.0307,0.03053,0.03059,135815.7
2018-12-09 00:19:00,1544314740.0,0.0306,0.0306,0.03055,0.03057,88171.6
2018-12-09 00:20:00,1544314800.0,0.03057,0.03057,0.03054,0.03054,239466.4
2018-12-09 00:21:00,1544314860.0,0.03056,0.03057,0.03052,0.03056,154936.9
2018-12-09 00:22:00,1544314920.0,0.03054,0.03057,0.03053,0.03057,35531.5
2018-12-09 00:23:00,1544314980.0,0.03052,0.03055,0.03046,0.03046,203426.0
2018-12-09 00:24:00,1544315040.0,0.03045,0.03046,0.03042,0.03044,53669.8
2018-12-09 00:25:00,1544315100.0,0.03041,0.03044,0.03041,0.03043,27974.8
2018-12-09 00:26:00,1544315160.0,0.03043,0.03045,0.0304,0.03042,89601.9
2018-12-09 00:27:00,1544315220.0,0.03043,0.03049,0.03041,0.03049,110136.7
2018-12-09 00:28:00,1544315280.0,0.03047,0.0305,0.03034,0.03037,111975.3
2018-12-09 00:29:00,1544315340.0,0.03037,0.03037,0.03037,0.03037,6494.7
2018-12-09 00:30:00,1544315400.0,0.03035,0.03036,0.03032,0.03032,68653.0
2018-12-09 00:31:00,1544315460.0,0.03033,0.03033,0.03033,0.03033,3048.1
2018-12-09 00:32:00,1544315520.0,0.0303,0.03031,0.03026,0.03026,13769.7
2018-12-09 00:33:00,1544315580.0,0.03026,0.03031,0.03026,0.03031,97881.2
2018-12-09 00:34:00,1544315640.0,0.03033,0.03033,0.03022,0.03024,62913.9
2018-12-09 00:35:00,1544315700.0,0.03023,0.03024,0.03021,0.03021,35796.9
2018-12-09 00:36:00,1544315760.0,0.03024,0.03024,0.03011,0.03018,25207.7
2018-12-09 00:37:00,1544315820.0,0.03019,0.03033,0.03019,0.03028,58533.0
2018-12-09 00:38:00,1544315880.0,0.03027,0.03027,0.03023,0.03027,35761.1
2018-12-09 00:39:00,1544315940.0,0.03027,0.03027,0.03024,0.03024,16911.5
2018-12-09 00:40:00,1544316000.0,0.03025,0.03026,0.03023,0.03024,98746.4
2018-12-09 00:41:00,1544316060.0,0.03023,0.03024,0.03021,0.03023,125439.0
2018-12-09 00:42:00,1544316120.0,0.03026,0.03029,0.03025,0.03027,51377.3
2018-12-09 00:43:00,1544316180.0,0.03028,0.03029,0.03027,0.03027,99154.0
2018-12-09 00:44:00,1544316240.0,0.03029,0.03029,0.03029,0.03029,3868.0
2018-12-09 00:45:00,1544316300.0,0.03029,0.03033,0.03025,0.03027,63491.0
2018-12-09 00:46:00,1544316360.0,0.03029,0.03031,0.03029,0.03031,33719.0
2018-12-09 00:47:00,1544316420.0,0.03033,0.03034,0.03033,0.03034,11600.4
2018-12-09 00:48:00,1544316480.0,0.03033,0.03033,0.03031,0.03031,69399.2
2018-12-09 00:49:00,1544316540.0,0.03033,0.03058,0.03033,0.03054,155024.0
2018-12-09 00:50:00,1544316600.0,0.03055,0.0306,0.03042,0.03047,45445.0
2018-12-09 00:51:00,1544316660.0,0.03041,0.03046,0.03037,0.0304,49349.1
2018-12-09 00:52:00,1544316720.0,0.03039,0.0304,0.03035,0.03036,87720.2
2018-12-09 00:53:00,1544316780.0,0.03037,0.03038,0.03033,0.03034,76865.6
2018-12-09 00:54:00,1544316840.0,0.03037,0.03042,0.03025,0.03042,78227.9
2018-12-09 00:55:00,1544316900.0,0.03037,0.03038,0.03029,0.03029,67695.9
2018-12-09 00:56:00,1544316960.0,0.03029,0.03035,0.03029,0.03032,22947.2
2018-12-09 00:57:00,1544317020.0,0.03029,0.03031,0.03021,0.03026,98826.7
2018-12-09 00:58:00,1544317080.0,0.03025,0.03031,0.03025,0.03031,104241.9
2018-12-09 00:59:00,1544317140.0,0.03028,0.03029,0.03026,0.03027,37376.2
2018-12-09 01:00:00,1544317200.0,0.03026,0.03026,0.03021,0.03026,7534.4
2018-12-09 01:01:00,1544317260.0,0.03025,0.0303,0.03014,0.03014,256258.6
2018-12-09 01:02:00,1544317320.0,0.03016,0.03026,0.03016,0.03019,68322.7
2018-12-09 01:03:00,1544317380.0,0.03019,0.03023,0.03019,0.03022,72207.2
2018-12-09 01:04:00,1544317440.0,0.03021,0.03026,0.03018,0.03026,41929.8
2018-12-09 01:05:00,1544317500.0,0.03024,0.03025,0.03021,0.03021,38510.6
2018-12-09 01:06:00,1544317560.0,0.03019,0.03021,0.03019,0.03021,13812.4
2018-12-09 01:07:00,1544317620.0,0.03023,0.03024,0.03021,0.03021,10984.9
2018-12-09 01:08:00,1544317680.0,0.0302,0.03026,0.0302,0.03026,11162.4
2018-12-09 01:09:00,1544317740.0,0.03022,0.03024,0.03021,0.03021,50926.4
2018-12-09 01:10:00,1544317800.0,0.03022,0.03023,0.0302,0.03021,19591.8
2018-12-09 01:11:00,1544317860.0,0.03021,0.03021,0.0302,0.03021,82113.4
2018-12-09 01:12:00,1544317920.0,0.0302,0.03025,0.0302,0.03025,30462.2
2018-12-09 01:13:00,1544317980.0,0.0302,0.03025,0.0302,0.03025,74755.7
2018-12-09 01:14:00,1544318040.0,0.03023,0.03023,0.03019,0.0302,194585.8
2018-12-09 01:15:00,1544318100.0,0.03021,0.03023,0.03019,0.0302,447884.5
2018-12-09 01:16:00,1544318160.0,0.0302,0.0302,0.03019,0.03019,29334.2
2018-12-09 01:17:00,1544318220.0,0.03017,0.03023,0.03017,0.03019,44433.0
2018-12-09 01:18:00,1544318280.0,0.03022,0.03024,0.0302,0.0302,35845.9
2018-12-09 01:19:00,1544318340.0,0.0302,0.03021,0.0302,0.03021,12471.3
2018-12-09 01:20:00,1544318400.0,0.03021,0.03024,0.03018,0.03019,488894.0
2018-12-09 01:21:00,1544318460.0,0.03019,0.03024,0.03019,0.03024,1388.9
2018-12-09 01:22:00,1544318520.0,0.03021,0.03021,0.03018,0.03018,33892.1
2018-12-09 01:23:00,1544318580.0,0.03017,0.03019,0.03012,0.03015,100372.3
2018-12-09 01:24:00,1544318640.0,0.03014,0.03018,0.03014,0.03018,32806.3
2018-12-09 01:25:00,1544318700.0,0.03016,0.03018,0.03015,0.03018,19277.0
2018-12-09 01:26:00,1544318760.0,0.03018,0.03021,0.03016,0.03019,778228.0
2018-12-09 01:27:00,1544318820.0,0.03019,0.0302,0.03019,0.03019,987603.3
2018-12-09 01:28:00,1544318880.0,0.03023,0.03025,0.03019,0.03025,886945.1
2018-12-09 01:29:00,1544318940.0,0.03023,0.03024,0.03023,0.03023,10939.3
2018-12-09 01:30:00,1544319000.0,0.03025,0.03058,0.03025,0.03043,844484.2
2018-12-09 01:31:00,1544319060.0,0.03047,0.03059,0.03044,0.0305,51071.4
2018-12-09 01:32:00,1544319120.0,0.03051,0.03051,0.03037,0.03046,474249.5
2018-12-09 01:33:00,1544319180.0,0.03048,0.03049,0.03042,0.03045,19045.8
2018-12-09 01:34:00,1544319240.0,0.0304,0.03047,0.03038,0.03041,31212.0
2018-12-09 01:35:00,1544319300.0,0.0304,0.03041,0.03037,0.0304,106707.7
2018-12-09 01:36:00,1544319360.0,0.03041,0.03043,0.03038,0.03038,39104.8
2018-12-09 01:37:00,1544319420.0,0.03038,0.0304,0.03037,0.03038,28786.0
2018-12-09 01:38:00,1544319480.0,0.03038,0.03044,0.03035,0.03043,199396.7
2018-12-09 01:39:00,1544319540.0,0.0304,0.0304,0.03036,0.03039,209556.7
2018-12-09 01:40:00,1544319600.0,0.03037,0.03037,0.03035,0.03036,28287.0
2018-12-09 01:41:00,1544319660.0,0.03035,0.03035,0.03035,0.03035,8685.0
2018-12-09 01:42:00,1544319720.0,0.03035,0.03035,0.0303,0.0303,70310.3
2018-12-09 01:43:00,1544319780.0,0.03026,0.03026,0.03026,0.03026,14248.8
2018-12-09 01:44:00,1544319840.0,0.03026,0.03027,0.0302,0.0302,122496.3
2018-12-09 01:45:00,1544319900.0,0.0302,0.03022,0.03017,0.03019,68544.4
2018-12-09 01:46:00,1544319960.0,0.03019,0.03024,0.03019,0.0302,54208.3
2018-12-09 01:47:00,1544320020.0,0.03022,0.03022,0.03019,0.03022,63401.9
2018-12-09 01:48:00,1544320080.0,0.03027,0.03027,0.03025,0.03026,22459.4
2018-12-09 01:49:00,1544320140.0,0.03024,0.03024,0.03017,0.03017,460455.9
2018-12-09 01:50:00,1544320200.0,0.03015,0.03015,0.03014,0.03015,51863.4
2018-12-09 01:51:00,1544320260.0,0.03013,0.03017,0.03009,0.0301,92702.9
2018-12-09 01:52:00,1544320320.0,0.03014,0.03016,0.02996,0.02996,635687.0
2018-12-09 01:53:00,1544320380.0,0.03004,0.0301,0.03002,0.0301,125115.2
2018-12-09 01:54:00,1544320440.0,0.03016,0.03018,0.03013,0.03018,29075.7
2018-12-09 01:55:00,1544320500.0,0.03011,0.03019,0.0301,0.03019,36624.6
2018-12-09 01:56:00,1544320560.0,0.03014,0.03016,0.03014,0.03014,39493.9
2018-12-09 01:57:00,1544320620.0,0.03014,0.03016,0.03014,0.03014,30052.0
2018-12-09 01:58:00,1544320680.0,0.03015,0.03015,0.03014,0.03014,19435.5
2018-12-09 01:59:00,1544320740.0,0.03016,0.03018,0.03014,0.03014,34111.7
2018-12-09 02:00:00,1544320800.0,0.03017,0.03017,0.03017,0.03017,14239.7
2018-12-09 02:01:00,1544320860.0,0.03016,0.03019,0.03016,0.03018,24444.1
2018-12-09 02:02:00,1544320920.0,0.03018,0.03018,0.03015,0.03017,53293.0
2018-12-09 02:03:00,1544320980.0,0.03017,0.03018,0.03014,0.03014,51367.5
2018-12-09 02:04:00,1544321040.0,0.03017,0.03017,0.03011,0.03012,141151.0
2018-12-09 02:05:00,1544321100.0,0.03013,0.03015,0.03012,0.03014,72328.3
2018-12-09 02:06:00,1544321160.0,0.03017,0.0302,0.03014,0.03015,28373.3
2018-12-09 02:07:00,1544321220.0,0.03015,0.03015,0.03012,0.03013,18020.7
2018-12-09 02:08:00,1544321280.0,0.03013,0.0302,0.03013,0.0302,150555.0
2018-12-09 02:09:00,1544321340.0,0.03021,0.03021,0.03018,0.03021,24642.8
2018-12-09 02:10:00,1544321400.0,0.03021,0.03021,0.03021,0.03021,8055.3
2018-12-09 02:11:00,1544321460.0,0.03021,0.03021,0.03021,0.03021,20590.2
2018-12-09 02:12:00,1544321520.0,0.0302,0.03021,0.03016,0.03016,33465.1
2018-12-09 02:13:00,1544321580.0,0.03017,0.03017,0.03015,0.03015,12067.6
2018-12-09 02:14:00,1544321640.0,0.03016,0.03016,0.03012,0.03015,103571.8
2018-12-09 02:15:00,1544321700.0,0.03016,0.03018,0.03012,0.03012,106118.1
2018-12-09 02:16:00,1544321760.0,0.03014,0.03014,0.03013,0.03013,27845.6
2018-12-09 02:17:00,1544321820.0,0.03013,0.03016,0.03013,0.03016,23110.5
2018-12-09 02:18:00,1544321880.0,0.03015,0.03017,0.03011,0.03011,54657.0
2018-12-09 02:19:00,1544321940.0,0.03016,0.03021,0.03014,0.0302,50322.8
2018-12-09 02:20:00,1544322000.0,0.0302,0.03022,0.03018,0.03022,40183.5
2018-12-09 02:21:00,1544322060.0,0.0302,0.0302,0.03016,0.03016,18788.3
2018-12-09 02:22:00,1544322120.0,0.03019,0.0302,0.03016,0.0302,80874.4
2018-12-09 02:23:00,1544322180.0,0.03019,0.03019,0.03011,0.03015,51675.7
2018-12-09 02:24:00,1544322240.0,0.03016,0.03016,0.03014,0.03014,15374.1
2018-12-09 02:25:00,1544322300.0,0.03016,0.03018,0.03015,0.03018,15857.1
2018-12-09 02:26:00,1544322360.0,0.03018,0.03023,0.03018,0.03019,54566.6
2018-12-09 02:27:00,1544322420.0,0.03024,0.03024,0.03019,0.03021,41758.0
2018-12-09 02:28:00,1544322480.0,0.03025,0.03025,0.03025,0.03025,14809.5
2018-12-09 02:29:00,1544322540.0,0.03024,0.03024,0.0302,0.0302,21802.4
2018-12-09 02:30:00,1544322600.0,0.03024,0.03028,0.03019,0.03024,95589.3
2018-12-09 02:31:00,1544322660.0,0.03024,0.03026,0.03021,0.03023,66482.1
2018-12-09 02:32:00,1544322720.0,0.03023,0.03026,0.03017,0.03021,175727.5
2018-12-09 02:33:00,1544322780.0,0.03023,0.03024,0.0302,0.03024,100354.0
2018-12-09 02:34:00,1544322840.0,0.03026,0.03026,0.03015,0.03019,108318.1
2018-12-09 02:35:00,1544322900.0,0.0302,0.03022,0.03015,0.03017,66689.7
2018-12-09 02:36:00,1544322960.0,0.03021,0.03022,0.03019,0.03021,24362.4
2018-12-09 02:37:00,1544323020.0,0.0302,0.0302,0.0302,0.0302,3520.1
2018-12-09 02:38:00,1544323080.0,0.0302,0.03021,0.0302,0.03021,24043.4
2018-12-09 02:39:00,1544323140.0,0.03022,0.03023,0.03018,0.03018,17471.1
2018-12-09 02:40:00,1544323200.0,0.03019,0.03019,0.03015,0.03015,9390.4
2018-12-09 02:41:00,1544323260.0,0.03016,0.03019,0.03012,0.03019,169406.4
2018-12-09 02:42:00,1544323320.0,0.03019,0.03019,0.03017,0.03017,12852.0
2018-12-09 02:43:00,1544323380.0,0.0302,0.0302,0.03017,0.03017,1985.9
2018-12-09 02:44:00,1544323440.0,0.03015,0.03019,0.03015,0.03019,5527.5
2018-12-09 02:45:00,1544323500.0,0.03017,0.0302,0.03017,0.0302,42284.8
2018-12-09 02:46:00,1544323560.0,0.03019,0.03022,0.03018,0.03022,25019.4
2018-12-09 02:47:00,1544323620.0,0.03022,0.03023,0.03019,0.0302,27142.1
2018-12-09 02:48:00,1544323680.0,0.03019,0.03022,0.03019,0.03022,24208.4
2018-12-09 02:49:00,1544323740.0,0.03021,0.03021,0.0301,0.03015,147162.7
2018-12-09 02:50:00,1544323800.0,0.03016,0.03021,0.03014,0.03021,37448.9
2018-12-09 02:51:00,1544323860.0,0.03021,0.03023,0.03021,0.03023,19383.0
2018-12-09 02:52:00,1544323920.0,0.03024,0.03026,0.0302,0.03022,43498.7
2018-12-09 02:53:00,1544323980.0,0.03022,0.03023,0.03022,0.03022,12566.8
2018-12-09 02:54:00,1544324040.0,0.03023,0.03025,0.03022,0.03024,36032.3
2018-12-09 02:55:00,1544324100.0,0.03026,0.03026,0.03022,0.03022,9244.0
2018-12-09 02:56:00,1544324160.0,0.03025,0.03026,0.03025,0.03025,19959.0
2018-12-09 02:57:00,1544324220.0,0.03023,0.03023,0.03017,0.03017,170143.5
2018-12-09 02:58:00,1544324280.0,0.03017,0.0302,0.03017,0.03018,12403.2
2018-12-09 02:59:00,1544324340.0,0.03021,0.03021,0.03015,0.03018,23334.5
2018-12-09 03:00:00,1544324400.0,0.03015,0.03017,0.03014,0.03017,32841.1
2018-12-09 03:01:00,1544324460.0,0.03018,0.03018,0.03018,0.03018,78599.2
2018-12-09 03:02:00,1544324520.0,0.03017,0.03019,0.03015,0.03019,21350.8
2018-12-09 03:03:00,1544324580.0,0.03019,0.0302,0.03017,0.0302,44658.9
2018-12-09 03:04:00,1544324640.0,0.03018,0.03021,0.03016,0.0302,49230.8
2018-12-09 03:05:00,1544324700.0,0.0302,0.03022,0.0302,0.03022,4975.8
2018-12-09 03:06:00,1544324760.0,0.03021,0.03024,0.03016,0.03024,32247.9
2018-12-09 03:07:00,1544324820.0,0.03021,0.03021,0.03017,0.03017,18128.5
2018-12-09 03:08:00,1544324880.0,0.03018,0.03021,0.03018,0.03019,20730.2
2018-12-09 03:09:00,1544324940.0,0.0302,0.0302,0.03016,0.03016,28943.9
2018-12-09 03:10:00,1544325000.0,0.03015,0.03018,0.03015,0.03018,13738.4
2018-12-09 03:11:00,1544325060.0,0.03017,0.03017,0.03013,0.03013,36330.1
2018-12-09 03:12:00,1544325120.0,0.03014,0.03014,0.0301,0.0301,298082.3
2018-12-09 03:13:00,1544325180.0,0.03005,0.03011,0.03005,0.03007,118959.4
2018-12-09 03:14:00,1544325240.0,0.03011,0.03011,0.03007,0.03007,4828.6
2018-12-09 03:15:00,1544325300.0,0.03011,0.03011,0.03007,0.03009,20317.6
2018-12-09 03:16:00,1544325360.0,0.03008,0.03008,0.03006,0.03006,399.0
2018-12-09 03:17:00,1544325420.0,0.03006,0.03006,0.03003,0.03003,16082.2
2018-12-09 03:18:00,1544325480.0,0.03003,0.03003,0.02994,0.03,118142.9
2018-12-09 03:19:00,1544325540.0,0.02997,0.03001,0.02997,0.03001,5361.4
2018-12-09 03:20:00,1544325600.0,0.03002,0.03003,0.03002,0.03003,10533.0
2018-12-09 03:21:00,1544325660.0,0.02998,0.03004,0.02997,0.03,43923.9
2018-12-09 03:22:00,1544325720.0,0.03003,0.03003,0.02999,0.03003,11653.7
2018-12-09 03:23:00,1544325780.0,0.03003,0.03003,0.03001,0.03003,11700.0
2018-12-09 03:24:00,1544325840.0,0.02999,0.02999,0.02999,0.02999,8839.1
2018-12-09 03:25:00,1544325900.0,0.02998,0.02998,0.02992,0.02997,15106.0
2018-12-09 03:26:00,1544325960.0,0.02995,0.03004,0.02989,0.03004,139775.0
2018-12-09 03:27:00,1544326020.0,0.02996,0.02999,0.02996,0.02999,9565.7
2018-12-09 03:28:00,1544326080.0,0.03,0.03001,0.02999,0.03001,4858.0
2018-12-09 03:29:00,1544326140.0,0.03001,0.03003,0.03001,0.03003,15442.1
2018-12-09 03:30:00,1544326200.0,0.03003,0.03003,0.03001,0.03002,39167.5
2018-12-09 03:31:00,1544326260.0,0.03002,0.03004,0.03001,0.03004,16105.6
2018-12-09 03:32:00,1544326320.0,0.03003,0.03011,0.0299,0.03005,204146.7
2018-12-09 03:33:00,1544326380.0,0.03001,0.03007,0.03001,0.03004,20274.4
2018-12-09 03:34:00,1544326440.0,0.03005,0.03005,0.03001,0.03001,12331.1
2018-12-09 03:35:00,1544326500.0,0.03003,0.03005,0.02999,0.02999,14562.7
2018-12-09 03:36:00,1544326560.0,0.02998,0.03001,0.02997,0.02997,214682.1
2018-12-09 03:37:00,1544326620.0,0.02996,0.02996,0.02981,0.02991,145804.2
2018-12-09 03:38:00,1544326680.0,0.02988,0.0299,0.02986,0.02986,53513.1
2018-12-09 03:39:00,1544326740.0,0.02986,0.02996,0.02986,0.02989,42814.5
2018-12-09 03:40:00,1544326800.0,0.02993,0.02993,0.02991,0.02992,13460.6
2018-12-09 03:41:00,1544326860.0,0.02993,0.02994,0.02992,0.02993,27905.7
2018-12-09 03:42:00,1544326920.0,0.02992,0.02994,0.02991,0.02994,28115.3
2018-12-09 03:43:00,1544326980.0,0.02993,0.02993,0.0299,0.0299,12993.9
2018-12-09 03:44:00,1544327040.0,0.02992,0.02992,0.02987,0.02987,14192.9
2018-12-09 03:45:00,1544327100.0,0.0299,0.03002,0.02988,0.03002,218479.6
2018-12-09 03:46:00,1544327160.0,0.03003,0.03005,0.03001,0.03005,17372.7
2018-12-09 03:47:00,1544327220.0,0.03004,0.03005,0.03004,0.03004,21972.1
2018-12-09 03:48:00,1544327280.0,0.03004,0.03006,0.03003,0.03006,113707.8
2018-12-09 03:49:00,1544327340.0,0.03007,0.0301,0.03007,0.0301,19490.4
2018-12-09 03:50:00,1544327400.0,0.03009,0.03011,0.03007,0.03011,32022.7
2018-12-09 03:51:00,1544327460.0,0.03009,0.03011,0.03007,0.03011,20542.4
2018-12-09 03:52:00,1544327520.0,0.03008,0.03008,0.02999,0.02999,20510.6
2018-12-09 03:53:00,1544327580.0,0.03003,0.03003,0.03,0.03,5880.5
2018-12-09 03:54:00,1544327640.0,0.03009,0.03014,0.03009,0.03013,35208.7
2018-12-09 03:55:00,1544327700.0,0.03011,0.03011,0.0301,0.03011,5487.6
2018-12-09 03:56:00,1544327760.0,0.03011,0.03012,0.03005,0.03005,13497.2
2018-12-09 03:57:00,1544327820.0,0.03008,0.03008,0.02999,0.03004,87537.3
2018-12-09 03:58:00,1544327880.0,0.03003,0.03003,0.03,0.03003,20770.0
2018-12-09 03:59:00,1544327940.0,0.03004,0.03005,0.03001,0.03001,52619.9
2018-12-09 04:00:00,1544328000.0,0.03001,0.03003,0.03001,0.03001,24997.3
2018-12-09 04:01:00,1544328060.0,0.03001,0.03004,0.03001,0.03004,11672.3
2018-12-09 04:02:00,1544328120.0,0.03004,0.03004,0.03004,0.03004,5664.3
2018-12-09 04:03:00,1544328180.0,0.03003,0.03004,0.03,0.03002,63637.2
2018-12-09 04:04:00,1544328240.0,0.03,0.03001,0.03,0.03,49039.3
2018-12-09 04:05:00,1544328300.0,0.03,0.03,0.02999,0.02999,6283.0
2018-12-09 04:06:00,1544328360.0,0.02997,0.02998,0.02995,0.02996,20998.1
2018-12-09 04:07:00,1544328420.0,0.02995,0.02996,0.02995,0.02996,11431.5
2018-12-09 04:08:00,1544328480.0,0.02994,0.02997,0.02994,0.02995,32152.8
2018-12-09 04:09:00,1544328540.0,0.02996,0.03004,0.02995,0.03004,54475.6
2018-12-09 04:10:00,1544328600.0,0.02997,0.03002,0.02997,0.03002,20811.9
2018-12-09 04:11:00,1544328660.0,0.02999,0.03002,0.02999,0.03002,12100.3
2018-12-09 04:12:00,1544328720.0,0.03003,0.03003,0.02998,0.02998,20580.2
2018-12-09 04:13:00,1544328780.0,0.02998,0.03003,0.02998,0.03,17153.6
2018-12-09 04:14:00,1544328840.0,0.02999,0.02999,0.02998,0.02998,11892.1
2018-12-09 04:15:00,1544328900.0,0.02999,0.02999,0.02996,0.02996,30515.6
2018-12-09 04:16:00,1544328960.0,0.02998,0.02998,0.02996,0.02996,7226.8
2018-12-09 04:17:00,1544329020.0,0.02998,0.02998,0.02994,0.02995,10083.8
2018-12-09 04:18:00,1544329080.0,0.02995,0.02995,0.02992,0.02992,7096.7
2018-12-09 04:19:00,1544329140.0,0.02992,0.02995,0.02992,0.02995,16563.9
2018-12-09 04:20:00,1544329200.0,0.02992,0.02994,0.02992,0.02992,19181.4
2018-12-09 04:21:00,1544329260.0,0.02994,0.02994,0.02993,0.02994,10026.0
2018-12-09 04:22:00,1544329320.0,0.02995,0.02996,0.02995,0.02995,7480.5
2018-12-09 04:23:00,1544329380.0,0.02997,0.03,0.02995,0.02995,48354.3
2018-12-09 04:24:00,1544329440.0,0.02998,0.03,0.02997,0.03,10145.6
2018-12-09 04:25:00,1544329500.0,0.03002,0.03002,0.03002,0.03002,1663.6
2018-12-09 04:26:00,1544329560.0,0.02998,0.02999,0.02995,0.02998,31895.3
2018-12-09 04:27:00,1544329620.0,0.02997,0.02998,0.02997,0.02998,14335.8
2018-12-09 04:28:00,1544329680.0,0.02998,0.02999,0.02998,0.02999,9467.5
2018-12-09 04:29:00,1544329740.0,0.03,0.03003,0.03,0.03001,27437.0
2018-12-09 04:30:00,1544329800.0,0.03001,0.03002,0.03001,0.03002,59530.1
2018-12-09 04:31:00,1544329860.0,0.03002,0.03003,0.03002,0.03003,19181.6
2018-12-09 04:32:00,1544329920.0,0.03003,0.03003,0.02999,0.03,24656.4
2018-12-09 04:33:00,1544329980.0,0.03,0.03,0.03,0.03,0.0
2018-12-09 04:34:00,1544330040.0,0.03,0.03,0.03,0.03,3163.4
2018-12-09 04:35:00,1544330100.0,0.02999,0.03003,0.02995,0.02998,49141.5
2018-12-09 04:36:00,1544330160.0,0.02999,0.02999,0.02998,0.02998,15245.7
2018-12-09 04:37:00,1544330220.0,0.02998,0.02998,0.02998,0.02998,0.0
2018-12-09 04:38:00,1544330280.0,0.02997,0.02997,0.02993,0.02994,6941.5
2018-12-09 04:39:00,1544330340.0,0.02994,0.02994,0.02992,0.02993,21519.7
2018-12-09 04:40:00,1544330400.0,0.02993,0.02993,0.02991,0.02991,4615.4
2018-12-09 04:41:00,1544330460.0,0.02993,0.02993,0.02991,0.02991,9943.7
2018-12-09 04:42:00,1544330520.0,0.02992,0.02992,0.02992,0.02992,22694.8
2018-12-09 04:43:00,1544330580.0,0.02991,0.02991,0.02991,0.02991,13555.2
2018-12-09 04:44:00,1544330640.0,0.0299,0.02992,0.0299,0.0299,14638.7
2018-12-09 04:45:00,1544330700.0,0.02992,0.02992,0.02988,0.02992,24986.3
2018-12-09 04:46:00,1544330760.0,0.02992,0.02993,0.02991,0.02993,11776.7
2018-12-09 04:47:00,1544330820.0,0.02991,0.02993,0.02991,0.02993,22276.8
2018-12-09 04:48:00,1544330880.0,0.02992,0.02993,0.02992,0.02993,12231.8
2018-12-09 04:49:00,1544330940.0,0.02994,0.02997,0.02992,0.02992,92538.6
2018-12-09 04:50:00,1544331000.0,0.02998,0.02998,0.02995,0.02995,8832.6
2018-12-09 04:51:00,1544331060.0,0.02997,0.02997,0.02997,0.02997,17324.9
2018-12-09 04:52:00,1544331120.0,0.02994,0.02996,0.02994,0.02996,5317.9
2018-12-09 04:53:00,1544331180.0,0.02997,0.02997,0.02994,0.02994,57430.3
2018-12-09 04:54:00,1544331240.0,0.02996,0.02998,0.02996,0.02998,8509.0
2018-12-09 04:55:00,1544331300.0,0.02998,0.02999,0.02998,0.02999,13844.5
2018-12-09 04:56:00,1544331360.0,0.02999,0.03,0.02997,0.03,23674.6
2018-12-09 04:57:00,1544331420.0,0.02996,0.02997,0.02996,0.02997,14778.5
2018-12-09 04:58:00,1544331480.0,0.02997,0.02997,0.02997,0.02997,11646.7
2018-12-09 04:59:00,1544331540.0,0.02997,0.03,0.02997,0.03,8662.2
2018-12-09 05:00:00,1544331600.0,0.02999,0.02999,0.02997,0.02999,38391.2
2018-12-09 05:01:00,1544331660.0,0.03001,0.03001,0.02998,0.02999,14405.6
2018-12-09 05:02:00,1544331720.0,0.02999,0.03003,0.02999,0.03001,24340.4
2018-12-09 05:03:00,1544331780.0,0.02999,0.03001,0.02999,0.02999,65837.7
2018-12-09 05:04:00,1544331840.0,0.03001,0.03002,0.02999,0.03002,15533.4
2018-12-09 05:05:00,1544331900.0,0.03,0.03003,0.03,0.03003,33676.3
2018-12-09 05:06:00,1544331960.0,0.03002,0.03002,0.03001,0.03002,25048.3
2018-12-09 05:07:00,1544332020.0,0.03002,0.03003,0.03002,0.03003,8597.9
2018-12-09 05:08:00,1544332080.0,0.03004,0.03004,0.03004,0.03004,1961.0
2018-12-09 05:09:00,1544332140.0,0.03005,0.03007,0.03005,0.03007,264249.6
2018-12-09 05:10:00,1544332200.0,0.03007,0.03007,0.03006,0.03007,11952.7
2018-12-09 05:11:00,1544332260.0,0.03009,0.03009,0.03009,0.03009,8531.1
2018-12-09 05:12:00,1544332320.0,0.03009,0.03009,0.03004,0.03005,30303.0
2018-12-09 05:13:00,1544332380.0,0.03007,0.03008,0.03007,0.03008,17538.3
2018-12-09 05:14:00,1544332440.0,0.03005,0.03008,0.03005,0.03007,16931.4
2018-12-09 05:15:00,1544332500.0,0.03005,0.03007,0.03005,0.03006,7674.9
2018-12-09 05:16:00,1544332560.0,0.03004,0.03007,0.03003,0.03007,15759.3
2018-12-09 05:17:00,1544332620.0,0.0301,0.0301,0.03006,0.03006,6628.7
2018-12-09 05:18:00,1544332680.0,0.03006,0.03008,0.03001,0.03001,40372.6
2018-12-09 05:19:00,1544332740.0,0.03003,0.03004,0.03,0.03002,15345.3
2018-12-09 05:20:00,1544332800.0,0.02997,0.03,0.02996,0.03,93332.3
2018-12-09 05:21:00,1544332860.0,0.03001,0.03005,0.02995,0.02995,34211.8
2018-12-09 05:22:00,1544332920.0,0.02997,0.02999,0.02991,0.02991,51763.7
2018-12-09 05:23:00,1544332980.0,0.0299,0.02991,0.02986,0.0299,81066.4
2018-12-09 05:24:00,1544333040.0,0.0299,0.02991,0.02987,0.02988,18129.0
2018-12-09 05:25:00,1544333100.0,0.02989,0.02993,0.02986,0.02989,27907.6
2018-12-09 05:26:00,1544333160.0,0.02986,0.02989,0.02985,0.02986,29732.6
2018-12-09 05:27:00,1544333220.0,0.02986,0.02988,0.02986,0.02987,15643.8
2018-12-09 05:28:00,1544333280.0,0.02986,0.02989,0.02986,0.02989,11937.4
2018-12-09 05:29:00,1544333340.0,0.0299,0.0299,0.02987,0.02987,32836.4
2018-12-09 05:30:00,1544333400.0,0.0299,0.02992,0.02987,0.02992,8935.2
2018-12-09 05:31:00,1544333460.0,0.02992,0.02997,0.02992,0.02992,60262.0
2018-12-09 05:32:00,1544333520.0,0.0299,0.02991,0.0299,0.0299,12496.2
2018-12-09 05:33:00,1544333580.0,0.0299,0.02993,0.0299,0.02993,21602.3
2018-12-09 05:34:00,1544333640.0,0.02993,0.02994,0.02993,0.02993,17735.5
2018-12-09 05:35:00,1544333700.0,0.02991,0.02994,0.02991,0.02992,13036.6
2018-12-09 05:36:00,1544333760.0,0.02995,0.02999,0.02995,0.02997,11375.9
2018-12-09 05:37:00,1544333820.0,0.02996,0.02996,0.02995,0.02995,11909.4
2018-12-09 05:38:00,1544333880.0,0.02998,0.02999,0.02995,0.02995,16193.9
2018-12-09 05:39:00,1544333940.0,0.02995,0.02995,0.02992,0.02992,14731.2
2018-12-09 05:40:00,1544334000.0,0.02992,0.02995,0.02992,0.02994,14839.5
2018-12-09 05:41:00,1544334060.0,0.02995,0.02995,0.02995,0.02995,7255.4
2018-12-09 05:42:00,1544334120.0,0.02994,0.02995,0.02993,0.02995,28375.7
2018-12-09 05:43:00,1544334180.0,0.02996,0.03003,0.02993,0.02993,22104.7
2018-12-09 05:44:00,1544334240.0,0.02993,0.02995,0.02988,0.02989,241006.9
2018-12-09 05:45:00,1544334300.0,0.02992,0.02994,0.02991,0.02994,23668.1
2018-12-09 05:46:00,1544334360.0,0.02992,0.02994,0.02992,0.02992,23868.4
2018-12-09 05:47:00,1544334420.0,0.02991,0.02993,0.02991,0.02991,30919.2
2018-12-09 05:48:00,1544334480.0,0.02993,0.02993,0.02988,0.02988,7681.4
2018-12-09 05:49:00,1544334540.0,0.02988,0.02988,0.02985,0.02985,3750.6
2018-12-09 05:50:00,1544334600.0,0.02986,0.02986,0.02985,0.02985,7263.2
2018-12-09 05:51:00,1544334660.0,0.02985,0.02986,0.02984,0.02985,15185.7
2018-12-09 05:52:00,1544334720.0,0.02986,0.02988,0.02985,0.02987,48166.3
2018-12-09 05:53:00,1544334780.0,0.02987,0.02989,0.02985,0.02985,17205.2
2018-12-09 05:54:00,1544334840.0,0.02985,0.02986,0.02985,0.02986,4511.1
2018-12-09 05:55:00,1544334900.0,0.02986,0.02986,0.02982,0.02983,47877.9
2018-12-09 05:56:00,1544334960.0,0.02983,0.02985,0.02983,0.02983,22589.7
2018-12-09 05:57:00,1544335020.0,0.02984,0.02985,0.02982,0.02982,6103.5
2018-12-09 05:58:00,1544335080.0,0.02983,0.02986,0.02983,0.02983,11718.3
2018-12-09 05:59:00,1544335140.0,0.02986,0.02989,0.02983,0.02989,24572.6
2018-12-09 06:00:00,1544335200.0,0.0299,0.0299,0.02985,0.02988,71664.7
2018-12-09 06:01:00,1544335260.0,0.02987,0.02992,0.02986,0.02988,121910.1
2018-12-09 06:02:00,1544335320.0,0.02988,0.02992,0.02987,0.02992,41939.7
2018-12-09 06:03:00,1544335380.0,0.02992,0.02994,0.0299,0.02994,34898.1
2018-12-09 06:04:00,1544335440.0,0.02994,0.03001,0.02991,0.03001,78286.8
2018-12-09 06:05:00,1544335500.0,0.03001,0.03001,0.02994,0.02996,94719.2
2018-12-09 06:06:00,1544335560.0,0.02997,0.02999,0.02994,0.02999,26702.9
2018-12-09 06:07:00,1544335620.0,0.02999,0.03001,0.02996,0.02998,31823.9
2018-12-09 06:08:00,1544335680.0,0.02999,0.03001,0.02994,0.03,39939.8
2018-12-09 06:09:00,1544335740.0,0.03,0.03,0.02994,0.02999,107604.3
2018-12-09 06:10:00,1544335800.0,0.02999,0.03,0.02997,0.03,29037.9
2018-12-09 06:11:00,1544335860.0,0.03,0.03,0.02994,0.03,32752.1
2018-12-09 06:12:00,1544335920.0,0.03,0.03,0.02997,0.03,44453.1
2018-12-09 06:13:00,1544335980.0,0.03,0.03,0.02996,0.03,37338.2
2018-12-09 06:14:00,1544336040.0,0.02996,0.03002,0.02996,0.03001,27693.2
2018-12-09 06:15:00,1544336100.0,0.03001,0.03001,0.02991,0.02992,37315.9
2018-12-09 06:16:00,1544336160.0,0.02995,0.02996,0.02995,0.02995,7825.4
2018-12-09 06:17:00,1544336220.0,0.02996,0.02996,0.02993,0.02995,12818.2
2018-12-09 06:18:00,1544336280.0,0.02995,0.02995,0.02993,0.02995,12616.2
2018-12-09 06:19:00,1544336340.0,0.02997,0.02997,0.02993,0.02996,19972.8
2018-12-09 06:20:00,1544336400.0,0.02992,0.02997,0.02992,0.02997,14088.3
2018-12-09 06:21:00,1544336460.0,0.02993,0.02997,0.02993,0.02997,18872.7
2018-12-09 06:22:00,1544336520.0,0.02996,0.02997,0.02992,0.02997,15378.9
2018-12-09 06:23:00,1544336580.0,0.02995,0.02997,0.02992,0.02992,32422.4
2018-12-09 06:24:00,1544336640.0,0.02992,0.02993,0.02989,0.02993,58148.1
2018-12-09 06:25:00,1544336700.0,0.02988,0.02993,0.02987,0.02992,16855.8
2018-12-09 06:26:00,1544336760.0,0.02992,0.02992,0.02983,0.02983,49579.6
2018-12-09 06:27:00,1544336820.0,0.02989,0.0299,0.02984,0.02987,25842.6
2018-12-09 06:28:00,1544336880.0,0.02988,0.02988,0.02982,0.02984,97720.5
2018-12-09 06:29:00,1544336940.0,0.02985,0.02986,0.02976,0.02981,307116.7
2018-12-09 06:30:00,1544337000.0,0.02981,0.02981,0.02965,0.02965,58397.3
2018-12-09 06:31:00,1544337060.0,0.02963,0.02972,0.02956,0.0297,482177.0
2018-12-09 06:32:00,1544337120.0,0.02973,0.02987,0.02973,0.02987,105427.6
2018-12-09 06:33:00,1544337180.0,0.02986,0.03003,0.02986,0.03003,192115.7
2018-12-09 06:34:00,1544337240.0,0.02999,0.03005,0.02991,0.02991,184373.4
2018-12-09 06:35:00,1544337300.0,0.02993,0.03004,0.02993,0.03004,93749.0
2018-12-09 06:36:00,1544337360.0,0.02999,0.02999,0.02994,0.02994,10739.2
2018-12-09 06:37:00,1544337420.0,0.02994,0.02996,0.02994,0.02996,73613.6
2018-12-09 06:38:00,1544337480.0,0.02994,0.02994,0.02992,0.02994,23499.1
2018-12-09 06:39:00,1544337540.0,0.02992,0.02997,0.02992,0.02997,28262.5
2018-12-09 06:40:00,1544337600.0,0.03,0.03002,0.02999,0.03002,22522.7
2018-12-09 06:41:00,1544337660.0,0.03003,0.03009,0.03002,0.03002,88865.4
2018-12-09 06:42:00,1544337720.0,0.03003,0.03008,0.03003,0.03008,57599.0
2018-12-09 06:43:00,1544337780.0,0.03006,0.03009,0.03006,0.03008,43074.2
2018-12-09 06:44:00,1544337840.0,0.0301,0.0301,0.03003,0.03003,67369.4
2018-12-09 06:45:00,1544337900.0,0.03,0.03004,0.03,0.03004,48071.1
2018-12-09 06:46:00,1544337960.0,0.03001,0.03005,0.03,0.03,32671.8
2018-12-09 06:47:00,1544338020.0,0.03003,0.03008,0.03,0.03008,44678.6
2018-12-09 06:48:00,1544338080.0,0.03005,0.03007,0.03,0.03007,84090.3
2018-12-09 06:49:00,1544338140.0,0.03004,0.03009,0.03003,0.03007,26186.0
2018-12-09 06:50:00,1544338200.0,0.03003,0.03009,0.03,0.03009,93079.6
2018-12-09 06:51:00,1544338260.0,0.03008,0.03011,0.03001,0.03001,28409.2
2018-12-09 06:52:00,1544338320.0,0.03007,0.03009,0.03006,0.03006,25998.0
2018-12-09 06:53:00,1544338380.0,0.03005,0.03007,0.03005,0.03007,8322.4
2018-12-09 06:54:00,1544338440.0,0.03005,0.03007,0.03005,0.03007,17941.9
2018-12-09 06:55:00,1544338500.0,0.03006,0.03013,0.03006,0.03013,105453.9
2018-12-09 06:56:00,1544338560.0,0.03015,0.03016,0.03013,0.03013,26416.4
2018-12-09 06:57:00,1544338620.0,0.03013,0.03015,0.03009,0.03012,52510.6
2018-12-09 06:58:00,1544338680.0,0.03011,0.03011,0.0301,0.0301,5318.8
2018-12-09 06:59:00,1544338740.0,0.03011,0.03015,0.03008,0.03009,160361.0
2018-12-09 07:00:00,1544338800.0,0.03009,0.03011,0.03008,0.03008,111930.7
2018-12-09 07:01:00,1544338860.0,0.03008,0.03012,0.03008,0.03008,153975.3
2018-12-09 07:02:00,1544338920.0,0.03005,0.03015,0.03005,0.0301,49870.7
2018-12-09 07:03:00,1544338980.0,0.03009,0.03009,0.03004,0.03007,21084.4
2018-12-09 07:04:00,1544339040.0,0.0301,0.03011,0.03005,0.03005,60096.2
2018-12-09 07:05:00,1544339100.0,0.03004,0.03007,0.03004,0.03004,14215.2
2018-12-09 07:06:00,1544339160.0,0.03002,0.03003,0.03,0.03,129547.5
2018-12-09 07:07:00,1544339220.0,0.03,0.03,0.02996,0.02999,289106.5
2018-12-09 07:08:00,1544339280.0,0.03006,0.03006,0.03001,0.03001,35004.1
2018-12-09 07:09:00,1544339340.0,0.03005,0.03009,0.03004,0.03009,5662.2
2018-12-09 07:10:00,1544339400.0,0.03009,0.03009,0.03002,0.03002,21123.2
2018-12-09 07:11:00,1544339460.0,0.03002,0.03006,0.03002,0.03004,19743.4
2018-12-09 07:12:00,1544339520.0,0.03005,0.03008,0.03004,0.03004,41613.1
2018-12-09 07:13:00,1544339580.0,0.03004,0.03011,0.03004,0.03011,54266.7
2018-12-09 07:14:00,1544339640.0,0.03014,0.03014,0.03007,0.03007,31441.5
2018-12-09 07:15:00,1544339700.0,0.03005,0.03007,0.03004,0.03004,21237.2
2018-12-09 07:16:00,1544339760.0,0.03008,0.03008,0.03003,0.03003,31697.5
2018-12-09 07:17:00,1544339820.0,0.03004,0.03006,0.03004,0.03006,13284.3
2018-12-09 07:18:00,1544339880.0,0.03007,0.03012,0.03006,0.03006,14943.0
2018-12-09 07:19:00,1544339940.0,0.03007,0.03007,0.03004,0.03004,41232.9
2018-12-09 07:20:00,1544340000.0,0.03005,0.0301,0.03005,0.0301,21677.3
2018-12-09 07:21:00,1544340060.0,0.03006,0.03009,0.03004,0.03009,34441.1
2018-12-09 07:22:00,1544340120.0,0.03009,0.0301,0.03007,0.03007,48241.2
2018-12-09 07:23:00,1544340180.0,0.03008,0.03012,0.03007,0.03012,42012.9
2018-12-09 07:24:00,1544340240.0,0.03012,0.03014,0.03012,0.03014,33565.1
2018-12-09 07:25:00,1544340300.0,0.03012,0.03013,0.03012,0.03013,13912.4
2018-12-09 07:26:00,1544340360.0,0.03011,0.03016,0.03011,0.03016,52213.4
2018-12-09 07:27:00,1544340420.0,0.03018,0.03022,0.03018,0.03022,57218.6
2018-12-09 07:28:00,1544340480.0,0.03022,0.03022,0.0302,0.0302,22213.3
2018-12-09 07:29:00,1544340540.0,0.03023,0.03023,0.03022,0.03022,37203.1
2018-12-09 07:30:00,1544340600.0,0.0302,0.03022,0.0302,0.0302,35140.5
2018-12-09 07:31:00,1544340660.0,0.03021,0.03023,0.0302,0.0302,69852.9
2018-12-09 07:32:00,1544340720.0,0.03019,0.0302,0.03019,0.03019,112981.7
2018-12-09 07:33:00,1544340780.0,0.0302,0.03028,0.03019,0.03019,99879.1
2018-12-09 07:34:00,1544340840.0,0.03016,0.03025,0.03016,0.03017,29438.0
2018-12-09 07:35:00,1544340900.0,0.03018,0.03024,0.03017,0.03017,69203.5
2018-12-09 07:36:00,1544340960.0,0.03017,0.03017,0.03013,0.03013,57086.4
2018-12-09 07:37:00,1544341020.0,0.03012,0.03021,0.03012,0.03021,4760.6
2018-12-09 07:38:00,1544341080.0,0.03019,0.03024,0.03018,0.03023,18578.0
2018-12-09 07:39:00,1544341140.0,0.03019,0.0302,0.03019,0.03019,14121.3
2018-12-09 07:40:00,1544341200.0,0.03019,0.03023,0.03019,0.03019,16723.4
2018-12-09 07:41:00,1544341260.0,0.03021,0.03021,0.03021,0.03021,4919.6
2018-12-09 07:42:00,1544341320.0,0.03021,0.03025,0.03019,0.03025,95763.2
2018-12-09 07:43:00,1544341380.0,0.03025,0.03028,0.03025,0.03028,23913.0
2018-12-09 07:44:00,1544341440.0,0.03028,0.03028,0.03018,0.03018,184316.1
2018-12-09 07:45:00,1544341500.0,0.03018,0.03019,0.03015,0.03015,46933.5
2018-12-09 07:46:00,1544341560.0,0.03016,0.03019,0.03015,0.03019,97627.9
2018-12-09 07:47:00,1544341620.0,0.03016,0.03016,0.03012,0.03012,86563.1
2018-12-09 07:48:00,1544341680.0,0.03013,0.03013,0.03005,0.0301,141882.6
2018-12-09 07:49:00,1544341740.0,0.03011,0.03011,0.03007,0.03007,7042.0
2018-12-09 07:50:00,1544341800.0,0.03007,0.03007,0.03007,0.03007,17298.3
2018-12-09 07:51:00,1544341860.0,0.03007,0.0301,0.03006,0.0301,15224.9
2018-12-09 07:52:00,1544341920.0,0.03006,0.03012,0.03006,0.03007,69495.7
2018-12-09 07:53:00,1544341980.0,0.03007,0.03008,0.03004,0.03004,68061.2
2018-12-09 07:54:00,1544342040.0,0.03009,0.03011,0.03003,0.03003,25898.6
2018-12-09 07:55:00,1544342100.0,0.02997,0.02997,0.02996,0.02996,5028.4
2018-12-09 07:56:00,1544342160.0,0.02997,0.02998,0.02997,0.02998,13117.7
2018-12-09 07:57:00,1544342220.0,0.03004,0.03005,0.03003,0.03003,31165.2
2018-12-09 07:58:00,1544342280.0,0.03003,0.03003,0.03003,0.03003,11387.3
2018-12-09 07:59:00,1544342340.0,0.03004,0.03006,0.02999,0.03,118974.0
2018-12-09 08:00:00,1544342400.0,0.03,0.03006,0.02997,0.03004,75159.4
2018-12-09 08:01:00,1544342460.0,0.03003,0.03003,0.02999,0.03001,29886.9
2018-12-09 08:02:00,1544342520.0,0.03003,0.03008,0.03002,0.03008,63166.4
2018-12-09 08:03:00,1544342580.0,0.03004,0.03008,0.03004,0.03008,7744.8
2018-12-09 08:04:00,1544342640.0,0.03004,0.03004,0.03004,0.03004,15203.7
2018-12-09 08:05:00,1544342700.0,0.03004,0.03004,0.03004,0.03004,10187.7
2018-12-09 08:06:00,1544342760.0,0.03006,0.03008,0.03004,0.03008,43733.5
2018-12-09 08:07:00,1544342820.0,0.03008,0.03008,0.03005,0.03008,65662.1
2018-12-09 08:08:00,1544342880.0,0.03008,0.03008,0.02998,0.03004,110040.8
2018-12-09 08:09:00,1544342940.0,0.03002,0.03002,0.03,0.03,26746.6
2018-12-09 08:10:00,1544343000.0,0.03002,0.03003,0.03002,0.03002,22322.5
2018-12-09 08:11:00,1544343060.0,0.03003,0.03004,0.03003,0.03003,18816.2
2018-12-09 08:12:00,1544343120.0,0.03005,0.03006,0.03005,0.03006,43466.0
2018-12-09 08:13:00,1544343180.0,0.03005,0.03005,0.03005,0.03005,1458.6
2018-12-09 08:14:00,1544343240.0,0.03005,0.03008,0.03005,0.03005,32922.6
2018-12-09 08:15:00,1544343300.0,0.03008,0.03008,0.03005,0.03006,26174.3
2018-12-09 08:16:00,1544343360.0,0.03008,0.03012,0.03007,0.0301,43318.8
2018-12-09 08:17:00,1544343420.0,0.03008,0.03011,0.03008,0.03011,22235.8
2018-12-09 08:18:00,1544343480.0,0.03009,0.03011,0.03007,0.03011,41674.1
2018-12-09 08:19:00,1544343540.0,0.03007,0.03011,0.03007,0.03011,199512.4
2018-12-09 08:20:00,1544343600.0,0.03009,0.03011,0.03007,0.03011,31586.8
2018-12-09 08:21:00,1544343660.0,0.03011,0.03011,0.03009,0.03011,37778.9
2018-12-09 08:22:00,1544343720.0,0.03011,0.03011,0.03009,0.0301,35449.7
2018-12-09 08:23:00,1544343780.0,0.03009,0.0302,0.03009,0.03016,230144.1
2018-12-09 08:24:00,1544343840.0,0.03015,0.03015,0.03015,0.03015,5011.7
2018-12-09 08:25:00,1544343900.0,0.03015,0.03015,0.03012,0.03013,82961.0
2018-12-09 08:26:00,1544343960.0,0.03013,0.03013,0.03012,0.03012,22678.5
2018-12-09 08:27:00,1544344020.0,0.03012,0.03014,0.03011,0.03011,25156.8
2018-12-09 08:28:00,1544344080.0,0.03012,0.03016,0.03012,0.03015,15838.3
2018-12-09 08:29:00,1544344140.0,0.03015,0.03015,0.03015,0.03015,53898.2
2018-12-09 08:30:00,1544344200.0,0.03016,0.0302,0.03016,0.03016,66594.3
2018-12-09 08:31:00,1544344260.0,0.03015,0.03015,0.03013,0.03014,9991.0
2018-12-09 08:32:00,1544344320.0,0.03013,0.03014,0.03012,0.03013,112204.1
2018-12-09 08:33:00,1544344380.0,0.03012,0.03012,0.03008,0.03008,13185.1
2018-12-09 08:34:00,1544344440.0,0.0301,0.0301,0.03002,0.03002,42242.0
2018-12-09 08:35:00,1544344500.0,0.03,0.03,0.02999,0.02999,20431.8
2018-12-09 08:36:00,1544344560.0,0.03003,0.03004,0.03001,0.03002,35909.7
2018-12-09 08:37:00,1544344620.0,0.03,0.03,0.03,0.03,8317.0
2018-12-09 08:38:00,1544344680.0,0.03002,0.03002,0.03,0.03,18644.9
2018-12-09 08:39:00,1544344740.0,0.03001,0.03001,0.03001,0.03001,9990.0
2018-12-09 08:40:00,1544344800.0,0.03002,0.03006,0.03,0.03006,21108.6
2018-12-09 08:41:00,1544344860.0,0.03003,0.03003,0.02999,0.03,422094.4
2018-12-09 08:42:00,1544344920.0,0.02999,0.02999,0.02997,0.02997,188738.1
2018-12-09 08:43:00,1544344980.0,0.02997,0.03006,0.02993,0.03002,498948.0
2018-12-09 08:44:00,1544345040.0,0.03003,0.03007,0.03002,0.03007,28928.2
2018-12-09 08:45:00,1544345100.0,0.03007,0.03007,0.02997,0.03002,28800.1
2018-12-09 08:46:00,1544345160.0,0.02998,0.02998,0.02996,0.02997,10551.4
2018-12-09 08:47:00,1544345220.0,0.02998,0.02998,0.02991,0.02991,30377.8
2018-12-09 08:48:00,1544345280.0,0.02992,0.02997,0.0299,0.02993,46670.2
2018-12-09 08:49:00,1544345340.0,0.02993,0.02993,0.02981,0.02985,264255.8
2018-12-09 08:50:00,1544345400.0,0.02985,0.02996,0.02985,0.02993,154193.2
2018-12-09 08:51:00,1544345460.0,0.02997,0.02997,0.02993,0.02994,15397.1
2018-12-09 08:52:00,1544345520.0,0.02994,0.02994,0.02991,0.02991,15842.1
2018-12-09 08:53:00,1544345580.0,0.02993,0.02993,0.02993,0.02993,7313.3
2018-12-09 08:54:00,1544345640.0,0.02994,0.02995,0.02993,0.02995,16945.2
2018-12-09 08:55:00,1544345700.0,0.02995,0.02995,0.02995,0.02995,1708.4
2018-12-09 08:56:00,1544345760.0,0.02995,0.02996,0.02995,0.02996,34667.8
2018-12-09 08:57:00,1544345820.0,0.02995,0.03001,0.02995,0.03001,45772.8
2018-12-09 08:58:00,1544345880.0,0.03001,0.03001,0.02998,0.02998,13541.5
2018-12-09 08:59:00,1544345940.0,0.03004,0.03004,0.03001,0.03001,49642.7
2018-12-09 09:00:00,1544346000.0,0.03001,0.03005,0.03,0.03,52158.4
2018-12-09 09:01:00,1544346060.0,0.02999,0.03001,0.02998,0.03001,58113.2
2018-12-09 09:02:00,1544346120.0,0.03002,0.03003,0.03,0.03,35511.8
2018-12-09 09:03:00,1544346180.0,0.03003,0.0301,0.03003,0.03005,38041.2
2018-12-09 09:04:00,1544346240.0,0.03006,0.03009,0.03005,0.03008,58893.1
2018-12-09 09:05:00,1544346300.0,0.0301,0.03016,0.0301,0.03016,45938.5
2018-12-09 09:06:00,1544346360.0,0.03014,0.03014,0.03014,0.03014,8530.6
2018-12-09 09:07:00,1544346420.0,0.03018,0.03018,0.03008,0.03008,98713.3
2018-12-09 09:08:00,1544346480.0,0.03012,0.03014,0.03012,0.03014,23048.6
2018-12-09 09:09:00,1544346540.0,0.03013,0.03015,0.03013,0.03015,37044.2
2018-12-09 09:10:00,1544346600.0,0.03017,0.03018,0.03013,0.03018,8814.2
2018-12-09 09:11:00,1544346660.0,0.03014,0.03017,0.03014,0.03017,35643.3
2018-12-09 09:12:00,1544346720.0,0.03014,0.03018,0.03013,0.03018,13258.5
2018-12-09 09:13:00,1544346780.0,0.03017,0.03017,0.03016,0.03016,25470.0
2018-12-09 09:14:00,1544346840.0,0.03016,0.03016,0.03013,0.03013,13613.7
2018-12-09 09:15:00,1544346900.0,0.03016,0.03016,0.03014,0.03014,25133.6
2018-12-09 09:16:00,1544346960.0,0.03013,0.03014,0.03009,0.03011,64853.5
2018-12-09 09:17:00,1544347020.0,0.03012,0.03012,0.03012,0.03012,15316.8
2018-12-09 09:18:00,1544347080.0,0.03013,0.03015,0.03013,0.03014,21179.7
2018-12-09 09:19:00,1544347140.0,0.03012,0.03014,0.03012,0.03014,25287.8
2018-12-09 09:20:00,1544347200.0,0.03013,0.03014,0.03013,0.03013,20921.0
2018-12-09 09:21:00,1544347260.0,0.03012,0.03013,0.03011,0.03011,16539.2
2018-12-09 09:22:00,1544347320.0,0.03011,0.03013,0.03011,0.03013,18667.0
2018-12-09 09:23:00,1544347380.0,0.03012,0.03012,0.03011,0.03011,6830.1
2018-12-09 09:24:00,1544347440.0,0.0301,0.0301,0.03009,0.03009,29879.8
2018-12-09 09:25:00,1544347500.0,0.03009,0.0301,0.03009,0.0301,11149.0
2018-12-09 09:26:00,1544347560.0,0.03007,0.0301,0.03007,0.0301,37201.2
2018-12-09 09:27:00,1544347620.0,0.03008,0.0301,0.03008,0.0301,7468.6
2018-12-09 09:28:00,1544347680.0,0.03008,0.0301,0.03005,0.03006,17877.4
2018-12-09 09:29:00,1544347740.0,0.03006,0.03009,0.03006,0.03009,34615.2
2018-12-09 09:30:00,1544347800.0,0.0301,0.03015,0.0301,0.03015,23096.6
2018-12-09 09:31:00,1544347860.0,0.0301,0.03018,0.03003,0.03018,62841.7
2018-12-09 09:32:00,1544347920.0,0.03014,0.03014,0.03014,0.03014,13686.9
2018-12-09 09:33:00,1544347980.0,0.03015,0.03015,0.03013,0.03013,25735.1
2018-12-09 09:34:00,1544348040.0,0.03013,0.03015,0.03013,0.03015,20017.6
2018-12-09 09:35:00,1544348100.0,0.03013,0.03014,0.03013,0.03013,21328.7
2018-12-09 09:36:00,1544348160.0,0.03014,0.03014,0.03014,0.03014,10801.4
2018-12-09 09:37:00,1544348220.0,0.03013,0.03014,0.03012,0.03012,12409.3
2018-12-09 09:38:00,1544348280.0,0.03011,0.03013,0.0301,0.0301,14267.0
2018-12-09 09:39:00,1544348340.0,0.03008,0.03008,0.03007,0.03007,14406.1
2018-12-09 09:40:00,1544348400.0,0.0301,0.0301,0.03007,0.03007,22899.9
2018-12-09 09:41:00,1544348460.0,0.03006,0.03007,0.02999,0.02999,71730.1
2018-12-09 09:42:00,1544348520.0,0.03,0.03006,0.03,0.03006,77330.2
2018-12-09 09:43:00,1544348580.0,0.03005,0.03005,0.03002,0.03005,36838.7
2018-12-09 09:44:00,1544348640.0,0.03005,0.03013,0.03004,0.03013,725795.2
2018-12-09 09:45:00,1544348700.0,0.03012,0.03019,0.03012,0.03013,51857.6
2018-12-09 09:46:00,1544348760.0,0.03011,0.03011,0.03007,0.03007,39128.1
2018-12-09 09:47:00,1544348820.0,0.03011,0.03015,0.0301,0.03011,79597.7
2018-12-09 09:48:00,1544348880.0,0.0301,0.03014,0.0301,0.03013,28630.2
2018-12-09 09:49:00,1544348940.0,0.03013,0.03013,0.0301,0.0301,107120.5
2018-12-09 09:50:00,1544349000.0,0.0301,0.0301,0.03003,0.03005,36693.0
2018-12-09 09:51:00,1544349060.0,0.03004,0.03006,0.03004,0.03006,9228.8
2018-12-09 09:52:00,1544349120.0,0.03003,0.03003,0.03003,0.03003,5433.9
2018-12-09 09:53:00,1544349180.0,0.03002,0.03004,0.03002,0.03002,30521.0
2018-12-09 09:54:00,1544349240.0,0.03006,0.03006,0.03002,0.03002,14562.1
2018-12-09 09:55:00,1544349300.0,0.03002,0.03002,0.02999,0.02999,475207.9
2018-12-09 09:56:00,1544349360.0,0.02998,0.03002,0.02998,0.03001,29138.0
2018-12-09 09:57:00,1544349420.0,0.02999,0.02999,0.02999,0.02999,12458.1
2018-12-09 09:58:00,1544349480.0,0.02998,0.02998,0.0299,0.02991,106325.8
2018-12-09 09:59:00,1544349540.0,0.02991,0.02994,0.0299,0.0299,8383.3
2018-12-09 10:00:00,1544349600.0,0.02992,0.02992,0.02992,0.02992,21090.8
2018-12-09 10:01:00,1544349660.0,0.02994,0.02996,0.02992,0.02996,65919.0
2018-12-09 10:02:00,1544349720.0,0.02997,0.02997,0.02996,0.02996,9625.2
2018-12-09 10:03:00,1544349780.0,0.02996,0.02996,0.02993,0.02995,42167.4
2018-12-09 10:04:00,1544349840.0,0.02995,0.02995,0.02992,0.02993,25623.6
2018-12-09 10:05:00,1544349900.0,0.02992,0.02993,0.02989,0.02992,7784.9
2018-12-09 10:06:00,1544349960.0,0.0299,0.02991,0.0299,0.0299,9189.4
2018-12-09 10:07:00,1544350020.0,0.02991,0.02992,0.02988,0.02988,20417.6
2018-12-09 10:08:00,1544350080.0,0.02987,0.02989,0.02987,0.02989,20148.4
2018-12-09 10:09:00,1544350140.0,0.02989,0.02995,0.02988,0.02995,131253.8
2018-12-09 10:10:00,1544350200.0,0.02995,0.02996,0.02985,0.02985,60155.1
2018-12-09 10:11:00,1544350260.0,0.0299,0.02993,0.0299,0.02993,22357.1
2018-12-09 10:12:00,1544350320.0,0.02991,0.02993,0.02991,0.02991,32324.5
2018-12-09 10:13:00,1544350380.0,0.02992,0.02995,0.02992,0.02995,13373.2
2018-12-09 10:14:00,1544350440.0,0.02996,0.03,0.02995,0.02995,88057.7
2018-12-09 10:15:00,1544350500.0,0.03,0.03,0.02998,0.02999,13500.6
2018-12-09 10:16:00,1544350560.0,0.02997,0.02999,0.02997,0.02998,35728.6
2018-12-09 10:17:00,1544350620.0,0.02996,0.02999,0.02981,0.02989,337259.7
2018-12-09 10:18:00,1544350680.0,0.02981,0.02986,0.02965,0.02981,214845.2
2018-12-09 10:19:00,1544350740.0,0.02978,0.0298,0.02976,0.02976,188737.4
2018-12-09 10:20:00,1544350800.0,0.02975,0.02976,0.02974,0.02974,164152.1
2018-12-09 10:21:00,1544350860.0,0.02974,0.02975,0.02973,0.02975,29349.3
2018-12-09 10:22:00,1544350920.0,0.02973,0.02973,0.02973,0.02973,3482.3
2018-12-09 10:23:00,1544350980.0,0.02973,0.02981,0.02973,0.02981,10012.7
2018-12-09 10:24:00,1544351040.0,0.02979,0.02985,0.02973,0.02983,419445.9
2018-12-09 10:25:00,1544351100.0,0.02981,0.02981,0.02975,0.02976,18846.0
2018-12-09 10:26:00,1544351160.0,0.02973,0.02979,0.02973,0.02979,18114.7
2018-12-09 10:27:00,1544351220.0,0.02979,0.02979,0.02973,0.02976,31189.1
2018-12-09 10:28:00,1544351280.0,0.02977,0.02978,0.02977,0.02978,4560.7
2018-12-09 10:29:00,1544351340.0,0.02976,0.0298,0.02976,0.02978,189721.3
2018-12-09 10:30:00,1544351400.0,0.02976,0.02978,0.02976,0.02978,11041.0
2018-12-09 10:31:00,1544351460.0,0.02978,0.02978,0.02967,0.02976,54062.5
2018-12-09 10:32:00,1544351520.0,0.02975,0.02976,0.02975,0.02976,19619.4
2018-12-09 10:33:00,1544351580.0,0.02974,0.02974,0.02969,0.02973,41754.4
2018-12-09 10:34:00,1544351640.0,0.02973,0.02973,0.0297,0.0297,206789.8
2018-12-09 10:35:00,1544351700.0,0.0297,0.02976,0.0297,0.02976,1048428.7
2018-12-09 10:36:00,1544351760.0,0.02975,0.02976,0.02974,0.02976,29290.2
2018-12-09 10:37:00,1544351820.0,0.02975,0.02976,0.02974,0.02975,174039.0
2018-12-09 10:38:00,1544351880.0,0.02976,0.02976,0.02975,0.02976,30357.9
2018-12-09 10:39:00,1544351940.0,0.02976,0.02976,0.02976,0.02976,11301.4
2018-12-09 10:40:00,1544352000.0,0.02976,0.02976,0.02976,0.02976,103470.2
2018-12-09 10:41:00,1544352060.0,0.02976,0.02976,0.02973,0.02973,58948.0
2018-12-09 10:42:00,1544352120.0,0.02976,0.02976,0.02974,0.02976,56832.7
2018-12-09 10:43:00,1544352180.0,0.02976,0.02976,0.02974,0.02976,150104.1
2018-12-09 10:44:00,1544352240.0,0.02975,0.02976,0.02975,0.02976,35048.0
2018-12-09 10:45:00,1544352300.0,0.02972,0.02976,0.02972,0.02976,89477.8
2018-12-09 10:46:00,1544352360.0,0.02974,0.02975,0.02972,0.02975,88782.5
2018-12-09 10:47:00,1544352420.0,0.02973,0.02976,0.02973,0.02976,96541.5
2018-12-09 10:48:00,1544352480.0,0.02976,0.02976,0.02974,0.02974,48785.9
2018-12-09 10:49:00,1544352540.0,0.02976,0.02983,0.02976,0.02981,37846.1
2018-12-09 10:50:00,1544352600.0,0.0298,0.0298,0.02975,0.02975,18422.6
2018-12-09 10:51:00,1544352660.0,0.02974,0.02975,0.02974,0.02975,106682.5
2018-12-09 10:52:00,1544352720.0,0.02976,0.02977,0.02976,0.02977,26733.7
2018-12-09 10:53:00,1544352780.0,0.02976,0.02977,0.02975,0.02975,72422.7
2018-12-09 10:54:00,1544352840.0,0.02975,0.02975,0.02975,0.02975,23394.9
2018-12-09 10:55:00,1544352900.0,0.02978,0.02985,0.02977,0.02984,63698.8
2018-12-09 10:56:00,1544352960.0,0.02986,0.02986,0.0298,0.0298,55574.4
2018-12-09 10:57:00,1544353020.0,0.0298,0.02985,0.0298,0.02985,14068.9
2018-12-09 10:58:00,1544353080.0,0.02987,0.02987,0.02987,0.02987,401.3
2018-12-09 10:59:00,1544353140.0,0.02985,0.02988,0.02982,0.02982,42088.6
2018-12-09 11:00:00,1544353200.0,0.02983,0.02983,0.02981,0.02981,23471.3
2018-12-09 11:01:00,1544353260.0,0.0298,0.0298,0.0298,0.0298,39042.4
2018-12-09 11:02:00,1544353320.0,0.02979,0.02979,0.02979,0.02979,5000.0
2018-12-09 11:03:00,1544353380.0,0.02978,0.0298,0.02978,0.0298,11913.9
2018-12-09 11:04:00,1544353440.0,0.0298,0.02985,0.02972,0.02985,169796.9
2018-12-09 11:05:00,1544353500.0,0.02983,0.02985,0.02983,0.02985,7943.5
2018-12-09 11:06:00,1544353560.0,0.02986,0.02986,0.02986,0.02986,6411.7
2018-12-09 11:07:00,1544353620.0,0.0299,0.0299,0.02989,0.0299,18550.5
2018-12-09 11:08:00,1544353680.0,0.02991,0.02991,0.02989,0.02989,31648.3
2018-12-09 11:09:00,1544353740.0,0.02989,0.02992,0.02989,0.02992,68621.4
2018-12-09 11:10:00,1544353800.0,0.02991,0.02991,0.0299,0.0299,28907.5
2018-12-09 11:11:00,1544353860.0,0.02989,0.02991,0.02989,0.02991,16900.2
2018-12-09 11:12:00,1544353920.0,0.02991,0.02991,0.02986,0.02986,43578.3
2018-12-09 11:13:00,1544353980.0,0.02991,0.02991,0.02987,0.02988,17179.3
2018-12-09 11:14:00,1544354040.0,0.02989,0.02992,0.02988,0.02992,31338.3
2018-12-09 11:15:00,1544354100.0,0.0299,0.02991,0.02988,0.02988,23157.9
2018-12-09 11:16:00,1544354160.0,0.02987,0.02989,0.02985,0.02989,22946.6
2018-12-09 11:17:00,1544354220.0,0.02985,0.02988,0.02985,0.02988,32242.3
2018-12-09 11:18:00,1544354280.0,0.02987,0.02989,0.02987,0.02989,18304.3
2018-12-09 11:19:00,1544354340.0,0.02989,0.02989,0.02986,0.02988,8513.9
2018-12-09 11:20:00,1544354400.0,0.02985,0.02989,0.02985,0.02985,26877.4
2018-12-09 11:21:00,1544354460.0,0.02986,0.02989,0.02986,0.02989,24593.7
2018-12-09 11:22:00,1544354520.0,0.02987,0.02989,0.02987,0.02989,26164.4
2018-12-09 11:23:00,1544354580.0,0.0299,0.0299,0.02987,0.0299,26644.7
2018-12-09 11:24:00,1544354640.0,0.0299,0.0299,0.02988,0.0299,19158.4
2018-12-09 11:25:00,1544354700.0,0.02987,0.0299,0.02987,0.0299,21662.5
2018-12-09 11:26:00,1544354760.0,0.0299,0.0299,0.02989,0.0299,19367.8
2018-12-09 11:27:00,1544354820.0,0.02991,0.02996,0.02991,0.02996,26072.8
2018-12-09 11:28:00,1544354880.0,0.02996,0.02998,0.02988,0.02988,128205.6
2018-12-09 11:29:00,1544354940.0,0.02989,0.02991,0.02984,0.02987,79396.5
2018-12-09 11:30:00,1544355000.0,0.02988,0.02988,0.02985,0.02985,7047.1
2018-12-09 11:31:00,1544355060.0,0.02987,0.02989,0.0298,0.0298,88184.1
2018-12-09 11:32:00,1544355120.0,0.02978,0.0298,0.02978,0.02978,19157.9
2018-12-09 11:33:00,1544355180.0,0.0298,0.0298,0.02975,0.02975,35763.4
2018-12-09 11:34:00,1544355240.0,0.02973,0.02976,0.02962,0.02968,272929.9
2018-12-09 11:35:00,1544355300.0,0.02962,0.02976,0.02962,0.02973,406197.7
2018-12-09 11:36:00,1544355360.0,0.0297,0.02987,0.0297,0.02987,112870.6
2018-12-09 11:37:00,1544355420.0,0.02989,0.03002,0.02989,0.03002,67850.5
2018-12-09 11:38:00,1544355480.0,0.03004,0.03047,0.03004,0.03022,1001414.1
2018-12-09 11:39:00,1544355540.0,0.03023,0.0303,0.03012,0.03019,231143.8
2018-12-09 11:40:00,1544355600.0,0.03023,0.0304,0.03023,0.0303,158757.3
2018-12-09 11:41:00,1544355660.0,0.0303,0.0303,0.03022,0.03023,85615.4
2018-12-09 11:42:00,1544355720.0,0.03022,0.03024,0.03006,0.03006,156489.0
2018-12-09 11:43:00,1544355780.0,0.03009,0.03026,0.03008,0.03017,225169.2
2018-12-09 11:44:00,1544355840.0,0.03017,0.03022,0.03017,0.03019,53275.4
2018-12-09 11:45:00,1544355900.0,0.03018,0.0302,0.03016,0.03016,61863.8
2018-12-09 11:46:00,1544355960.0,0.03018,0.03018,0.0301,0.03014,67284.3
2018-12-09 11:47:00,1544356020.0,0.03011,0.03017,0.03001,0.03001,79017.7
2018-12-09 11:48:00,1544356080.0,0.03012,0.03013,0.03,0.03007,119257.1
2018-12-09 11:49:00,1544356140.0,0.03003,0.03011,0.03003,0.03011,40273.1
2018-12-09 11:50:00,1544356200.0,0.0301,0.0301,0.03007,0.03007,43212.7
2018-12-09 11:51:00,1544356260.0,0.0301,0.03013,0.03008,0.03008,57455.5
2018-12-09 11:52:00,1544356320.0,0.0301,0.03013,0.0301,0.03013,13566.3
2018-12-09 11:53:00,1544356380.0,0.03014,0.03015,0.03014,0.03015,102490.1
2018-12-09 11:54:00,1544356440.0,0.03012,0.03014,0.0301,0.0301,63851.5
2018-12-09 11:55:00,1544356500.0,0.03011,0.03011,0.03011,0.03011,18093.3
2018-12-09 11:56:00,1544356560.0,0.03009,0.03009,0.03009,0.03009,30259.1
2018-12-09 11:57:00,1544356620.0,0.0301,0.03021,0.0301,0.03021,501311.6
2018-12-09 11:58:00,1544356680.0,0.03018,0.03019,0.03015,0.03015,24685.2
2018-12-09 11:59:00,1544356740.0,0.03017,0.03019,0.03017,0.03017,22618.2
2018-12-09 12:00:00,1544356800.0,0.03015,0.03016,0.03008,0.03008,61814.9
2018-12-09 12:01:00,1544356860.0,0.03011,0.03016,0.03011,0.03015,64837.2
2018-12-09 12:02:00,1544356920.0,0.03017,0.03026,0.03011,0.03024,156546.5
2018-12-09 12:03:00,1544356980.0,0.03026,0.03027,0.03021,0.03023,259633.1
2018-12-09 12:04:00,1544357040.0,0.03028,0.0303,0.03024,0.0303,70592.6
2018-12-09 12:05:00,1544357100.0,0.03031,0.03031,0.03022,0.03024,75010.6
2018-12-09 12:06:00,1544357160.0,0.03027,0.03029,0.03023,0.03026,31352.9
2018-12-09 12:07:00,1544357220.0,0.03023,0.03026,0.03022,0.03022,21297.2
2018-12-09 12:08:00,1544357280.0,0.03023,0.03029,0.03022,0.03028,262553.7
2018-12-09 12:09:00,1544357340.0,0.03029,0.03029,0.03028,0.03028,77587.3
2018-12-09 12:10:00,1544357400.0,0.03029,0.03033,0.03028,0.03033,112284.3
2018-12-09 12:11:00,1544357460.0,0.03033,0.03034,0.03031,0.03031,59523.0
2018-12-09 12:12:00,1544357520.0,0.03032,0.03034,0.03031,0.03031,54501.6
2018-12-09 12:13:00,1544357580.0,0.0303,0.03036,0.03029,0.03033,46227.5
2018-12-09 12:14:00,1544357640.0,0.03033,0.03036,0.03033,0.03034,533489.8
2018-12-09 12:15:00,1544357700.0,0.03033,0.03034,0.0303,0.0303,222040.3
2018-12-09 12:16:00,1544357760.0,0.03028,0.03028,0.03024,0.03025,97392.6
2018-12-09 12:17:00,1544357820.0,0.03025,0.03028,0.03023,0.03028,18480.9
2018-12-09 12:18:00,1544357880.0,0.03028,0.03028,0.03021,0.03028,80336.3
2018-12-09 12:19:00,1544357940.0,0.03027,0.03027,0.03021,0.03021,160877.0
2018-12-09 12:20:00,1544358000.0,0.03021,0.03026,0.03018,0.03026,18187.0
2018-12-09 12:21:00,1544358060.0,0.03023,0.03023,0.03023,0.03023,13727.4
2018-12-09 12:22:00,1544358120.0,0.03026,0.0303,0.03024,0.03027,158105.6
2018-12-09 12:23:00,1544358180.0,0.03027,0.03027,0.03019,0.03019,36979.8
2018-12-09 12:24:00,1544358240.0,0.03024,0.03025,0.03022,0.03022,20211.0
2018-12-09 12:25:00,1544358300.0,0.03019,0.03019,0.03019,0.03019,12866.3
2018-12-09 12:26:00,1544358360.0,0.03021,0.03021,0.0302,0.0302,49822.1
2018-12-09 12:27:00,1544358420.0,0.0302,0.03028,0.03019,0.03028,55469.9
2018-12-09 12:28:00,1544358480.0,0.0302,0.03027,0.0302,0.03027,90069.7
2018-12-09 12:29:00,1544358540.0,0.0302,0.03025,0.0302,0.03025,37001.9
2018-12-09 12:30:00,1544358600.0,0.03021,0.03024,0.0302,0.03024,50996.8
2018-12-09 12:31:00,1544358660.0,0.03024,0.03024,0.03019,0.03019,7718.9
2018-12-09 12:32:00,1544358720.0,0.03019,0.03019,0.0301,0.0301,102667.2
2018-12-09 12:33:00,1544358780.0,0.03008,0.0301,0.03007,0.03007,139498.9
2018-12-09 12:34:00,1544358840.0,0.03007,0.03014,0.03007,0.03014,70293.8
2018-12-09 12:35:00,1544358900.0,0.03016,0.03016,0.03014,0.03014,5247.3
2018-12-09 12:36:00,1544358960.0,0.03017,0.03019,0.03016,0.03016,44404.3
2018-12-09 12:37:00,1544359020.0,0.03017,0.03018,0.03017,0.03018,32197.0
2018-12-09 12:38:00,1544359080.0,0.03015,0.03017,0.03014,0.03015,28059.9
2018-12-09 12:39:00,1544359140.0,0.03019,0.03021,0.03017,0.03017,29847.2
2018-12-09 12:40:00,1544359200.0,0.03017,0.03028,0.03015,0.03018,92721.5
2018-12-09 12:41:00,1544359260.0,0.0302,0.03025,0.03018,0.03018,40041.3
2018-12-09 12:42:00,1544359320.0,0.03018,0.03018,0.03015,0.03016,43550.8
2018-12-09 12:43:00,1544359380.0,0.03014,0.03014,0.03013,0.03013,6319.7
2018-12-09 12:44:00,1544359440.0,0.0301,0.03013,0.03006,0.03011,257259.9
2018-12-09 12:45:00,1544359500.0,0.03011,0.03013,0.03011,0.03013,75815.4
2018-12-09 12:46:00,1544359560.0,0.03012,0.03014,0.03008,0.03011,19505.1
2018-12-09 12:47:00,1544359620.0,0.03009,0.03009,0.03007,0.03007,40221.2
2018-12-09 12:48:00,1544359680.0,0.03006,0.03007,0.03006,0.03007,14518.3
2018-12-09 12:49:00,1544359740.0,0.03006,0.03006,0.03004,0.03005,22360.1
2018-12-09 12:50:00,1544359800.0,0.03005,0.03006,0.03005,0.03006,3082.5
2018-12-09 12:51:00,1544359860.0,0.03006,0.03007,0.03004,0.03007,24150.9
2018-12-09 12:52:00,1544359920.0,0.03008,0.03014,0.03008,0.03014,25394.1
2018-12-09 12:53:00,1544359980.0,0.03013,0.03016,0.03013,0.03016,13551.5
2018-12-09 12:54:00,1544360040.0,0.03011,0.03015,0.0301,0.03015,16823.0
2018-12-09 12:55:00,1544360100.0,0.03014,0.03014,0.03013,0.03013,5972.5
2018-12-09 12:56:00,1544360160.0,0.03011,0.03012,0.03006,0.0301,98703.8
2018-12-09 12:57:00,1544360220.0,0.03011,0.03011,0.03009,0.0301,44272.7
2018-12-09 12:58:00,1544360280.0,0.0301,0.0301,0.03007,0.03007,15988.4
2018-12-09 12:59:00,1544360340.0,0.03008,0.03008,0.03004,0.03004,31291.0
2018-12-09 13:00:00,1544360400.0,0.03006,0.03011,0.03005,0.03009,47582.3
2018-12-09 13:01:00,1544360460.0,0.0301,0.03017,0.0301,0.03017,77000.6
2018-12-09 13:02:00,1544360520.0,0.03013,0.03014,0.03005,0.03014,31076.0
2018-12-09 13:03:00,1544360580.0,0.03016,0.03023,0.03016,0.03023,128340.5
2018-12-09 13:04:00,1544360640.0,0.03022,0.03041,0.03014,0.03031,3308608.7
2018-12-09 13:05:00,1544360700.0,0.03028,0.03034,0.03027,0.0303,47551.3
2018-12-09 13:06:00,1544360760.0,0.03033,0.03034,0.03029,0.03029,40292.0
2018-12-09 13:07:00,1544360820.0,0.03031,0.03033,0.0303,0.0303,20144.5
2018-12-09 13:08:00,1544360880.0,0.03029,0.0303,0.0302,0.03028,127119.5
2018-12-09 13:09:00,1544360940.0,0.03028,0.03028,0.03028,0.03028,6626.4
2018-12-09 13:10:00,1544361000.0,0.03026,0.03027,0.03026,0.03026,64746.4
2018-12-09 13:11:00,1544361060.0,0.03024,0.03026,0.03024,0.03024,28777.4
2018-12-09 13:12:00,1544361120.0,0.03023,0.03023,0.03021,0.03021,19510.4
2018-12-09 13:13:00,1544361180.0,0.03021,0.03023,0.03021,0.03021,39731.7
2018-12-09 13:14:00,1544361240.0,0.03025,0.03025,0.03024,0.03024,3453.0
2018-12-09 13:15:00,1544361300.0,0.03026,0.03028,0.03022,0.03025,38088.7
2018-12-09 13:16:00,1544361360.0,0.03026,0.03027,0.03026,0.03026,26720.4
2018-12-09 13:17:00,1544361420.0,0.03025,0.03028,0.03025,0.03027,62596.1
2018-12-09 13:18:00,1544361480.0,0.03028,0.03038,0.03028,0.03038,97062.5
2018-12-09 13:19:00,1544361540.0,0.03034,0.03034,0.03032,0.03032,15222.1
2018-12-09 13:20:00,1544361600.0,0.03034,0.03034,0.0303,0.0303,8601.6
2018-12-09 13:21:00,1544361660.0,0.03031,0.03034,0.03031,0.03034,8928.5
2018-12-09 13:22:00,1544361720.0,0.03032,0.03037,0.03032,0.03037,28375.2
2018-12-09 13:23:00,1544361780.0,0.03035,0.03039,0.03034,0.03035,90162.9
2018-12-09 13:24:00,1544361840.0,0.03034,0.03034,0.03025,0.03025,101220.3
2018-12-09 13:25:00,1544361900.0,0.03025,0.03029,0.03023,0.03029,56236.6
2018-12-09 13:26:00,1544361960.0,0.03026,0.03027,0.03026,0.03027,29347.4
2018-12-09 13:27:00,1544362020.0,0.03026,0.03026,0.03025,0.03025,24272.3
2018-12-09 13:28:00,1544362080.0,0.03022,0.03024,0.03014,0.03016,182079.0
2018-12-09 13:29:00,1544362140.0,0.03016,0.0302,0.03008,0.03008,153432.4
2018-12-09 13:30:00,1544362200.0,0.03018,0.03019,0.03014,0.03015,19341.1
2018-12-09 13:31:00,1544362260.0,0.03015,0.0302,0.03015,0.03019,87135.3
2018-12-09 13:32:00,1544362320.0,0.03019,0.03019,0.03018,0.03018,8835.4
2018-12-09 13:33:00,1544362380.0,0.03017,0.03017,0.03015,0.03017,27979.5
2018-12-09 13:34:00,1544362440.0,0.03018,0.03018,0.03017,0.03018,11585.8
2018-12-09 13:35:00,1544362500.0,0.03019,0.03019,0.03016,0.03017,40250.4
2018-12-09 13:36:00,1544362560.0,0.03018,0.03018,0.03018,0.03018,2308.0
2018-12-09 13:37:00,1544362620.0,0.03018,0.03018,0.0301,0.03016,102631.4
2018-12-09 13:38:00,1544362680.0,0.03015,0.03019,0.0301,0.03018,67586.4
2018-12-09 13:39:00,1544362740.0,0.03018,0.0302,0.03018,0.0302,6002.3
2018-12-09 13:40:00,1544362800.0,0.0302,0.03028,0.03011,0.03026,202919.9
2018-12-09 13:41:00,1544362860.0,0.03026,0.03028,0.03013,0.03023,170847.6
2018-12-09 13:42:00,1544362920.0,0.03025,0.0304,0.03025,0.03037,261807.6
2018-12-09 13:43:00,1544362980.0,0.03042,0.03065,0.03041,0.03048,672224.8
2018-12-09 13:44:00,1544363040.0,0.03052,0.03061,0.03051,0.03061,82016.7
2018-12-09 13:45:00,1544363100.0,0.03058,0.03068,0.03047,0.03052,158883.7
2018-12-09 13:46:00,1544363160.0,0.03053,0.03073,0.03053,0.03065,381768.9
2018-12-09 13:47:00,1544363220.0,0.03065,0.03073,0.03061,0.03069,155063.8
2018-12-09 13:48:00,1544363280.0,0.03069,0.03087,0.03069,0.03072,148099.1
2018-12-09 13:49:00,1544363340.0,0.03079,0.03081,0.03072,0.0308,58081.6
2018-12-09 13:50:00,1544363400.0,0.03073,0.03077,0.03072,0.03077,82179.3
2018-12-09 13:51:00,1544363460.0,0.03072,0.03072,0.03065,0.03065,140439.1
2018-12-09 13:52:00,1544363520.0,0.03071,0.03078,0.03067,0.03078,81539.0
2018-12-09 13:53:00,1544363580.0,0.03078,0.03083,0.03066,0.03073,206576.0
2018-12-09 13:54:00,1544363640.0,0.03069,0.03074,0.03067,0.03067,174268.3
2018-12-09 13:55:00,1544363700.0,0.03066,0.03074,0.03061,0.03061,154451.3
2018-12-09 13:56:00,1544363760.0,0.03065,0.0307,0.03065,0.03065,57749.2
2018-12-09 13:57:00,1544363820.0,0.03067,0.03067,0.03058,0.03064,149615.7
2018-12-09 13:58:00,1544363880.0,0.03064,0.03075,0.03064,0.03075,146791.4
2018-12-09 13:59:00,1544363940.0,0.03076,0.03079,0.03064,0.03076,105192.4
2018-12-09 14:00:00,1544364000.0,0.03076,0.03091,0.03076,0.03091,176353.8
2018-12-09 14:01:00,1544364060.0,0.03089,0.031,0.03088,0.031,335352.5
2018-12-09 14:02:00,1544364120.0,0.03098,0.03109,0.03094,0.03109,376866.2
2018-12-09 14:03:00,1544364180.0,0.03108,0.03112,0.03102,0.03108,265765.9
2018-12-09 14:04:00,1544364240.0,0.03114,0.03132,0.03108,0.0313,409410.3
2018-12-09 14:05:00,1544364300.0,0.0313,0.0313,0.03117,0.03118,439706.6
2018-12-09 14:06:00,1544364360.0,0.03119,0.0312,0.0311,0.03116,928843.0
2018-12-09 14:07:00,1544364420.0,0.03116,0.03116,0.03111,0.03115,22602.8
2018-12-09 14:08:00,1544364480.0,0.03115,0.03122,0.03112,0.03112,51185.1
2018-12-09 14:09:00,1544364540.0,0.03114,0.03118,0.03106,0.03113,111311.4
2018-12-09 14:10:00,1544364600.0,0.03113,0.03119,0.03105,0.03119,188139.1
2018-12-09 14:11:00,1544364660.0,0.03119,0.03119,0.03107,0.03108,40514.2
2018-12-09 14:12:00,1544364720.0,0.03109,0.03112,0.03097,0.031,108685.5
2018-12-09 14:13:00,1544364780.0,0.031,0.031,0.0308,0.03089,326303.2
2018-12-09 14:14:00,1544364840.0,0.03089,0.03105,0.03084,0.03104,537636.0
2018-12-09 14:15:00,1544364900.0,0.03105,0.03108,0.03097,0.03097,173415.1
2018-12-09 14:16:00,1544364960.0,0.03097,0.03101,0.03095,0.03095,266775.4
2018-12-09 14:17:00,1544365020.0,0.03099,0.03101,0.03083,0.031,330248.1
2018-12-09 14:18:00,1544365080.0,0.03097,0.03104,0.03097,0.03104,154160.2
2018-12-09 14:19:00,1544365140.0,0.03112,0.03113,0.0311,0.03113,29961.0
2018-12-09 14:20:00,1544365200.0,0.03116,0.0313,0.03112,0.03123,290029.3
2018-12-09 14:21:00,1544365260.0,0.03126,0.0315,0.03126,0.03138,860152.7
2018-12-09 14:22:00,1544365320.0,0.03132,0.03138,0.03128,0.03135,187489.8
2018-12-09 14:23:00,1544365380.0,0.03135,0.03147,0.03131,0.03146,192091.9
2018-12-09 14:24:00,1544365440.0,0.03147,0.0315,0.0313,0.03133,658538.1
2018-12-09 14:25:00,1544365500.0,0.03135,0.03135,0.03112,0.03123,273100.4
2018-12-09 14:26:00,1544365560.0,0.03123,0.03123,0.03117,0.03123,233693.0
2018-12-09 14:27:00,1544365620.0,0.03123,0.03123,0.03117,0.0312,96780.1
2018-12-09 14:28:00,1544365680.0,0.03118,0.03118,0.03114,0.03117,54214.9
2018-12-09 14:29:00,1544365740.0,0.03114,0.03116,0.03113,0.03114,47043.7
2018-12-09 14:30:00,1544365800.0,0.03117,0.0312,0.03114,0.03119,46445.6
2018-12-09 14:31:00,1544365860.0,0.0312,0.03125,0.0312,0.03125,56262.2
2018-12-09 14:32:00,1544365920.0,0.03125,0.03128,0.03118,0.03118,87829.0
2018-12-09 14:33:00,1544365980.0,0.0312,0.03125,0.0312,0.03122,100628.2
2018-12-09 14:34:00,1544366040.0,0.03122,0.03127,0.0312,0.0312,109508.4
2018-12-09 14:35:00,1544366100.0,0.03122,0.03135,0.03122,0.03129,222412.7
2018-12-09 14:36:00,1544366160.0,0.0313,0.03134,0.03129,0.0313,78480.1
2018-12-09 14:37:00,1544366220.0,0.03129,0.0313,0.03128,0.03128,89926.5
2018-12-09 14:38:00,1544366280.0,0.03125,0.03127,0.03122,0.03125,288447.2
2018-12-09 14:39:00,1544366340.0,0.03126,0.03142,0.03125,0.0314,438460.8
2018-12-09 14:40:00,1544366400.0,0.03137,0.03141,0.03135,0.03139,157695.7
2018-12-09 14:41:00,1544366460.0,0.03131,0.03139,0.03125,0.03139,171498.2
2018-12-09 14:42:00,1544366520.0,0.03133,0.03138,0.03131,0.03132,30526.2
2018-12-09 14:43:00,1544366580.0,0.03133,0.03142,0.03133,0.03133,57646.8
2018-12-09 14:44:00,1544366640.0,0.03132,0.03132,0.03121,0.03127,71970.3
2018-12-09 14:45:00,1544366700.0,0.03121,0.03121,0.03113,0.03115,94015.6
2018-12-09 14:46:00,1544366760.0,0.03118,0.03118,0.03099,0.03099,176635.1
2018-12-09 14:47:00,1544366820.0,0.031,0.03105,0.031,0.031,45922.1
2018-12-09 14:48:00,1544366880.0,0.03102,0.03102,0.031,0.031,64129.5
2018-12-09 14:49:00,1544366940.0,0.03101,0.0311,0.031,0.03109,110391.4
2018-12-09 14:50:00,1544367000.0,0.03109,0.03109,0.03102,0.03103,53584.9
2018-12-09 14:51:00,1544367060.0,0.03103,0.03111,0.03102,0.03102,48612.1
2018-12-09 14:52:00,1544367120.0,0.03101,0.03103,0.031,0.031,253952.2
2018-12-09 14:53:00,1544367180.0,0.03102,0.03103,0.0309,0.0309,24131.4
2018-12-09 14:54:00,1544367240.0,0.03095,0.031,0.03089,0.0309,52393.4
2018-12-09 14:55:00,1544367300.0,0.0309,0.03094,0.03086,0.03093,227500.2
2018-12-09 14:56:00,1544367360.0,0.0309,0.03092,0.03084,0.03089,117987.6
2018-12-09 14:57:00,1544367420.0,0.03089,0.03091,0.0308,0.0308,111910.3
2018-12-09 14:58:00,1544367480.0,0.03081,0.03087,0.0308,0.03081,184349.9
2018-12-09 14:59:00,1544367540.0,0.03085,0.03095,0.03081,0.03091,208563.7
2018-12-09 15:00:00,1544367600.0,0.03097,0.03097,0.03085,0.03085,23042.8
2018-12-09 15:01:00,1544367660.0,0.0309,0.03096,0.03085,0.03096,188681.7
2018-12-09 15:02:00,1544367720.0,0.03098,0.03104,0.03097,0.03104,134519.8
2018-12-09 15:03:00,1544367780.0,0.03102,0.03103,0.03097,0.031,575251.8
2018-12-09 15:04:00,1544367840.0,0.03102,0.03102,0.03102,0.03102,17429.8
2018-12-09 15:05:00,1544367900.0,0.03102,0.03102,0.03091,0.03098,132687.9
2018-12-09 15:06:00,1544367960.0,0.03098,0.03107,0.03098,0.03107,497155.7
2018-12-09 15:07:00,1544368020.0,0.03105,0.03105,0.03103,0.03104,23672.7
2018-12-09 15:08:00,1544368080.0,0.03106,0.0311,0.03104,0.03108,82395.3
2018-12-09 15:09:00,1544368140.0,0.03109,0.03114,0.03108,0.03112,82745.9
2018-12-09 15:10:00,1544368200.0,0.03112,0.03112,0.03109,0.0311,12219.0
2018-12-09 15:11:00,1544368260.0,0.0311,0.03114,0.0311,0.03114,36574.3
2018-12-09 15:12:00,1544368320.0,0.03114,0.03114,0.03114,0.03114,0.0
2018-12-09 15:13:00,1544368380.0,0.03112,0.0312,0.03112,0.03113,26611.9
2018-12-09 15:14:00,1544368440.0,0.03114,0.03117,0.03109,0.03109,696579.2
2018-12-09 15:15:00,1544368500.0,0.03112,0.03112,0.03099,0.03101,160219.4
2018-12-09 15:16:00,1544368560.0,0.03103,0.03106,0.03103,0.03106,25239.5
2018-12-09 15:17:00,1544368620.0,0.03113,0.03114,0.03108,0.0311,40432.2
2018-12-09 15:18:00,1544368680.0,0.03109,0.03109,0.03093,0.03093,258276.3
2018-12-09 15:19:00,1544368740.0,0.03097,0.03099,0.03084,0.03093,32422.6
2018-12-09 15:20:00,1544368800.0,0.03091,0.03092,0.0308,0.0308,144877.3
2018-12-09 15:21:00,1544368860.0,0.03079,0.03084,0.03078,0.0308,115460.3
2018-12-09 15:22:00,1544368920.0,0.03086,0.03087,0.03083,0.03084,33285.6
2018-12-09 15:23:00,1544368980.0,0.03085,0.03087,0.03083,0.03087,40682.8
2018-12-09 15:24:00,1544369040.0,0.03087,0.03093,0.03087,0.03093,51174.1
2018-12-09 15:25:00,1544369100.0,0.03093,0.03095,0.03085,0.03085,102833.4
2018-12-09 15:26:00,1544369160.0,0.03092,0.03093,0.0308,0.0309,41682.1
2018-12-09 15:27:00,1544369220.0,0.0309,0.03095,0.0309,0.03091,74340.1
2018-12-09 15:28:00,1544369280.0,0.03091,0.03091,0.03091,0.03091,3842.1
2018-12-09 15:29:00,1544369340.0,0.03091,0.031,0.03091,0.03094,194771.7
2018-12-09 15:30:00,1544369400.0,0.03092,0.03094,0.03092,0.03094,32277.2
2018-12-09 15:31:00,1544369460.0,0.031,0.031,0.03096,0.031,56311.5
2018-12-09 15:32:00,1544369520.0,0.031,0.031,0.03096,0.031,55689.6
2018-12-09 15:33:00,1544369580.0,0.03095,0.03099,0.03092,0.03098,37628.7
2018-12-09 15:34:00,1544369640.0,0.03094,0.03097,0.03094,0.03097,42389.1
2018-12-09 15:35:00,1544369700.0,0.03096,0.031,0.03094,0.031,205824.1
2018-12-09 15:36:00,1544369760.0,0.03105,0.03105,0.03102,0.03105,101230.3
2018-12-09 15:37:00,1544369820.0,0.03106,0.0311,0.03101,0.03107,175119.2
2018-12-09 15:38:00,1544369880.0,0.0311,0.03113,0.03102,0.0311,70742.2
2018-12-09 15:39:00,1544369940.0,0.03109,0.03112,0.03102,0.03102,674427.7
2018-12-09 15:40:00,1544370000.0,0.03102,0.03103,0.03096,0.03101,48465.2
2018-12-09 15:41:00,1544370060.0,0.03101,0.03102,0.03096,0.03096,27861.3
2018-12-09 15:42:00,1544370120.0,0.03097,0.03105,0.03097,0.03102,18515.9
2018-12-09 15:43:00,1544370180.0,0.03105,0.0311,0.03105,0.0311,48866.8
2018-12-09 15:44:00,1544370240.0,0.03112,0.03122,0.03112,0.03122,375045.1
2018-12-09 15:45:00,1544370300.0,0.03126,0.03126,0.03117,0.03125,19721.1
2018-12-09 15:46:00,1544370360.0,0.03125,0.03126,0.03122,0.03123,66454.9
2018-12-09 15:47:00,1544370420.0,0.03123,0.03134,0.03123,0.03134,63580.8
2018-12-09 15:48:00,1544370480.0,0.03136,0.03148,0.03129,0.03129,177566.1
2018-12-09 15:49:00,1544370540.0,0.03129,0.03149,0.03129,0.03149,62363.9
2018-12-09 15:50:00,1544370600.0,0.03146,0.0315,0.03143,0.0315,63175.9
2018-12-09 15:51:00,1544370660.0,0.03147,0.03165,0.03143,0.0316,188549.8
2018-12-09 15:52:00,1544370720.0,0.0316,0.03167,0.03155,0.03166,231802.5
2018-12-09 15:53:00,1544370780.0,0.03166,0.03166,0.03146,0.03153,379449.4
2018-12-09 15:54:00,1544370840.0,0.03155,0.03158,0.03144,0.03158,95115.9
2018-12-09 15:55:00,1544370900.0,0.03151,0.03151,0.03143,0.03151,239602.1
2018-12-09 15:56:00,1544370960.0,0.0315,0.03159,0.0315,0.03151,320055.7
2018-12-09 15:57:00,1544371020.0,0.0315,0.03158,0.0315,0.03158,75607.9
2018-12-09 15:58:00,1544371080.0,0.03157,0.03166,0.03155,0.03161,296193.2
2018-12-09 15:59:00,1544371140.0,0.03165,0.03166,0.03156,0.03156,1858364.6
2018-12-09 16:00:00,1544371200.0,0.03156,0.03159,0.03151,0.03153,84938.2
2018-12-09 16:01:00,1544371260.0,0.03156,0.03161,0.03151,0.03151,233262.4
2018-12-09 16:02:00,1544371320.0,0.03147,0.03152,0.03134,0.03142,286780.4
2018-12-09 16:03:00,1544371380.0,0.03142,0.03144,0.03137,0.03138,145678.2
2018-12-09 16:04:00,1544371440.0,0.03138,0.03142,0.0313,0.0313,135025.9
2018-12-09 16:05:00,1544371500.0,0.03135,0.03139,0.0312,0.03128,338392.0
2018-12-09 16:06:00,1544371560.0,0.03128,0.03128,0.03116,0.03125,326470.0
2018-12-09 16:07:00,1544371620.0,0.03125,0.03131,0.03124,0.03131,294840.4
2018-12-09 16:08:00,1544371680.0,0.0313,0.0313,0.0312,0.03126,132966.8
2018-12-09 16:09:00,1544371740.0,0.0313,0.03131,0.03123,0.03128,52908.9
2018-12-09 16:10:00,1544371800.0,0.0313,0.0313,0.03129,0.03129,31071.2
2018-12-09 16:11:00,1544371860.0,0.03129,0.0313,0.03124,0.03129,106512.9
2018-12-09 16:12:00,1544371920.0,0.03129,0.03129,0.03127,0.03127,43779.8
2018-12-09 16:13:00,1544371980.0,0.03129,0.0313,0.03127,0.03127,58103.4
2018-12-09 16:14:00,1544372040.0,0.03128,0.03128,0.03122,0.03123,69935.2
2018-12-09 16:15:00,1544372100.0,0.03122,0.03125,0.03121,0.03124,30020.6
2018-12-09 16:16:00,1544372160.0,0.03121,0.03121,0.03113,0.0312,208470.6
2018-12-09 16:17:00,1544372220.0,0.0312,0.03126,0.03117,0.03126,155366.5
2018-12-09 16:18:00,1544372280.0,0.03125,0.03128,0.03121,0.03128,116169.3
2018-12-09 16:19:00,1544372340.0,0.0313,0.0314,0.0313,0.0314,597081.0
2018-12-09 16:20:00,1544372400.0,0.03133,0.03138,0.03132,0.03132,61450.7
2018-12-09 16:21:00,1544372460.0,0.03131,0.03131,0.03126,0.03126,3056.4
2018-12-09 16:22:00,1544372520.0,0.0313,0.03144,0.03126,0.03144,377203.4
2018-12-09 16:23:00,1544372580.0,0.03143,0.03152,0.03137,0.03152,234189.3
2018-12-09 16:24:00,1544372640.0,0.03152,0.03204,0.03141,0.03173,5016878.8
2018-12-09 16:25:00,1544372700.0,0.03172,0.03175,0.03161,0.03174,475041.1
2018-12-09 16:26:00,1544372760.0,0.03172,0.03174,0.03172,0.03173,40993.6
2018-12-09 16:27:00,1544372820.0,0.03172,0.03173,0.03153,0.03153,247955.2
2018-12-09 16:28:00,1544372880.0,0.03155,0.03165,0.03155,0.03156,302178.8
2018-12-09 16:29:00,1544372940.0,0.03161,0.03165,0.0316,0.0316,138106.1
2018-12-09 16:30:00,1544373000.0,0.03155,0.03156,0.03146,0.03146,830807.2
2018-12-09 16:31:00,1544373060.0,0.03151,0.03161,0.03151,0.0316,94462.5
2018-12-09 16:32:00,1544373120.0,0.03164,0.03173,0.03158,0.03168,74184.5
2018-12-09 16:33:00,1544373180.0,0.03169,0.03169,0.03158,0.03164,90791.7
2018-12-09 16:34:00,1544373240.0,0.03164,0.03164,0.03154,0.03161,90672.5
2018-12-09 16:35:00,1544373300.0,0.03159,0.0316,0.03153,0.0316,53818.1
2018-12-09 16:36:00,1544373360.0,0.0316,0.03161,0.03157,0.03158,267884.4
2018-12-09 16:37:00,1544373420.0,0.03161,0.03162,0.03158,0.03162,62141.2
2018-12-09 16:38:00,1544373480.0,0.03162,0.03176,0.03162,0.0317,421860.0
2018-12-09 16:39:00,1544373540.0,0.03169,0.03171,0.03169,0.03171,92330.8
2018-12-09 16:40:00,1544373600.0,0.03171,0.03177,0.03167,0.03177,90084.3
2018-12-09 16:41:00,1544373660.0,0.03168,0.03175,0.03168,0.03172,32660.9
2018-12-09 16:42:00,1544373720.0,0.03169,0.03169,0.03161,0.03165,256906.3
2018-12-09 16:43:00,1544373780.0,0.03163,0.03166,0.03162,0.03166,41910.2
2018-12-09 16:44:00,1544373840.0,0.03167,0.03172,0.03166,0.03172,30856.0
2018-12-09 16:45:00,1544373900.0,0.03171,0.03171,0.03166,0.03166,78178.9
2018-12-09 16:46:00,1544373960.0,0.03169,0.03169,0.03167,0.03167,10158.2
2018-12-09 16:47:00,1544374020.0,0.0317,0.03171,0.03164,0.03164,98742.0
2018-12-09 16:48:00,1544374080.0,0.03163,0.03167,0.03163,0.03167,35635.7
2018-12-09 16:49:00,1544374140.0,0.03167,0.03168,0.03167,0.03168,17463.0
2018-12-09 16:50:00,1544374200.0,0.03168,0.03176,0.03163,0.03163,99975.6
2018-12-09 16:51:00,1544374260.0,0.03175,0.03176,0.03169,0.03173,85978.0
2018-12-09 16:52:00,1544374320.0,0.03173,0.03173,0.0317,0.03172,44667.5
2018-12-09 16:53:00,1544374380.0,0.0317,0.03177,0.03161,0.03167,144517.5
2018-12-09 16:54:00,1544374440.0,0.03167,0.03167,0.0316,0.03164,47155.9
2018-12-09 16:55:00,1544374500.0,0.03161,0.03161,0.03149,0.03149,352350.8
2018-12-09 16:56:00,1544374560.0,0.03161,0.03169,0.03152,0.03169,119563.9
2018-12-09 16:57:00,1544374620.0,0.0317,0.03173,0.03162,0.03173,137230.6
2018-12-09 16:58:00,1544374680.0,0.03169,0.03198,0.03168,0.03198,174366.4
2018-12-09 16:59:00,1544374740.0,0.03198,0.03199,0.03188,0.03188,448168.0
2018-12-09 17:00:00,1544374800.0,0.03176,0.0319,0.03176,0.03189,77311.0
2018-12-09 17:01:00,1544374860.0,0.0319,0.0319,0.03185,0.03187,76405.5
2018-12-09 17:02:00,1544374920.0,0.03189,0.03198,0.03178,0.03197,215230.0
2018-12-09 17:03:00,1544374980.0,0.03199,0.03215,0.03198,0.03205,672119.2
2018-12-09 17:04:00,1544375040.0,0.03208,0.03212,0.0319,0.03194,124621.3
2018-12-09 17:05:00,1544375100.0,0.03194,0.03227,0.03192,0.03207,430723.1
2018-12-09 17:06:00,1544375160.0,0.03216,0.03232,0.03208,0.0323,246699.9
2018-12-09 17:07:00,1544375220.0,0.0323,0.03233,0.03208,0.03208,514837.4
2018-12-09 17:08:00,1544375280.0,0.03221,0.0323,0.03204,0.0322,461048.8
2018-12-09 17:09:00,1544375340.0,0.03222,0.03235,0.0322,0.03227,261369.4
2018-12-09 17:10:00,1544375400.0,0.03226,0.0323,0.03222,0.03222,127820.2
2018-12-09 17:11:00,1544375460.0,0.0322,0.0322,0.03206,0.03217,121246.8
2018-12-09 17:12:00,1544375520.0,0.03219,0.03222,0.03213,0.03215,93826.8
2018-12-09 17:13:00,1544375580.0,0.03215,0.03218,0.03207,0.03207,149694.0
2018-12-09 17:14:00,1544375640.0,0.03209,0.03216,0.03207,0.03213,76727.8
2018-12-09 17:15:00,1544375700.0,0.03217,0.03225,0.03212,0.03219,130584.1
2018-12-09 17:16:00,1544375760.0,0.03214,0.03222,0.03212,0.03216,153167.1
2018-12-09 17:17:00,1544375820.0,0.03219,0.03231,0.03216,0.03228,454408.0
2018-12-09 17:18:00,1544375880.0,0.03234,0.03241,0.0323,0.03235,575512.3
2018-12-09 17:19:00,1544375940.0,0.0323,0.03242,0.03225,0.03228,306966.3
2018-12-09 17:20:00,1544376000.0,0.03229,0.03234,0.03227,0.0323,109564.0
2018-12-09 17:21:00,1544376060.0,0.03229,0.0323,0.03216,0.03227,146748.2
2018-12-09 17:22:00,1544376120.0,0.03224,0.03226,0.03189,0.03211,913336.4
2018-12-09 17:23:00,1544376180.0,0.03206,0.03216,0.03201,0.03212,261896.5
2018-12-09 17:24:00,1544376240.0,0.03211,0.03213,0.03193,0.03201,606160.8
2018-12-09 17:25:00,1544376300.0,0.03201,0.03201,0.03194,0.03195,98432.4
2018-12-09 17:26:00,1544376360.0,0.03198,0.03199,0.03195,0.03198,242134.5
2018-12-09 17:27:00,1544376420.0,0.03199,0.032,0.03184,0.03193,408903.7
2018-12-09 17:28:00,1544376480.0,0.03194,0.03194,0.03175,0.03178,252876.7
2018-12-09 17:29:00,1544376540.0,0.03172,0.03178,0.0316,0.03174,653506.3
2018-12-09 17:30:00,1544376600.0,0.03172,0.0318,0.0317,0.0318,92777.1
2018-12-09 17:31:00,1544376660.0,0.0318,0.0318,0.03164,0.03164,156365.4
2018-12-09 17:32:00,1544376720.0,0.03164,0.03168,0.03145,0.03156,433457.5
2018-12-09 17:33:00,1544376780.0,0.03156,0.03209,0.0314,0.03154,1816924.3
2018-12-09 17:34:00,1544376840.0,0.03154,0.03163,0.03153,0.03153,118976.6
2018-12-09 17:35:00,1544376900.0,0.0316,0.03161,0.03154,0.03154,343885.0
2018-12-09 17:36:00,1544376960.0,0.03157,0.03161,0.03148,0.03148,300614.3
2018-12-09 17:37:00,1544377020.0,0.03149,0.03154,0.03148,0.03152,269093.5
2018-12-09 17:38:00,1544377080.0,0.03153,0.03153,0.03149,0.03151,83467.1
2018-12-09 17:39:00,1544377140.0,0.03151,0.03154,0.03151,0.03154,672258.3
2018-12-09 17:40:00,1544377200.0,0.03154,0.03165,0.03154,0.03164,173957.9
2018-12-09 17:41:00,1544377260.0,0.03164,0.03164,0.03161,0.03162,22685.9
2018-12-09 17:42:00,1544377320.0,0.03161,0.03161,0.0316,0.0316,48302.9
2018-12-09 17:43:00,1544377380.0,0.0316,0.03163,0.03157,0.03163,269869.5
2018-12-09 17:44:00,1544377440.0,0.0317,0.0317,0.03166,0.03168,91798.5
2018-12-09 17:45:00,1544377500.0,0.03172,0.03173,0.03165,0.03165,504881.0
2018-12-09 17:46:00,1544377560.0,0.0316,0.0316,0.03156,0.0316,22806.1
2018-12-09 17:47:00,1544377620.0,0.03161,0.03161,0.03159,0.0316,37685.6
2018-12-09 17:48:00,1544377680.0,0.03159,0.03159,0.03158,0.03159,3148.2
2018-12-09 17:49:00,1544377740.0,0.0316,0.03164,0.0316,0.03163,177725.6
2018-12-09 17:50:00,1544377800.0,0.03159,0.03163,0.03157,0.03159,41187.9
2018-12-09 17:51:00,1544377860.0,0.03157,0.03157,0.03152,0.03156,62963.8
2018-12-09 17:52:00,1544377920.0,0.03156,0.03156,0.0314,0.03145,204158.8
2018-12-09 17:53:00,1544377980.0,0.03145,0.03147,0.03136,0.0314,292065.7
2018-12-09 17:54:00,1544378040.0,0.03139,0.03139,0.03124,0.03137,425710.1
2018-12-09 17:55:00,1544378100.0,0.03138,0.03148,0.03135,0.03148,148978.5
2018-12-09 17:56:00,1544378160.0,0.03146,0.03146,0.03138,0.03138,91671.4
2018-12-09 17:57:00,1544378220.0,0.03137,0.0314,0.03133,0.03133,85324.9
2018-12-09 17:58:00,1544378280.0,0.03133,0.03133,0.0312,0.03126,266354.1
2018-12-09 17:59:00,1544378340.0,0.03122,0.03122,0.03112,0.03115,1093548.5
2018-12-09 18:00:00,1544378400.0,0.0312,0.03144,0.03115,0.03144,391960.2
2018-12-09 18:01:00,1544378460.0,0.03142,0.03146,0.03137,0.03146,89435.7
2018-12-09 18:02:00,1544378520.0,0.03146,0.03146,0.03138,0.03138,101498.9
2018-12-09 18:03:00,1544378580.0,0.03141,0.03141,0.03136,0.03138,51774.4
2018-12-09 18:04:00,1544378640.0,0.03137,0.0314,0.03136,0.0314,119944.1
2018-12-09 18:05:00,1544378700.0,0.03138,0.03143,0.03138,0.03143,42608.7
2018-12-09 18:06:00,1544378760.0,0.03139,0.03156,0.03139,0.03156,130558.7
2018-12-09 18:07:00,1544378820.0,0.03155,0.03162,0.03155,0.03158,162021.7
2018-12-09 18:08:00,1544378880.0,0.0316,0.03164,0.03154,0.03154,101072.4
2018-12-09 18:09:00,1544378940.0,0.03156,0.03161,0.03154,0.03161,14061.0
2018-12-09 18:10:00,1544379000.0,0.03159,0.03163,0.03151,0.03156,63891.4
2018-12-09 18:11:00,1544379060.0,0.03156,0.03168,0.03154,0.03159,75382.2
2018-12-09 18:12:00,1544379120.0,0.03158,0.0316,0.03152,0.03152,188669.7
2018-12-09 18:13:00,1544379180.0,0.03154,0.03154,0.0315,0.03153,67162.0
2018-12-09 18:14:00,1544379240.0,0.03149,0.03152,0.03147,0.03148,54532.1
2018-12-09 18:15:00,1544379300.0,0.03148,0.03153,0.03148,0.03151,90802.4
2018-12-09 18:16:00,1544379360.0,0.03151,0.03151,0.03151,0.03151,0.0
2018-12-09 18:17:00,1544379420.0,0.03156,0.03167,0.03156,0.03167,99014.8
2018-12-09 18:18:00,1544379480.0,0.03167,0.0317,0.03164,0.03165,136510.3
2018-12-09 18:19:00,1544379540.0,0.03162,0.03162,0.0315,0.03159,60401.4
2018-12-09 18:20:00,1544379600.0,0.03155,0.03155,0.03155,0.03155,24804.0
2018-12-09 18:21:00,1544379660.0,0.03153,0.03154,0.03149,0.03154,40232.1
2018-12-09 18:22:00,1544379720.0,0.03155,0.03159,0.03155,0.03159,10856.2
2018-12-09 18:23:00,1544379780.0,0.03159,0.03164,0.03159,0.03161,15633.0
2018-12-09 18:24:00,1544379840.0,0.0316,0.03162,0.0316,0.03161,36433.9
2018-12-09 18:25:00,1544379900.0,0.03161,0.0317,0.0316,0.0317,355595.4
2018-12-09 18:26:00,1544379960.0,0.03168,0.03186,0.03168,0.03186,134395.5
2018-12-09 18:27:00,1544380020.0,0.03185,0.03186,0.03176,0.0318,200676.3
2018-12-09 18:28:00,1544380080.0,0.03178,0.0318,0.03173,0.0318,93177.1
2018-12-09 18:29:00,1544380140.0,0.03177,0.03179,0.03177,0.03179,31524.1
2018-12-09 18:30:00,1544380200.0,0.0318,0.0318,0.03179,0.0318,75121.9
2018-12-09 18:31:00,1544380260.0,0.03184,0.03189,0.03184,0.03184,27807.8
2018-12-09 18:32:00,1544380320.0,0.03183,0.03185,0.03183,0.03184,63340.3
2018-12-09 18:33:00,1544380380.0,0.03184,0.03185,0.03183,0.03183,36550.6
2018-12-09 18:34:00,1544380440.0,0.03185,0.03191,0.03185,0.03188,82352.6
2018-12-09 18:35:00,1544380500.0,0.03191,0.032,0.03176,0.03176,509417.9
2018-12-09 18:36:00,1544380560.0,0.03173,0.03174,0.03167,0.03171,112812.1
2018-12-09 18:37:00,1544380620.0,0.03171,0.03176,0.03168,0.03171,52078.8
2018-12-09 18:38:00,1544380680.0,0.03172,0.03172,0.03171,0.03171,184534.6
2018-12-09 18:39:00,1544380740.0,0.03169,0.0317,0.0316,0.0317,77928.0
2018-12-09 18:40:00,1544380800.0,0.0317,0.03173,0.03169,0.03173,52087.5
2018-12-09 18:41:00,1544380860.0,0.03171,0.03174,0.03167,0.03174,93438.5
2018-12-09 18:42:00,1544380920.0,0.03178,0.03181,0.03175,0.03178,253412.4
2018-12-09 18:43:00,1544380980.0,0.03175,0.03178,0.03175,0.03178,184324.5
2018-12-09 18:44:00,1544381040.0,0.03176,0.03176,0.03172,0.03172,24199.1
2018-12-09 18:45:00,1544381100.0,0.03172,0.03173,0.03171,0.03171,11426.7
2018-12-09 18:46:00,1544381160.0,0.03172,0.03173,0.03156,0.03167,86267.0
2018-12-09 18:47:00,1544381220.0,0.03168,0.0317,0.03166,0.0317,57069.6
2018-12-09 18:48:00,1544381280.0,0.03167,0.03176,0.03167,0.03176,11946.3
2018-12-09 18:49:00,1544381340.0,0.03169,0.03169,0.03166,0.03166,23253.8
2018-12-09 18:50:00,1544381400.0,0.03166,0.0317,0.03166,0.0317,15490.9
2018-12-09 18:51:00,1544381460.0,0.03169,0.03173,0.03169,0.03171,19145.0
2018-12-09 18:52:00,1544381520.0,0.03172,0.03175,0.03171,0.03171,18171.0
2018-12-09 18:53:00,1544381580.0,0.03171,0.03174,0.03171,0.03172,53712.0
2018-12-09 18:54:00,1544381640.0,0.03171,0.03173,0.03169,0.0317,37462.8
2018-12-09 18:55:00,1544381700.0,0.03173,0.03173,0.03172,0.03172,31162.6
2018-12-09 18:56:00,1544381760.0,0.03172,0.03177,0.03172,0.03177,49288.4
2018-12-09 18:57:00,1544381820.0,0.03178,0.03178,0.03173,0.03173,18405.4
2018-12-09 18:58:00,1544381880.0,0.03174,0.03174,0.03173,0.03173,20926.2
2018-12-09 18:59:00,1544381940.0,0.03175,0.03176,0.03173,0.03176,43408.1
2018-12-09 19:00:00,1544382000.0,0.03176,0.03193,0.03174,0.03193,246273.2
2018-12-09 19:01:00,1544382060.0,0.03189,0.03193,0.03184,0.03186,68567.6
2018-12-09 19:02:00,1544382120.0,0.03189,0.03197,0.03188,0.03191,97439.1
2018-12-09 19:03:00,1544382180.0,0.03193,0.03195,0.03192,0.03195,19323.3
2018-12-09 19:04:00,1544382240.0,0.03198,0.03199,0.0319,0.0319,56508.1
2018-12-09 19:05:00,1544382300.0,0.0319,0.03191,0.03187,0.03188,151077.5
2018-12-09 19:06:00,1544382360.0,0.03188,0.03188,0.03184,0.03184,15679.8
2018-12-09 19:07:00,1544382420.0,0.03187,0.03187,0.03187,0.03187,1917.8
2018-12-09 19:08:00,1544382480.0,0.03185,0.03185,0.03184,0.03185,32912.1
2018-12-09 19:09:00,1544382540.0,0.03184,0.03187,0.03183,0.03185,94668.5
2018-12-09 19:10:00,1544382600.0,0.03184,0.03184,0.03178,0.03178,85388.5
2018-12-09 19:11:00,1544382660.0,0.03178,0.03183,0.03178,0.03183,16117.7
2018-12-09 19:12:00,1544382720.0,0.0318,0.03185,0.0318,0.03185,205495.3
2018-12-09 19:13:00,1544382780.0,0.03185,0.03185,0.03183,0.03185,26575.6
2018-12-09 19:14:00,1544382840.0,0.03182,0.03185,0.03179,0.0318,36428.1
2018-12-09 19:15:00,1544382900.0,0.0318,0.03183,0.03179,0.03183,17092.2
2018-12-09 19:16:00,1544382960.0,0.03181,0.03181,0.03176,0.03177,101056.9
2018-12-09 19:17:00,1544383020.0,0.03174,0.03179,0.03171,0.03176,67560.0
2018-12-09 19:18:00,1544383080.0,0.03176,0.03177,0.03175,0.03175,31540.0
2018-12-09 19:19:00,1544383140.0,0.03176,0.03176,0.03173,0.03173,8580.6
2018-12-09 19:20:00,1544383200.0,0.03176,0.03176,0.03168,0.03174,142798.8
2018-12-09 19:21:00,1544383260.0,0.0317,0.03175,0.03168,0.03175,109574.5
2018-12-09 19:22:00,1544383320.0,0.03167,0.03174,0.0316,0.03163,86917.3
2018-12-09 19:23:00,1544383380.0,0.03162,0.03162,0.03159,0.03162,98582.6
2018-12-09 19:24:00,1544383440.0,0.0316,0.03161,0.03159,0.0316,18045.6
2018-12-09 19:25:00,1544383500.0,0.03159,0.0317,0.03159,0.03169,87154.3
2018-12-09 19:26:00,1544383560.0,0.03165,0.03167,0.03162,0.03163,32372.0
2018-12-09 19:27:00,1544383620.0,0.03162,0.03166,0.03157,0.03157,67224.0
2018-12-09 19:28:00,1544383680.0,0.03157,0.03157,0.03154,0.03154,41671.1
2018-12-09 19:29:00,1544383740.0,0.03153,0.03154,0.03146,0.03149,377537.6
2018-12-09 19:30:00,1544383800.0,0.03147,0.03154,0.03143,0.03154,275681.4
2018-12-09 19:31:00,1544383860.0,0.03154,0.03156,0.03149,0.03156,64611.9
2018-12-09 19:32:00,1544383920.0,0.03152,0.03154,0.03147,0.03154,80476.8
2018-12-09 19:33:00,1544383980.0,0.03152,0.0318,0.03152,0.03166,382914.4
2018-12-09 19:34:00,1544384040.0,0.03171,0.03177,0.03169,0.03169,71527.9
2018-12-09 19:35:00,1544384100.0,0.03169,0.03172,0.03167,0.03172,129179.3
2018-12-09 19:36:00,1544384160.0,0.03167,0.03172,0.03166,0.03168,29041.7
2018-12-09 19:37:00,1544384220.0,0.03168,0.03172,0.03167,0.0317,66275.4
2018-12-09 19:38:00,1544384280.0,0.0317,0.03171,0.03167,0.03171,18277.1
2018-12-09 19:39:00,1544384340.0,0.03166,0.03171,0.03163,0.0317,25511.1
2018-12-09 19:40:00,1544384400.0,0.0317,0.03171,0.03167,0.03171,29334.3
2018-12-09 19:41:00,1544384460.0,0.03167,0.03167,0.03166,0.03166,2829.3
2018-12-09 19:42:00,1544384520.0,0.03167,0.03173,0.03167,0.03173,95124.7
2018-12-09 19:43:00,1544384580.0,0.03174,0.03178,0.03171,0.03175,30428.1
2018-12-09 19:44:00,1544384640.0,0.03175,0.03176,0.03171,0.03172,31553.4
2018-12-09 19:45:00,1544384700.0,0.03174,0.03174,0.03153,0.03168,227373.2
2018-12-09 19:46:00,1544384760.0,0.03171,0.03171,0.03156,0.03156,84157.2
2018-12-09 19:47:00,1544384820.0,0.03161,0.03162,0.03159,0.0316,10508.4
2018-12-09 19:48:00,1544384880.0,0.0316,0.03169,0.0316,0.03169,51370.0
2018-12-09 19:49:00,1544384940.0,0.03169,0.03179,0.03165,0.03179,132389.4
2018-12-09 19:50:00,1544385000.0,0.03175,0.03178,0.03174,0.03178,31083.8
2018-12-09 19:51:00,1544385060.0,0.03178,0.03183,0.03178,0.0318,61371.5
2018-12-09 19:52:00,1544385120.0,0.03178,0.03181,0.03178,0.03181,10967.4
2018-12-09 19:53:00,1544385180.0,0.03179,0.03182,0.03173,0.0318,156190.9
2018-12-09 19:54:00,1544385240.0,0.03173,0.03178,0.03173,0.03177,24354.5
2018-12-09 19:55:00,1544385300.0,0.03176,0.03178,0.03174,0.03178,36331.3
2018-12-09 19:56:00,1544385360.0,0.03177,0.03191,0.03174,0.03182,370773.1
2018-12-09 19:57:00,1544385420.0,0.0318,0.03189,0.03178,0.03186,32209.9
2018-12-09 19:58:00,1544385480.0,0.03191,0.03207,0.03184,0.03191,169184.5
2018-12-09 19:59:00,1544385540.0,0.03189,0.03189,0.03181,0.03181,35906.9
2018-12-09 20:00:00,1544385600.0,0.03184,0.03184,0.03179,0.0318,52139.3
2018-12-09 20:01:00,1544385660.0,0.03182,0.03182,0.03179,0.03181,17624.9
2018-12-09 20:02:00,1544385720.0,0.03179,0.03186,0.03179,0.03186,4588.2
2018-12-09 20:03:00,1544385780.0,0.03192,0.03192,0.0319,0.03192,23961.8
2018-12-09 20:04:00,1544385840.0,0.03189,0.03193,0.03189,0.03192,62773.7
2018-12-09 20:05:00,1544385900.0,0.03189,0.03192,0.03187,0.0319,27617.1
2018-12-09 20:06:00,1544385960.0,0.03185,0.03185,0.03178,0.03182,39161.2
2018-12-09 20:07:00,1544386020.0,0.03184,0.03184,0.03176,0.03184,47091.9
2018-12-09 20:08:00,1544386080.0,0.03182,0.03182,0.03179,0.03181,12612.6
2018-12-09 20:09:00,1544386140.0,0.03179,0.03181,0.03179,0.0318,19486.8
2018-12-09 20:10:00,1544386200.0,0.03181,0.03181,0.0318,0.0318,32607.5
2018-12-09 20:11:00,1544386260.0,0.0318,0.03183,0.0318,0.03183,58992.0
2018-12-09 20:12:00,1544386320.0,0.03183,0.03183,0.03182,0.03182,15502.7
2018-12-09 20:13:00,1544386380.0,0.03186,0.03189,0.03181,0.03189,66269.2
2018-12-09 20:14:00,1544386440.0,0.03185,0.03189,0.03178,0.03189,58374.9
2018-12-09 20:15:00,1544386500.0,0.03185,0.03189,0.03182,0.03186,66900.7
2018-12-09 20:16:00,1544386560.0,0.03188,0.03188,0.03184,0.03188,55117.0
2018-12-09 20:17:00,1544386620.0,0.03186,0.03188,0.03181,0.03188,53902.2
2018-12-09 20:18:00,1544386680.0,0.03188,0.03189,0.03185,0.03188,45365.9
2018-12-09 20:19:00,1544386740.0,0.03189,0.03196,0.03189,0.03196,48238.1
2018-12-09 20:20:00,1544386800.0,0.03193,0.03194,0.03191,0.03193,25110.9
2018-12-09 20:21:00,1544386860.0,0.03192,0.03195,0.0319,0.03194,29098.8
2018-12-09 20:22:00,1544386920.0,0.03195,0.03199,0.03194,0.03199,155090.2
2018-12-09 20:23:00,1544386980.0,0.03198,0.03209,0.03198,0.03202,144363.6
2018-12-09 20:24:00,1544387040.0,0.03204,0.03208,0.03204,0.03204,18932.8
2018-12-09 20:25:00,1544387100.0,0.03204,0.03204,0.03193,0.03193,187162.9
2018-12-09 20:26:00,1544387160.0,0.03189,0.03195,0.03189,0.03193,53195.2
2018-12-09 20:27:00,1544387220.0,0.03193,0.03196,0.03193,0.03193,25365.1
2018-12-09 20:28:00,1544387280.0,0.03193,0.03195,0.03192,0.03194,25267.2
2018-12-09 20:29:00,1544387340.0,0.03191,0.03191,0.03185,0.03191,161631.4
2018-12-09 20:30:00,1544387400.0,0.03191,0.03191,0.03185,0.03185,34729.5
2018-12-09 20:31:00,1544387460.0,0.03189,0.0319,0.03185,0.03185,10342.0
2018-12-09 20:32:00,1544387520.0,0.03186,0.0319,0.0318,0.03188,82849.1
2018-12-09 20:33:00,1544387580.0,0.03188,0.03189,0.03188,0.03188,18649.2
2018-12-09 20:34:00,1544387640.0,0.03187,0.03187,0.03179,0.03179,55888.6
2018-12-09 20:35:00,1544387700.0,0.03176,0.0318,0.03175,0.03177,110333.4
2018-12-09 20:36:00,1544387760.0,0.03176,0.03181,0.03176,0.03181,27674.4
2018-12-09 20:37:00,1544387820.0,0.03177,0.03188,0.03173,0.03184,222037.4
2018-12-09 20:38:00,1544387880.0,0.03184,0.03187,0.03183,0.03183,121659.8
2018-12-09 20:39:00,1544387940.0,0.03187,0.0319,0.0317,0.0319,203544.3
2018-12-09 20:40:00,1544388000.0,0.03191,0.03191,0.03186,0.03187,36955.6
2018-12-09 20:41:00,1544388060.0,0.03189,0.03189,0.03186,0.03186,61859.3
2018-12-09 20:42:00,1544388120.0,0.03187,0.0319,0.03187,0.03188,21908.8
2018-12-09 20:43:00,1544388180.0,0.03188,0.03189,0.03187,0.03189,11026.7
2018-12-09 20:44:00,1544388240.0,0.0319,0.0319,0.03185,0.03185,34701.8
2018-12-09 20:45:00,1544388300.0,0.03187,0.03189,0.03186,0.03186,15152.2
2018-12-09 20:46:00,1544388360.0,0.03186,0.0319,0.03186,0.0319,11895.6
2018-12-09 20:47:00,1544388420.0,0.0319,0.0319,0.03186,0.0319,15699.8
2018-12-09 20:48:00,1544388480.0,0.0319,0.0319,0.03183,0.03189,10623.3
2018-12-09 20:49:00,1544388540.0,0.03182,0.03182,0.03179,0.03179,136981.3
2018-12-09 20:50:00,1544388600.0,0.03184,0.0319,0.03184,0.0319,24099.6
2018-12-09 20:51:00,1544388660.0,0.03187,0.0319,0.03186,0.03186,25373.8
2018-12-09 20:52:00,1544388720.0,0.0319,0.03191,0.03187,0.03191,81402.3
2018-12-09 20:53:00,1544388780.0,0.03189,0.03191,0.03187,0.0319,43202.1
2018-12-09 20:54:00,1544388840.0,0.0319,0.0319,0.03188,0.03188,8330.1
2018-12-09 20:55:00,1544388900.0,0.03188,0.03192,0.03188,0.03192,4379.4
2018-12-09 20:56:00,1544388960.0,0.03192,0.03205,0.03192,0.03201,514175.6
2018-12-09 20:57:00,1544389020.0,0.032,0.03202,0.032,0.03202,11564.1
2018-12-09 20:58:00,1544389080.0,0.032,0.032,0.03198,0.03199,131265.0
2018-12-09 20:59:00,1544389140.0,0.03196,0.03199,0.03191,0.03198,343683.1
2018-12-09 21:00:00,1544389200.0,0.03193,0.03202,0.03193,0.03202,384148.2
2018-12-09 21:01:00,1544389260.0,0.03201,0.03205,0.03198,0.03202,531595.7
2018-12-09 21:02:00,1544389320.0,0.03198,0.03204,0.03195,0.03195,59735.6
2018-12-09 21:03:00,1544389380.0,0.03199,0.032,0.03196,0.03196,69551.0
2018-12-09 21:04:00,1544389440.0,0.03196,0.03199,0.03196,0.03196,24599.4
2018-12-09 21:05:00,1544389500.0,0.03196,0.03209,0.03191,0.03198,236906.1
2018-12-09 21:06:00,1544389560.0,0.03197,0.032,0.03196,0.03197,43365.7
2018-12-09 21:07:00,1544389620.0,0.03198,0.03199,0.03198,0.03198,3917.2
2018-12-09 21:08:00,1544389680.0,0.03198,0.03202,0.03192,0.03197,63042.5
2018-12-09 21:09:00,1544389740.0,0.03193,0.03195,0.03193,0.03195,3660.1
2018-12-09 21:10:00,1544389800.0,0.03195,0.03196,0.03192,0.03196,42698.8
2018-12-09 21:11:00,1544389860.0,0.03193,0.03196,0.03193,0.03194,13444.4
2018-12-09 21:12:00,1544389920.0,0.03197,0.03203,0.03197,0.032,13361.4
2018-12-09 21:13:00,1544389980.0,0.03199,0.03199,0.03198,0.03199,15442.7
2018-12-09 21:14:00,1544390040.0,0.032,0.032,0.03192,0.032,116215.9
2018-12-09 21:15:00,1544390100.0,0.03198,0.03198,0.03195,0.03198,17675.8
2018-12-09 21:16:00,1544390160.0,0.03199,0.03206,0.03199,0.03206,107098.3
2018-12-09 21:17:00,1544390220.0,0.03206,0.03234,0.03198,0.03211,421172.7
2018-12-09 21:18:00,1544390280.0,0.03208,0.03221,0.03208,0.03209,208097.2
2018-12-09 21:19:00,1544390340.0,0.03209,0.03214,0.03209,0.03212,10583.9
2018-12-09 21:20:00,1544390400.0,0.03209,0.03211,0.03208,0.03208,35015.7
2018-12-09 21:21:00,1544390460.0,0.0321,0.0321,0.0321,0.0321,4177.4
2018-12-09 21:22:00,1544390520.0,0.0321,0.0321,0.03196,0.03199,123600.8
2018-12-09 21:23:00,1544390580.0,0.03193,0.032,0.03193,0.03198,41100.1
2018-12-09 21:24:00,1544390640.0,0.03195,0.03198,0.03184,0.03186,309028.9
2018-12-09 21:25:00,1544390700.0,0.03184,0.03186,0.03181,0.03181,43332.2
2018-12-09 21:26:00,1544390760.0,0.03183,0.03185,0.03183,0.03185,25643.1
2018-12-09 21:27:00,1544390820.0,0.03185,0.03185,0.03184,0.03184,6159.6
2018-12-09 21:28:00,1544390880.0,0.03181,0.03181,0.03167,0.03178,151727.8
2018-12-09 21:29:00,1544390940.0,0.03174,0.0318,0.03174,0.03179,67928.9
2018-12-09 21:30:00,1544391000.0,0.03177,0.03183,0.03173,0.03183,25178.9
2018-12-09 21:31:00,1544391060.0,0.03186,0.03187,0.03184,0.03186,27926.1
2018-12-09 21:32:00,1544391120.0,0.03185,0.03185,0.0318,0.0318,56250.5
2018-12-09 21:33:00,1544391180.0,0.03178,0.03185,0.03178,0.03178,88432.7
2018-12-09 21:34:00,1544391240.0,0.03179,0.03179,0.03178,0.03178,1779.4
2018-12-09 21:35:00,1544391300.0,0.03177,0.03195,0.03176,0.03191,66709.0
2018-12-09 21:36:00,1544391360.0,0.03197,0.03197,0.03193,0.03197,18629.5
2018-12-09 21:37:00,1544391420.0,0.03193,0.03196,0.03191,0.03196,38531.1
2018-12-09 21:38:00,1544391480.0,0.03192,0.03194,0.03185,0.03185,28150.0
2018-12-09 21:39:00,1544391540.0,0.03184,0.03184,0.03179,0.0318,17011.4
2018-12-09 21:40:00,1544391600.0,0.03176,0.0318,0.03173,0.03173,109226.0
2018-12-09 21:41:00,1544391660.0,0.03174,0.03177,0.03174,0.03177,40358.5
2018-12-09 21:42:00,1544391720.0,0.03175,0.03176,0.03171,0.03172,115584.5
2018-12-09 21:43:00,1544391780.0,0.03172,0.03172,0.03166,0.03166,27388.9
2018-12-09 21:44:00,1544391840.0,0.03169,0.03169,0.03165,0.03165,17378.0
2018-12-09 21:45:00,1544391900.0,0.03169,0.0317,0.03163,0.03165,59917.9
2018-12-09 21:46:00,1544391960.0,0.03165,0.03165,0.03137,0.03153,1356833.1
2018-12-09 21:47:00,1544392020.0,0.03153,0.03154,0.03144,0.03148,29241.7
2018-12-09 21:48:00,1544392080.0,0.03151,0.03158,0.03144,0.03153,92252.1
2018-12-09 21:49:00,1544392140.0,0.03151,0.03158,0.0315,0.03154,315040.3
2018-12-09 21:50:00,1544392200.0,0.03154,0.0316,0.03145,0.03157,115784.6
2018-12-09 21:51:00,1544392260.0,0.03157,0.03159,0.0315,0.0315,130826.8
2018-12-09 21:52:00,1544392320.0,0.03153,0.03154,0.0315,0.03153,30294.1
2018-12-09 21:53:00,1544392380.0,0.03148,0.03148,0.03133,0.03134,178091.5
2018-12-09 21:54:00,1544392440.0,0.03134,0.03136,0.03123,0.03131,420098.8
2018-12-09 21:55:00,1544392500.0,0.03124,0.03133,0.03123,0.03132,116017.1
2018-12-09 21:56:00,1544392560.0,0.03132,0.03132,0.03128,0.0313,80572.7
2018-12-09 21:57:00,1544392620.0,0.0313,0.0313,0.03123,0.03123,54886.4
2018-12-09 21:58:00,1544392680.0,0.03124,0.03125,0.03123,0.03124,296673.8
2018-12-09 21:59:00,1544392740.0,0.03123,0.03129,0.03122,0.03125,94513.2
2018-12-09 22:00:00,1544392800.0,0.03123,0.03123,0.0311,0.03113,986658.1
2018-12-09 22:01:00,1544392860.0,0.03113,0.03117,0.03091,0.031,770799.1
2018-12-09 22:02:00,1544392920.0,0.031,0.031,0.03085,0.031,537037.6
2018-12-09 22:03:00,1544392980.0,0.03099,0.03105,0.03096,0.03105,218433.3
2018-12-09 22:04:00,1544393040.0,0.03102,0.03109,0.03101,0.03109,241280.0
2018-12-09 22:05:00,1544393100.0,0.03111,0.03117,0.03111,0.03114,73138.9
2018-12-09 22:06:00,1544393160.0,0.03114,0.03124,0.03114,0.0312,41652.5
2018-12-09 22:07:00,1544393220.0,0.03122,0.03123,0.03114,0.03114,113507.4
2018-12-09 22:08:00,1544393280.0,0.03115,0.0312,0.03114,0.03116,106179.1
2018-12-09 22:09:00,1544393340.0,0.03117,0.03119,0.03116,0.03117,110617.1
2018-12-09 22:10:00,1544393400.0,0.03116,0.03116,0.03109,0.03109,51665.9
2018-12-09 22:11:00,1544393460.0,0.03107,0.03109,0.03098,0.03102,90810.1
2018-12-09 22:12:00,1544393520.0,0.03101,0.03102,0.03098,0.03101,34841.4
2018-12-09 22:13:00,1544393580.0,0.03103,0.03106,0.03098,0.03103,53111.2
2018-12-09 22:14:00,1544393640.0,0.03104,0.03105,0.03101,0.03101,23524.1
2018-12-09 22:15:00,1544393700.0,0.03102,0.03103,0.03101,0.03101,35182.0
2018-12-09 22:16:00,1544393760.0,0.03101,0.03102,0.03101,0.03102,118351.2
2018-12-09 22:17:00,1544393820.0,0.03101,0.03104,0.03091,0.03102,103061.3
2018-12-09 22:18:00,1544393880.0,0.03099,0.03106,0.03097,0.03106,22742.8
2018-12-09 22:19:00,1544393940.0,0.03111,0.03156,0.03111,0.03156,204711.8
2018-12-09 22:20:00,1544394000.0,0.03142,0.03142,0.03132,0.03132,46260.7
2018-12-09 22:21:00,1544394060.0,0.03134,0.03134,0.03129,0.03131,64380.8
2018-12-09 22:22:00,1544394120.0,0.03131,0.03138,0.03131,0.03135,77111.3
2018-12-09 22:23:00,1544394180.0,0.03139,0.03141,0.03137,0.03138,25229.1
2018-12-09 22:24:00,1544394240.0,0.03137,0.03137,0.03136,0.03136,34744.7
2018-12-09 22:25:00,1544394300.0,0.03135,0.03136,0.03131,0.03135,34884.7
2018-12-09 22:26:00,1544394360.0,0.03135,0.03135,0.03135,0.03135,0.0
2018-12-09 22:27:00,1544394420.0,0.03135,0.03136,0.03135,0.03135,30665.6
2018-12-09 22:28:00,1544394480.0,0.03134,0.03137,0.03131,0.03137,63750.0
2018-12-09 22:29:00,1544394540.0,0.03138,0.03138,0.03137,0.03138,47330.9
2018-12-09 22:30:00,1544394600.0,0.03139,0.03145,0.03137,0.03142,263595.7
2018-12-09 22:31:00,1544394660.0,0.03141,0.03144,0.03141,0.03144,12892.9
2018-12-09 22:32:00,1544394720.0,0.03143,0.03153,0.03143,0.03147,81913.6
2018-12-09 22:33:00,1544394780.0,0.03147,0.0315,0.03147,0.03147,10269.0
2018-12-09 22:34:00,1544394840.0,0.03152,0.03152,0.03148,0.03148,17520.1
2018-12-09 22:35:00,1544394900.0,0.0315,0.03158,0.03146,0.03158,60856.3
2018-12-09 22:36:00,1544394960.0,0.03157,0.03159,0.03151,0.03154,68756.2
2018-12-09 22:37:00,1544395020.0,0.03154,0.03154,0.03143,0.03143,100418.1
2018-12-09 22:38:00,1544395080.0,0.03141,0.03141,0.0313,0.0313,58777.9
2018-12-09 22:39:00,1544395140.0,0.03133,0.03133,0.0313,0.0313,99675.2
2018-12-09 22:40:00,1544395200.0,0.03133,0.03133,0.03133,0.03133,6635.9
2018-12-09 22:41:00,1544395260.0,0.03131,0.03139,0.0313,0.03139,95550.4
2018-12-09 22:42:00,1544395320.0,0.03139,0.03142,0.03137,0.03137,68289.0
2018-12-09 22:43:00,1544395380.0,0.03141,0.03144,0.03138,0.03141,83861.1
2018-12-09 22:44:00,1544395440.0,0.03137,0.03137,0.03137,0.03137,3308.5
2018-12-09 22:45:00,1544395500.0,0.03136,0.03137,0.03134,0.03134,9393.7
2018-12-09 22:46:00,1544395560.0,0.03137,0.03137,0.03132,0.03132,62298.2
2018-12-09 22:47:00,1544395620.0,0.03132,0.03135,0.03132,0.03135,18580.9
2018-12-09 22:48:00,1544395680.0,0.03133,0.03135,0.03132,0.03134,28391.2
2018-12-09 22:49:00,1544395740.0,0.03131,0.03134,0.03118,0.03122,180651.2
2018-12-09 22:50:00,1544395800.0,0.03123,0.03126,0.03119,0.03119,29811.5
2018-12-09 22:51:00,1544395860.0,0.03122,0.03123,0.0312,0.0312,31369.8
2018-12-09 22:52:00,1544395920.0,0.03121,0.03121,0.03119,0.03121,115180.0
2018-12-09 22:53:00,1544395980.0,0.0312,0.0312,0.03111,0.03111,16537.5
2018-12-09 22:54:00,1544396040.0,0.03106,0.03106,0.03103,0.03106,84067.2
2018-12-09 22:55:00,1544396100.0,0.03102,0.03106,0.031,0.03106,111354.1
2018-12-09 22:56:00,1544396160.0,0.03105,0.03109,0.03101,0.03105,25098.0
2018-12-09 22:57:00,1544396220.0,0.03108,0.03117,0.03107,0.03107,37874.9
2018-12-09 22:58:00,1544396280.0,0.03106,0.03106,0.03101,0.03101,140092.6
2018-12-09 22:59:00,1544396340.0,0.03101,0.03106,0.03101,0.03106,49140.0
2018-12-09 23:00:00,1544396400.0,0.03106,0.03106,0.03102,0.03102,27096.5
2018-12-09 23:01:00,1544396460.0,0.03102,0.03124,0.03102,0.03124,133994.6
2018-12-09 23:02:00,1544396520.0,0.03119,0.03125,0.03119,0.03123,19681.0
2018-12-09 23:03:00,1544396580.0,0.03125,0.03127,0.03123,0.03126,32605.1
2018-12-09 23:04:00,1544396640.0,0.03126,0.0313,0.03126,0.03126,9636.4
2018-12-09 23:05:00,1544396700.0,0.03126,0.03127,0.03121,0.03121,18921.5
2018-12-09 23:06:00,1544396760.0,0.03122,0.03123,0.03118,0.03123,26718.3
2018-12-09 23:07:00,1544396820.0,0.0312,0.03122,0.03117,0.03117,18537.0
2018-12-09 23:08:00,1544396880.0,0.03117,0.0312,0.03111,0.03114,32124.5
2018-12-09 23:09:00,1544396940.0,0.03114,0.03124,0.03113,0.03119,42633.8
2018-12-09 23:10:00,1544397000.0,0.03118,0.03122,0.03114,0.03115,16694.3
2018-12-09 23:11:00,1544397060.0,0.0312,0.0312,0.03113,0.03113,38759.5
2018-12-09 23:12:00,1544397120.0,0.03112,0.03113,0.03111,0.03113,11696.1
2018-12-09 23:13:00,1544397180.0,0.03111,0.03116,0.03111,0.03116,11031.3
2018-12-09 23:14:00,1544397240.0,0.03114,0.03121,0.03112,0.03121,27266.2
2018-12-09 23:15:00,1544397300.0,0.03116,0.03121,0.03112,0.03121,39686.9
2018-12-09 23:16:00,1544397360.0,0.03118,0.03121,0.03113,0.03115,353475.0
2018-12-09 23:17:00,1544397420.0,0.03115,0.03115,0.03111,0.03111,17378.7
2018-12-09 23:18:00,1544397480.0,0.03111,0.03119,0.03111,0.03115,24688.2
2018-12-09 23:19:00,1544397540.0,0.03114,0.03121,0.03114,0.03115,58953.0
2018-12-09 23:20:00,1544397600.0,0.03116,0.03119,0.03114,0.03115,38862.7
2018-12-09 23:21:00,1544397660.0,0.03114,0.0312,0.03114,0.03116,21336.6
2018-12-09 23:22:00,1544397720.0,0.03116,0.03129,0.03115,0.03121,29127.5
2018-12-09 23:23:00,1544397780.0,0.03121,0.03123,0.03121,0.03121,14110.6
2018-12-09 23:24:00,1544397840.0,0.03122,0.03131,0.03115,0.03125,173780.1
2018-12-09 23:25:00,1544397900.0,0.03125,0.03127,0.03125,0.03126,87627.8
2018-12-09 23:26:00,1544397960.0,0.03127,0.0313,0.03126,0.03126,62051.3
2018-12-09 23:27:00,1544398020.0,0.03127,0.0313,0.03126,0.0313,37210.8
2018-12-09 23:28:00,1544398080.0,0.03126,0.03135,0.03126,0.03134,62842.9
2018-12-09 23:29:00,1544398140.0,0.03131,0.03137,0.03131,0.03136,26902.2
2018-12-09 23:30:00,1544398200.0,0.03136,0.03137,0.03117,0.03131,358928.0
2018-12-09 23:31:00,1544398260.0,0.03129,0.03129,0.03125,0.03127,42722.8
2018-12-09 23:32:00,1544398320.0,0.03129,0.03132,0.03129,0.03132,7887.1
2018-12-09 23:33:00,1544398380.0,0.03136,0.03136,0.03133,0.03136,12803.1
2018-12-09 23:34:00,1544398440.0,0.03135,0.03135,0.03127,0.03127,187322.0
2018-12-09 23:35:00,1544398500.0,0.03122,0.03128,0.03122,0.03128,40267.3
2018-12-09 23:36:00,1544398560.0,0.03132,0.03132,0.03132,0.03132,3977.9
2018-12-09 23:37:00,1544398620.0,0.0313,0.0313,0.03129,0.03129,8604.7
2018-12-09 23:38:00,1544398680.0,0.03132,0.03134,0.03132,0.03134,9786.1
2018-12-09 23:39:00,1544398740.0,0.03131,0.03136,0.03131,0.03136,9667.6
2018-12-09 23:40:00,1544398800.0,0.03133,0.03133,0.03129,0.03129,19652.8
2018-12-09 23:41:00,1544398860.0,0.03128,0.03128,0.03126,0.03126,18936.7
2018-12-09 23:42:00,1544398920.0,0.03125,0.03133,0.03125,0.03132,75937.9
2018-12-09 23:43:00,1544398980.0,0.03133,0.0314,0.03132,0.0314,127897.4
2018-12-09 23:44:00,1544399040.0,0.03134,0.03138,0.03134,0.03138,16145.7
2018-12-09 23:45:00,1544399100.0,0.03137,0.03138,0.03133,0.03135,46458.3
2018-12-09 23:46:00,1544399160.0,0.03137,0.03137,0.03127,0.03127,3827.9
2018-12-09 23:47:00,1544399220.0,0.03134,0.03136,0.03131,0.03136,27613.4
2018-12-09 23:48:00,1544399280.0,0.03136,0.03136,0.0313,0.0313,43560.6
2018-12-09 23:49:00,1544399340.0,0.03133,0.03137,0.03133,0.03135,25759.1
2018-12-09 23:50:00,1544399400.0,0.03131,0.03134,0.03122,0.03128,149044.3
2018-12-09 23:51:00,1544399460.0,0.03124,0.03125,0.03121,0.03122,31176.1
2018-12-09 23:52:00,1544399520.0,0.03122,0.03126,0.03122,0.03124,20264.4
2018-12-09 23:53:00,1544399580.0,0.03122,0.03125,0.03122,0.03125,25310.7
2018-12-09 23:54:00,1544399640.0,0.03126,0.03126,0.03125,0.03125,36939.8
2018-12-09 23:55:00,1544399700.0,0.03125,0.03125,0.03125,0.03125,3808.7
2018-12-09 23:56:00,1544399760.0,0.03125,0.0313,0.03125,0.0313,64263.8
2018-12-09 23:57:00,1544399820.0,0.03125,0.03125,0.03122,0.03122,14663.4
2018-12-09 23:58:00,1544399880.0,0.03123,0.03123,0.0312,0.03123,34264.1
2018-12-09 23:59:00,1544399940.0,0.03121,0.03121,0.0311,0.0311,153898.5
