Universal Time,Unix Time,Open,High,Low,Close,Volume
2023-06-04 00:00:00,1685836800.0,6.421,6.421,6.42,6.42,820.76
2023-06-04 00:01:00,1685836860.0,6.42,6.42,6.417,6.419,1714.93
2023-06-04 00:02:00,1685836920.0,6.419,6.42,6.419,6.42,101.99
2023-06-04 00:03:00,1685836980.0,6.419,6.419,6.416,6.417,248.67
2023-06-04 00:04:00,1685837040.0,6.417,6.417,6.416,6.417,461.83
2023-06-04 00:05:00,1685837100.0,6.416,6.416,6.416,6.416,200.82
2023-06-04 00:06:00,1685837160.0,6.415,6.418,6.415,6.418,1444.22
2023-06-04 00:07:00,1685837220.0,6.416,6.417,6.416,6.417,6.12
2023-06-04 00:08:00,1685837280.0,6.417,6.417,6.417,6.417,249.52
2023-06-04 00:09:00,1685837340.0,6.421,6.421,6.42,6.42,1047.88
2023-06-04 00:10:00,1685837400.0,6.419,6.421,6.419,6.42,942.85
2023-06-04 00:11:00,1685837460.0,6.42,6.421,6.42,6.421,49.0
2023-06-04 00:12:00,1685837520.0,6.42,6.422,6.418,6.418,1037.5
2023-06-04 00:13:00,1685837580.0,6.418,6.419,6.418,6.418,5.43
2023-06-04 00:14:00,1685837640.0,6.419,6.419,6.419,6.419,402.83
2023-06-04 00:15:00,1685837700.0,6.419,6.419,6.419,6.419,0.0
2023-06-04 00:16:00,1685837760.0,6.418,6.418,6.415,6.416,953.07
2023-06-04 00:17:00,1685837820.0,6.415,6.419,6.415,6.417,1924.69
2023-06-04 00:18:00,1685837880.0,6.418,6.419,6.418,6.419,716.74
2023-06-04 00:19:00,1685837940.0,6.42,6.421,6.42,6.42,17.12
2023-06-04 00:20:00,1685838000.0,6.421,6.422,6.421,6.422,48.24
2023-06-04 00:21:00,1685838060.0,6.421,6.423,6.421,6.423,434.55
2023-06-04 00:22:00,1685838120.0,6.422,6.422,6.422,6.422,1.98
2023-06-04 00:23:00,1685838180.0,6.422,6.422,6.422,6.422,0.0
2023-06-04 00:24:00,1685838240.0,6.421,6.421,6.413,6.413,473.06
2023-06-04 00:25:00,1685838300.0,6.415,6.416,6.415,6.416,203.72
2023-06-04 00:26:00,1685838360.0,6.416,6.417,6.416,6.417,337.0
2023-06-04 00:27:00,1685838420.0,6.417,6.418,6.417,6.418,9.27
2023-06-04 00:28:00,1685838480.0,6.417,6.417,6.417,6.417,494.32
2023-06-04 00:29:00,1685838540.0,6.419,6.419,6.418,6.418,337.53
2023-06-04 00:30:00,1685838600.0,6.419,6.419,6.417,6.418,291.66
2023-06-04 00:31:00,1685838660.0,6.417,6.418,6.417,6.418,230.61
2023-06-04 00:32:00,1685838720.0,6.419,6.42,6.418,6.418,159.71
2023-06-04 00:33:00,1685838780.0,6.419,6.419,6.418,6.418,83.51
2023-06-04 00:34:00,1685838840.0,6.418,6.419,6.418,6.419,26.71
2023-06-04 00:35:00,1685838900.0,6.419,6.419,6.419,6.419,0.0
2023-06-04 00:36:00,1685838960.0,6.418,6.419,6.418,6.419,27.22
2023-06-04 00:37:00,1685839020.0,6.418,6.418,6.418,6.418,52.21
2023-06-04 00:38:00,1685839080.0,6.418,6.418,6.415,6.415,1502.68
2023-06-04 00:39:00,1685839140.0,6.415,6.415,6.414,6.415,151.05
2023-06-04 00:40:00,1685839200.0,6.414,6.414,6.414,6.414,20.0
2023-06-04 00:41:00,1685839260.0,6.413,6.414,6.413,6.414,79.63
2023-06-04 00:42:00,1685839320.0,6.413,6.413,6.413,6.413,3.02
2023-06-04 00:43:00,1685839380.0,6.412,6.412,6.412,6.412,32.34
2023-06-04 00:44:00,1685839440.0,6.413,6.413,6.412,6.413,578.4
2023-06-04 00:45:00,1685839500.0,6.413,6.413,6.413,6.413,1323.27
2023-06-04 00:46:00,1685839560.0,6.413,6.415,6.413,6.415,70.42
2023-06-04 00:47:00,1685839620.0,6.414,6.416,6.414,6.416,5.75
2023-06-04 00:48:00,1685839680.0,6.416,6.416,6.416,6.416,0.0
2023-06-04 00:49:00,1685839740.0,6.415,6.416,6.415,6.415,434.06
2023-06-04 00:50:00,1685839800.0,6.415,6.415,6.415,6.415,255.89
2023-06-04 00:51:00,1685839860.0,6.416,6.416,6.416,6.416,246.41
2023-06-04 00:52:00,1685839920.0,6.415,6.415,6.414,6.415,357.99
2023-06-04 00:53:00,1685839980.0,6.414,6.414,6.414,6.414,11.35
2023-06-04 00:54:00,1685840040.0,6.414,6.414,6.414,6.414,1437.82
2023-06-04 00:55:00,1685840100.0,6.414,6.414,6.413,6.413,214.73
2023-06-04 00:56:00,1685840160.0,6.414,6.414,6.414,6.414,54.65
2023-06-04 00:57:00,1685840220.0,6.414,6.414,6.414,6.414,0.0
2023-06-04 00:58:00,1685840280.0,6.413,6.413,6.408,6.408,4736.41
2023-06-04 00:59:00,1685840340.0,6.408,6.408,6.407,6.407,575.0
2023-06-04 01:00:00,1685840400.0,6.406,6.408,6.406,6.408,572.35
2023-06-04 01:01:00,1685840460.0,6.407,6.407,6.406,6.406,283.24
2023-06-04 01:02:00,1685840520.0,6.405,6.405,6.403,6.403,113.94
2023-06-04 01:03:00,1685840580.0,6.402,6.402,6.397,6.398,1446.9
2023-06-04 01:04:00,1685840640.0,6.398,6.399,6.398,6.398,234.29
2023-06-04 01:05:00,1685840700.0,6.396,6.396,6.393,6.395,625.23
2023-06-04 01:06:00,1685840760.0,6.396,6.397,6.396,6.396,401.65
2023-06-04 01:07:00,1685840820.0,6.396,6.396,6.395,6.395,10.37
2023-06-04 01:08:00,1685840880.0,6.395,6.398,6.394,6.398,3567.2
2023-06-04 01:09:00,1685840940.0,6.4,6.4,6.397,6.397,87.76
2023-06-04 01:10:00,1685841000.0,6.401,6.406,6.401,6.406,217.26
2023-06-04 01:11:00,1685841060.0,6.406,6.414,6.406,6.412,988.57
2023-06-04 01:12:00,1685841120.0,6.412,6.414,6.412,6.414,700.64
2023-06-04 01:13:00,1685841180.0,6.414,6.414,6.411,6.411,537.17
2023-06-04 01:14:00,1685841240.0,6.412,6.413,6.412,6.412,6.8
2023-06-04 01:15:00,1685841300.0,6.413,6.413,6.412,6.412,258.32
2023-06-04 01:16:00,1685841360.0,6.412,6.416,6.411,6.416,192.37
2023-06-04 01:17:00,1685841420.0,6.416,6.419,6.416,6.419,700.73
2023-06-04 01:18:00,1685841480.0,6.419,6.419,6.417,6.417,1495.09
2023-06-04 01:19:00,1685841540.0,6.417,6.417,6.417,6.417,1.55
2023-06-04 01:20:00,1685841600.0,6.416,6.416,6.416,6.416,77.97
2023-06-04 01:21:00,1685841660.0,6.416,6.416,6.416,6.416,1.08
2023-06-04 01:22:00,1685841720.0,6.417,6.42,6.416,6.416,2998.32
2023-06-04 01:23:00,1685841780.0,6.417,6.418,6.416,6.417,352.7
2023-06-04 01:24:00,1685841840.0,6.418,6.419,6.418,6.419,11.69
2023-06-04 01:25:00,1685841900.0,6.418,6.42,6.418,6.42,66.05
2023-06-04 01:26:00,1685841960.0,6.419,6.42,6.419,6.419,1019.4
2023-06-04 01:27:00,1685842020.0,6.419,6.419,6.419,6.419,10.74
2023-06-04 01:28:00,1685842080.0,6.42,6.422,6.42,6.421,1918.36
2023-06-04 01:29:00,1685842140.0,6.421,6.422,6.421,6.422,441.35
2023-06-04 01:30:00,1685842200.0,6.423,6.427,6.423,6.423,1327.17
2023-06-04 01:31:00,1685842260.0,6.423,6.423,6.423,6.423,0.0
2023-06-04 01:32:00,1685842320.0,6.423,6.423,6.423,6.423,0.0
2023-06-04 01:33:00,1685842380.0,6.424,6.424,6.423,6.423,50.27
2023-06-04 01:34:00,1685842440.0,6.423,6.423,6.423,6.423,390.72
2023-06-04 01:35:00,1685842500.0,6.423,6.423,6.422,6.422,73.82
2023-06-04 01:36:00,1685842560.0,6.422,6.423,6.422,6.423,76.57
2023-06-04 01:37:00,1685842620.0,6.424,6.424,6.424,6.424,0.8
2023-06-04 01:38:00,1685842680.0,6.424,6.424,6.424,6.424,35.7
2023-06-04 01:39:00,1685842740.0,6.424,6.424,6.424,6.424,35.7
2023-06-04 01:40:00,1685842800.0,6.424,6.426,6.424,6.426,671.81
2023-06-04 01:41:00,1685842860.0,6.426,6.426,6.426,6.426,389.04
2023-06-04 01:42:00,1685842920.0,6.425,6.425,6.423,6.423,694.78
2023-06-04 01:43:00,1685842980.0,6.422,6.422,6.42,6.42,143.52
2023-06-04 01:44:00,1685843040.0,6.42,6.422,6.42,6.422,832.43
2023-06-04 01:45:00,1685843100.0,6.422,6.422,6.422,6.422,0.0
2023-06-04 01:46:00,1685843160.0,6.422,6.423,6.422,6.423,80.41
2023-06-04 01:47:00,1685843220.0,6.424,6.424,6.423,6.423,576.45
2023-06-04 01:48:00,1685843280.0,6.424,6.425,6.424,6.425,330.52
2023-06-04 01:49:00,1685843340.0,6.426,6.426,6.426,6.426,1230.98
2023-06-04 01:50:00,1685843400.0,6.427,6.428,6.427,6.428,642.17
2023-06-04 01:51:00,1685843460.0,6.428,6.428,6.428,6.428,27.11
2023-06-04 01:52:00,1685843520.0,6.429,6.429,6.428,6.428,267.66
2023-06-04 01:53:00,1685843580.0,6.428,6.43,6.427,6.428,1451.99
2023-06-04 01:54:00,1685843640.0,6.429,6.429,6.429,6.429,208.39
2023-06-04 01:55:00,1685843700.0,6.43,6.43,6.43,6.43,3.06
2023-06-04 01:56:00,1685843760.0,6.43,6.431,6.43,6.43,818.99
2023-06-04 01:57:00,1685843820.0,6.429,6.429,6.429,6.429,545.43
2023-06-04 01:58:00,1685843880.0,6.43,6.43,6.429,6.43,285.77
2023-06-04 01:59:00,1685843940.0,6.43,6.431,6.43,6.431,23.71
2023-06-04 02:00:00,1685844000.0,6.431,6.431,6.426,6.427,1331.5
2023-06-04 02:01:00,1685844060.0,6.431,6.431,6.431,6.431,3.03
2023-06-04 02:02:00,1685844120.0,6.43,6.43,6.43,6.43,0.79
2023-06-04 02:03:00,1685844180.0,6.43,6.43,6.43,6.43,0.0
2023-06-04 02:04:00,1685844240.0,6.431,6.431,6.431,6.431,17.98
2023-06-04 02:05:00,1685844300.0,6.431,6.431,6.429,6.429,320.26
2023-06-04 02:06:00,1685844360.0,6.429,6.429,6.429,6.429,133.34
2023-06-04 02:07:00,1685844420.0,6.429,6.43,6.429,6.43,84.35
2023-06-04 02:08:00,1685844480.0,6.431,6.431,6.431,6.431,9.32
2023-06-04 02:09:00,1685844540.0,6.431,6.431,6.431,6.431,185.61
2023-06-04 02:10:00,1685844600.0,6.431,6.432,6.431,6.432,14.08
2023-06-04 02:11:00,1685844660.0,6.43,6.432,6.43,6.432,85.76
2023-06-04 02:12:00,1685844720.0,6.432,6.433,6.432,6.433,70.09
2023-06-04 02:13:00,1685844780.0,6.433,6.437,6.432,6.437,7935.07
2023-06-04 02:14:00,1685844840.0,6.437,6.437,6.437,6.437,0.0
2023-06-04 02:15:00,1685844900.0,6.437,6.44,6.437,6.437,2452.18
2023-06-04 02:16:00,1685844960.0,6.438,6.438,6.438,6.438,73.65
2023-06-04 02:17:00,1685845020.0,6.437,6.437,6.434,6.434,506.89
2023-06-04 02:18:00,1685845080.0,6.434,6.434,6.434,6.434,0.0
2023-06-04 02:19:00,1685845140.0,6.435,6.439,6.435,6.439,338.28
2023-06-04 02:20:00,1685845200.0,6.438,6.439,6.438,6.438,77.72
2023-06-04 02:21:00,1685845260.0,6.439,6.439,6.439,6.439,308.31
2023-06-04 02:22:00,1685845320.0,6.439,6.439,6.438,6.438,280.0
2023-06-04 02:23:00,1685845380.0,6.438,6.438,6.437,6.438,360.75
2023-06-04 02:24:00,1685845440.0,6.437,6.437,6.434,6.434,676.44
2023-06-04 02:25:00,1685845500.0,6.435,6.435,6.432,6.433,1414.62
2023-06-04 02:26:00,1685845560.0,6.434,6.434,6.433,6.434,12.72
2023-06-04 02:27:00,1685845620.0,6.433,6.433,6.433,6.433,1.19
2023-06-04 02:28:00,1685845680.0,6.433,6.433,6.429,6.429,2279.23
2023-06-04 02:29:00,1685845740.0,6.429,6.429,6.426,6.426,973.17
2023-06-04 02:30:00,1685845800.0,6.427,6.435,6.427,6.435,3931.66
2023-06-04 02:31:00,1685845860.0,6.434,6.434,6.434,6.434,119.7
2023-06-04 02:32:00,1685845920.0,6.434,6.437,6.434,6.437,1769.28
2023-06-04 02:33:00,1685845980.0,6.438,6.442,6.438,6.442,5789.68
2023-06-04 02:34:00,1685846040.0,6.443,6.443,6.442,6.443,119.48
2023-06-04 02:35:00,1685846100.0,6.443,6.444,6.443,6.444,1910.99
2023-06-04 02:36:00,1685846160.0,6.444,6.447,6.441,6.446,12448.97
2023-06-04 02:37:00,1685846220.0,6.447,6.449,6.446,6.446,2387.27
2023-06-04 02:38:00,1685846280.0,6.447,6.45,6.447,6.45,3315.05
2023-06-04 02:39:00,1685846340.0,6.451,6.452,6.45,6.45,2352.56
2023-06-04 02:40:00,1685846400.0,6.451,6.451,6.451,6.451,52.8
2023-06-04 02:41:00,1685846460.0,6.45,6.454,6.45,6.454,3149.59
2023-06-04 02:42:00,1685846520.0,6.452,6.454,6.451,6.453,5134.75
2023-06-04 02:43:00,1685846580.0,6.454,6.455,6.454,6.455,525.07
2023-06-04 02:44:00,1685846640.0,6.455,6.459,6.453,6.454,6418.75
2023-06-04 02:45:00,1685846700.0,6.454,6.455,6.454,6.454,746.61
2023-06-04 02:46:00,1685846760.0,6.454,6.455,6.454,6.455,1262.91
2023-06-04 02:47:00,1685846820.0,6.454,6.455,6.454,6.455,19.96
2023-06-04 02:48:00,1685846880.0,6.455,6.458,6.455,6.458,1465.73
2023-06-04 02:49:00,1685846940.0,6.458,6.462,6.457,6.461,2186.69
2023-06-04 02:50:00,1685847000.0,6.462,6.465,6.462,6.465,2415.06
2023-06-04 02:51:00,1685847060.0,6.465,6.465,6.463,6.464,784.58
2023-06-04 02:52:00,1685847120.0,6.463,6.468,6.463,6.467,1315.03
2023-06-04 02:53:00,1685847180.0,6.467,6.467,6.466,6.467,78.08
2023-06-04 02:54:00,1685847240.0,6.468,6.468,6.463,6.463,228.67
2023-06-04 02:55:00,1685847300.0,6.463,6.463,6.463,6.463,0.0
2023-06-04 02:56:00,1685847360.0,6.465,6.465,6.465,6.465,42.61
2023-06-04 02:57:00,1685847420.0,6.464,6.465,6.464,6.465,21.37
2023-06-04 02:58:00,1685847480.0,6.464,6.464,6.462,6.462,61.67
2023-06-04 02:59:00,1685847540.0,6.462,6.465,6.462,6.465,384.88
2023-06-04 03:00:00,1685847600.0,6.463,6.463,6.461,6.461,262.82
2023-06-04 03:01:00,1685847660.0,6.462,6.465,6.462,6.465,1511.77
2023-06-04 03:02:00,1685847720.0,6.464,6.464,6.463,6.463,253.07
2023-06-04 03:03:00,1685847780.0,6.462,6.462,6.459,6.459,133.68
2023-06-04 03:04:00,1685847840.0,6.459,6.459,6.459,6.459,0.0
2023-06-04 03:05:00,1685847900.0,6.459,6.459,6.458,6.458,96.44
2023-06-04 03:06:00,1685847960.0,6.458,6.459,6.458,6.459,79.87
2023-06-04 03:07:00,1685848020.0,6.46,6.46,6.459,6.459,523.68
2023-06-04 03:08:00,1685848080.0,6.459,6.459,6.459,6.459,0.0
2023-06-04 03:09:00,1685848140.0,6.46,6.46,6.46,6.46,2.0
2023-06-04 03:10:00,1685848200.0,6.461,6.462,6.461,6.461,440.64
2023-06-04 03:11:00,1685848260.0,6.461,6.461,6.46,6.46,141.6
2023-06-04 03:12:00,1685848320.0,6.461,6.465,6.461,6.465,192.24
2023-06-04 03:13:00,1685848380.0,6.466,6.467,6.466,6.466,79.59
2023-06-04 03:14:00,1685848440.0,6.466,6.466,6.464,6.464,2017.55
2023-06-04 03:15:00,1685848500.0,6.464,6.464,6.461,6.461,1947.55
2023-06-04 03:16:00,1685848560.0,6.459,6.459,6.457,6.457,1869.33
2023-06-04 03:17:00,1685848620.0,6.457,6.457,6.456,6.456,22.47
2023-06-04 03:18:00,1685848680.0,6.456,6.456,6.455,6.455,93.91
2023-06-04 03:19:00,1685848740.0,6.454,6.455,6.454,6.455,166.49
2023-06-04 03:20:00,1685848800.0,6.454,6.456,6.454,6.456,485.15
2023-06-04 03:21:00,1685848860.0,6.455,6.456,6.454,6.456,1552.25
2023-06-04 03:22:00,1685848920.0,6.456,6.456,6.456,6.456,1.6
2023-06-04 03:23:00,1685848980.0,6.456,6.458,6.456,6.458,139.59
2023-06-04 03:24:00,1685849040.0,6.456,6.456,6.456,6.456,167.36
2023-06-04 03:25:00,1685849100.0,6.455,6.456,6.455,6.456,158.27
2023-06-04 03:26:00,1685849160.0,6.455,6.456,6.455,6.456,672.27
2023-06-04 03:27:00,1685849220.0,6.456,6.456,6.456,6.456,0.0
2023-06-04 03:28:00,1685849280.0,6.454,6.454,6.454,6.454,291.37
2023-06-04 03:29:00,1685849340.0,6.454,6.454,6.452,6.452,418.31
2023-06-04 03:30:00,1685849400.0,6.452,6.452,6.452,6.452,1.92
2023-06-04 03:31:00,1685849460.0,6.451,6.451,6.451,6.451,25.54
2023-06-04 03:32:00,1685849520.0,6.452,6.455,6.452,6.455,292.44
2023-06-04 03:33:00,1685849580.0,6.455,6.455,6.454,6.454,112.93
2023-06-04 03:34:00,1685849640.0,6.452,6.453,6.452,6.453,37.62
2023-06-04 03:35:00,1685849700.0,6.452,6.453,6.452,6.452,33.91
2023-06-04 03:36:00,1685849760.0,6.453,6.456,6.453,6.455,1770.15
2023-06-04 03:37:00,1685849820.0,6.454,6.454,6.453,6.453,505.06
2023-06-04 03:38:00,1685849880.0,6.453,6.453,6.452,6.452,3.51
2023-06-04 03:39:00,1685849940.0,6.452,6.452,6.449,6.449,888.72
2023-06-04 03:40:00,1685850000.0,6.45,6.453,6.45,6.453,174.2
2023-06-04 03:41:00,1685850060.0,6.453,6.453,6.453,6.453,71.95
2023-06-04 03:42:00,1685850120.0,6.454,6.455,6.454,6.455,220.0
2023-06-04 03:43:00,1685850180.0,6.455,6.455,6.455,6.455,0.0
2023-06-04 03:44:00,1685850240.0,6.455,6.456,6.455,6.456,35.64
2023-06-04 03:45:00,1685850300.0,6.455,6.456,6.454,6.456,1500.07
2023-06-04 03:46:00,1685850360.0,6.456,6.456,6.455,6.455,560.94
2023-06-04 03:47:00,1685850420.0,6.455,6.456,6.455,6.456,191.76
2023-06-04 03:48:00,1685850480.0,6.456,6.456,6.456,6.456,0.0
2023-06-04 03:49:00,1685850540.0,6.455,6.455,6.455,6.455,671.69
2023-06-04 03:50:00,1685850600.0,6.455,6.458,6.455,6.458,2203.84
2023-06-04 03:51:00,1685850660.0,6.459,6.459,6.458,6.459,502.42
2023-06-04 03:52:00,1685850720.0,6.458,6.461,6.458,6.46,400.57
2023-06-04 03:53:00,1685850780.0,6.458,6.459,6.458,6.459,283.24
2023-06-04 03:54:00,1685850840.0,6.46,6.46,6.46,6.46,78.84
2023-06-04 03:55:00,1685850900.0,6.46,6.461,6.46,6.461,159.0
2023-06-04 03:56:00,1685850960.0,6.46,6.46,6.458,6.458,534.36
2023-06-04 03:57:00,1685851020.0,6.458,6.458,6.456,6.456,90.81
2023-06-04 03:58:00,1685851080.0,6.455,6.455,6.455,6.455,24.78
2023-06-04 03:59:00,1685851140.0,6.455,6.455,6.455,6.455,16.29
2023-06-04 04:00:00,1685851200.0,6.455,6.458,6.455,6.457,321.55
2023-06-04 04:01:00,1685851260.0,6.458,6.458,6.457,6.457,110.35
2023-06-04 04:02:00,1685851320.0,6.456,6.456,6.456,6.456,144.25
2023-06-04 04:03:00,1685851380.0,6.456,6.456,6.455,6.455,613.15
2023-06-04 04:04:00,1685851440.0,6.456,6.456,6.451,6.452,2545.57
2023-06-04 04:05:00,1685851500.0,6.451,6.452,6.451,6.452,408.24
2023-06-04 04:06:00,1685851560.0,6.452,6.452,6.451,6.451,110.51
2023-06-04 04:07:00,1685851620.0,6.45,6.451,6.45,6.451,30.66
2023-06-04 04:08:00,1685851680.0,6.451,6.451,6.451,6.451,15.05
2023-06-04 04:09:00,1685851740.0,6.451,6.451,6.448,6.448,841.4
2023-06-04 04:10:00,1685851800.0,6.447,6.448,6.447,6.447,321.05
2023-06-04 04:11:00,1685851860.0,6.448,6.449,6.448,6.449,890.02
2023-06-04 04:12:00,1685851920.0,6.449,6.449,6.449,6.449,116.66
2023-06-04 04:13:00,1685851980.0,6.448,6.449,6.448,6.449,189.67
2023-06-04 04:14:00,1685852040.0,6.45,6.45,6.449,6.449,340.14
2023-06-04 04:15:00,1685852100.0,6.448,6.45,6.446,6.45,683.95
2023-06-04 04:16:00,1685852160.0,6.449,6.449,6.449,6.449,1.03
2023-06-04 04:17:00,1685852220.0,6.449,6.45,6.449,6.45,1000.65
2023-06-04 04:18:00,1685852280.0,6.449,6.449,6.449,6.449,4.72
2023-06-04 04:19:00,1685852340.0,6.449,6.449,6.448,6.448,17.63
2023-06-04 04:20:00,1685852400.0,6.448,6.448,6.448,6.448,1.5
2023-06-04 04:21:00,1685852460.0,6.448,6.448,6.448,6.448,170.99
2023-06-04 04:22:00,1685852520.0,6.447,6.447,6.445,6.446,1364.69
2023-06-04 04:23:00,1685852580.0,6.445,6.445,6.445,6.445,170.15
2023-06-04 04:24:00,1685852640.0,6.446,6.447,6.446,6.447,1638.12
2023-06-04 04:25:00,1685852700.0,6.449,6.449,6.449,6.449,31.0
2023-06-04 04:26:00,1685852760.0,6.449,6.449,6.446,6.446,205.66
2023-06-04 04:27:00,1685852820.0,6.445,6.445,6.445,6.445,8.72
2023-06-04 04:28:00,1685852880.0,6.445,6.445,6.442,6.442,280.56
2023-06-04 04:29:00,1685852940.0,6.441,6.441,6.441,6.441,17.55
2023-06-04 04:30:00,1685853000.0,6.441,6.441,6.439,6.44,1691.34
2023-06-04 04:31:00,1685853060.0,6.441,6.442,6.441,6.442,2.41
2023-06-04 04:32:00,1685853120.0,6.442,6.444,6.442,6.442,649.98
2023-06-04 04:33:00,1685853180.0,6.442,6.443,6.441,6.443,1697.95
2023-06-04 04:34:00,1685853240.0,6.443,6.443,6.443,6.443,0.0
2023-06-04 04:35:00,1685853300.0,6.443,6.443,6.441,6.441,52.29
2023-06-04 04:36:00,1685853360.0,6.441,6.441,6.441,6.441,72.24
2023-06-04 04:37:00,1685853420.0,6.441,6.441,6.44,6.44,125.48
2023-06-04 04:38:00,1685853480.0,6.44,6.441,6.44,6.44,84.89
2023-06-04 04:39:00,1685853540.0,6.44,6.44,6.44,6.44,132.1
2023-06-04 04:40:00,1685853600.0,6.441,6.442,6.441,6.442,332.98
2023-06-04 04:41:00,1685853660.0,6.442,6.442,6.442,6.442,627.64
2023-06-04 04:42:00,1685853720.0,6.44,6.44,6.44,6.44,222.45
2023-06-04 04:43:00,1685853780.0,6.441,6.441,6.441,6.441,7.2
2023-06-04 04:44:00,1685853840.0,6.44,6.44,6.44,6.44,1.5
2023-06-04 04:45:00,1685853900.0,6.44,6.44,6.44,6.44,123.74
2023-06-04 04:46:00,1685853960.0,6.44,6.44,6.438,6.438,1485.13
2023-06-04 04:47:00,1685854020.0,6.438,6.438,6.438,6.438,0.0
2023-06-04 04:48:00,1685854080.0,6.439,6.439,6.438,6.438,5.86
2023-06-04 04:49:00,1685854140.0,6.438,6.438,6.434,6.435,3201.25
2023-06-04 04:50:00,1685854200.0,6.435,6.436,6.435,6.435,76.86
2023-06-04 04:51:00,1685854260.0,6.435,6.435,6.435,6.435,244.59
2023-06-04 04:52:00,1685854320.0,6.438,6.438,6.438,6.438,1.4
2023-06-04 04:53:00,1685854380.0,6.437,6.437,6.437,6.437,3.87
2023-06-04 04:54:00,1685854440.0,6.437,6.437,6.437,6.437,15.53
2023-06-04 04:55:00,1685854500.0,6.437,6.438,6.437,6.438,422.75
2023-06-04 04:56:00,1685854560.0,6.438,6.438,6.438,6.438,0.78
2023-06-04 04:57:00,1685854620.0,6.438,6.439,6.437,6.437,273.71
2023-06-04 04:58:00,1685854680.0,6.437,6.437,6.437,6.437,0.0
2023-06-04 04:59:00,1685854740.0,6.438,6.438,6.438,6.438,80.0
2023-06-04 05:00:00,1685854800.0,6.438,6.44,6.438,6.44,1284.48
2023-06-04 05:01:00,1685854860.0,6.442,6.442,6.441,6.441,405.71
2023-06-04 05:02:00,1685854920.0,6.442,6.442,6.441,6.441,456.28
2023-06-04 05:03:00,1685854980.0,6.44,6.442,6.44,6.441,3689.49
2023-06-04 05:04:00,1685855040.0,6.44,6.441,6.44,6.441,72.12
2023-06-04 05:05:00,1685855100.0,6.441,6.441,6.441,6.441,174.6
2023-06-04 05:06:00,1685855160.0,6.441,6.445,6.441,6.444,3725.16
2023-06-04 05:07:00,1685855220.0,6.443,6.444,6.443,6.443,362.76
2023-06-04 05:08:00,1685855280.0,6.444,6.446,6.444,6.445,2710.96
2023-06-04 05:09:00,1685855340.0,6.445,6.446,6.445,6.445,954.25
2023-06-04 05:10:00,1685855400.0,6.446,6.448,6.446,6.448,1740.67
2023-06-04 05:11:00,1685855460.0,6.448,6.449,6.448,6.449,188.97
2023-06-04 05:12:00,1685855520.0,6.449,6.45,6.449,6.449,2539.39
2023-06-04 05:13:00,1685855580.0,6.45,6.45,6.45,6.45,444.28
2023-06-04 05:14:00,1685855640.0,6.449,6.45,6.449,6.45,222.08
2023-06-04 05:15:00,1685855700.0,6.449,6.45,6.446,6.446,3889.58
2023-06-04 05:16:00,1685855760.0,6.446,6.447,6.446,6.447,328.64
2023-06-04 05:17:00,1685855820.0,6.449,6.449,6.447,6.447,1102.91
2023-06-04 05:18:00,1685855880.0,6.448,6.448,6.443,6.443,1983.34
2023-06-04 05:19:00,1685855940.0,6.443,6.445,6.443,6.445,491.62
2023-06-04 05:20:00,1685856000.0,6.445,6.446,6.445,6.446,32.4
2023-06-04 05:21:00,1685856060.0,6.448,6.449,6.448,6.448,32.28
2023-06-04 05:22:00,1685856120.0,6.449,6.449,6.448,6.448,104.34
2023-06-04 05:23:00,1685856180.0,6.448,6.448,6.448,6.448,0.0
2023-06-04 05:24:00,1685856240.0,6.448,6.448,6.448,6.448,10.0
2023-06-04 05:25:00,1685856300.0,6.449,6.449,6.446,6.447,776.38
2023-06-04 05:26:00,1685856360.0,6.447,6.447,6.447,6.447,0.0
2023-06-04 05:27:00,1685856420.0,6.447,6.45,6.447,6.45,193.33
2023-06-04 05:28:00,1685856480.0,6.452,6.452,6.452,6.452,541.4
2023-06-04 05:29:00,1685856540.0,6.453,6.453,6.453,6.453,3.04
2023-06-04 05:30:00,1685856600.0,6.453,6.456,6.453,6.456,5804.33
2023-06-04 05:31:00,1685856660.0,6.456,6.457,6.456,6.457,11.54
2023-06-04 05:32:00,1685856720.0,6.458,6.461,6.458,6.459,1616.02
2023-06-04 05:33:00,1685856780.0,6.46,6.46,6.459,6.459,310.44
2023-06-04 05:34:00,1685856840.0,6.459,6.46,6.458,6.458,1150.06
2023-06-04 05:35:00,1685856900.0,6.457,6.458,6.455,6.457,107.84
2023-06-04 05:36:00,1685856960.0,6.457,6.457,6.456,6.457,127.04
2023-06-04 05:37:00,1685857020.0,6.457,6.457,6.457,6.457,25.09
2023-06-04 05:38:00,1685857080.0,6.456,6.456,6.451,6.452,2492.09
2023-06-04 05:39:00,1685857140.0,6.453,6.453,6.452,6.452,484.16
2023-06-04 05:40:00,1685857200.0,6.453,6.453,6.453,6.453,66.1
2023-06-04 05:41:00,1685857260.0,6.453,6.453,6.453,6.453,31.32
2023-06-04 05:42:00,1685857320.0,6.452,6.453,6.452,6.452,141.36
2023-06-04 05:43:00,1685857380.0,6.452,6.452,6.452,6.452,0.0
2023-06-04 05:44:00,1685857440.0,6.452,6.452,6.452,6.452,0.0
2023-06-04 05:45:00,1685857500.0,6.451,6.452,6.45,6.45,1559.28
2023-06-04 05:46:00,1685857560.0,6.45,6.451,6.45,6.451,32.42
2023-06-04 05:47:00,1685857620.0,6.451,6.452,6.451,6.452,291.42
2023-06-04 05:48:00,1685857680.0,6.451,6.451,6.451,6.451,279.1
2023-06-04 05:49:00,1685857740.0,6.451,6.452,6.451,6.452,493.95
2023-06-04 05:50:00,1685857800.0,6.451,6.452,6.451,6.452,9.88
2023-06-04 05:51:00,1685857860.0,6.452,6.452,6.452,6.452,2.25
2023-06-04 05:52:00,1685857920.0,6.451,6.452,6.451,6.451,20.16
2023-06-04 05:53:00,1685857980.0,6.451,6.452,6.451,6.452,18.07
2023-06-04 05:54:00,1685858040.0,6.451,6.451,6.451,6.451,3.74
2023-06-04 05:55:00,1685858100.0,6.451,6.451,6.451,6.451,52.91
2023-06-04 05:56:00,1685858160.0,6.451,6.451,6.451,6.451,1.86
2023-06-04 05:57:00,1685858220.0,6.45,6.451,6.45,6.451,154.35
2023-06-04 05:58:00,1685858280.0,6.451,6.451,6.451,6.451,0.0
2023-06-04 05:59:00,1685858340.0,6.451,6.451,6.45,6.45,39.44
2023-06-04 06:00:00,1685858400.0,6.451,6.451,6.449,6.451,116.24
2023-06-04 06:01:00,1685858460.0,6.451,6.452,6.451,6.451,12.05
2023-06-04 06:02:00,1685858520.0,6.452,6.452,6.449,6.449,1587.04
2023-06-04 06:03:00,1685858580.0,6.449,6.449,6.448,6.448,671.17
2023-06-04 06:04:00,1685858640.0,6.448,6.449,6.448,6.448,12.72
2023-06-04 06:05:00,1685858700.0,6.449,6.449,6.448,6.449,745.61
2023-06-04 06:06:00,1685858760.0,6.45,6.45,6.45,6.45,1997.73
2023-06-04 06:07:00,1685858820.0,6.45,6.45,6.45,6.45,3.92
2023-06-04 06:08:00,1685858880.0,6.45,6.45,6.45,6.45,0.0
2023-06-04 06:09:00,1685858940.0,6.45,6.45,6.449,6.449,206.75
2023-06-04 06:10:00,1685859000.0,6.449,6.449,6.449,6.449,0.0
2023-06-04 06:11:00,1685859060.0,6.448,6.449,6.448,6.449,389.94
2023-06-04 06:12:00,1685859120.0,6.449,6.451,6.448,6.448,1816.75
2023-06-04 06:13:00,1685859180.0,6.448,6.449,6.448,6.449,24.19
2023-06-04 06:14:00,1685859240.0,6.449,6.449,6.448,6.448,1093.8
2023-06-04 06:15:00,1685859300.0,6.448,6.448,6.448,6.448,117.29
2023-06-04 06:16:00,1685859360.0,6.448,6.448,6.446,6.446,1138.79
2023-06-04 06:17:00,1685859420.0,6.446,6.446,6.446,6.446,31.02
2023-06-04 06:18:00,1685859480.0,6.445,6.446,6.445,6.446,97.93
2023-06-04 06:19:00,1685859540.0,6.446,6.446,6.446,6.446,100.0
2023-06-04 06:20:00,1685859600.0,6.446,6.446,6.446,6.446,401.42
2023-06-04 06:21:00,1685859660.0,6.447,6.447,6.442,6.442,2182.55
2023-06-04 06:22:00,1685859720.0,6.443,6.443,6.441,6.441,46.46
2023-06-04 06:23:00,1685859780.0,6.441,6.441,6.44,6.44,7.5
2023-06-04 06:24:00,1685859840.0,6.44,6.44,6.44,6.44,98.57
2023-06-04 06:25:00,1685859900.0,6.44,6.443,6.439,6.443,1536.6
2023-06-04 06:26:00,1685859960.0,6.443,6.443,6.443,6.443,62.99
2023-06-04 06:27:00,1685860020.0,6.443,6.443,6.443,6.443,0.0
2023-06-04 06:28:00,1685860080.0,6.444,6.444,6.444,6.444,48.1
2023-06-04 06:29:00,1685860140.0,6.443,6.443,6.443,6.443,4.23
2023-06-04 06:30:00,1685860200.0,6.443,6.443,6.443,6.443,0.0
2023-06-04 06:31:00,1685860260.0,6.444,6.444,6.444,6.444,32.53
2023-06-04 06:32:00,1685860320.0,6.444,6.446,6.444,6.446,73.37
2023-06-04 06:33:00,1685860380.0,6.446,6.446,6.446,6.446,0.0
2023-06-04 06:34:00,1685860440.0,6.446,6.446,6.446,6.446,0.0
2023-06-04 06:35:00,1685860500.0,6.448,6.449,6.448,6.449,156.92
2023-06-04 06:36:00,1685860560.0,6.45,6.45,6.45,6.45,10.45
2023-06-04 06:37:00,1685860620.0,6.451,6.451,6.451,6.451,1124.32
2023-06-04 06:38:00,1685860680.0,6.451,6.451,6.45,6.45,131.11
2023-06-04 06:39:00,1685860740.0,6.45,6.451,6.45,6.451,14.09
2023-06-04 06:40:00,1685860800.0,6.451,6.451,6.45,6.45,13.85
2023-06-04 06:41:00,1685860860.0,6.451,6.452,6.451,6.452,315.35
2023-06-04 06:42:00,1685860920.0,6.454,6.458,6.454,6.458,1602.36
2023-06-04 06:43:00,1685860980.0,6.458,6.458,6.458,6.458,711.01
2023-06-04 06:44:00,1685861040.0,6.458,6.458,6.458,6.458,10.0
2023-06-04 06:45:00,1685861100.0,6.458,6.471,6.458,6.467,4214.16
2023-06-04 06:46:00,1685861160.0,6.467,6.467,6.465,6.466,457.07
2023-06-04 06:47:00,1685861220.0,6.465,6.465,6.461,6.461,312.55
2023-06-04 06:48:00,1685861280.0,6.462,6.462,6.461,6.461,66.17
2023-06-04 06:49:00,1685861340.0,6.461,6.461,6.461,6.461,1079.63
2023-06-04 06:50:00,1685861400.0,6.46,6.46,6.459,6.459,45.89
2023-06-04 06:51:00,1685861460.0,6.46,6.46,6.456,6.456,559.49
2023-06-04 06:52:00,1685861520.0,6.456,6.459,6.456,6.459,96.52
2023-06-04 06:53:00,1685861580.0,6.459,6.463,6.459,6.463,80.35
2023-06-04 06:54:00,1685861640.0,6.463,6.463,6.463,6.463,3.22
2023-06-04 06:55:00,1685861700.0,6.465,6.467,6.465,6.467,153.98
2023-06-04 06:56:00,1685861760.0,6.466,6.467,6.465,6.465,808.5
2023-06-04 06:57:00,1685861820.0,6.465,6.467,6.465,6.467,190.65
2023-06-04 06:58:00,1685861880.0,6.466,6.47,6.466,6.469,1230.0
2023-06-04 06:59:00,1685861940.0,6.469,6.47,6.469,6.469,467.54
2023-06-04 07:00:00,1685862000.0,6.469,6.472,6.467,6.467,2686.85
2023-06-04 07:01:00,1685862060.0,6.465,6.465,6.463,6.465,743.16
2023-06-04 07:02:00,1685862120.0,6.465,6.465,6.464,6.465,56.54
2023-06-04 07:03:00,1685862180.0,6.466,6.467,6.466,6.467,506.27
2023-06-04 07:04:00,1685862240.0,6.468,6.47,6.468,6.47,242.55
2023-06-04 07:05:00,1685862300.0,6.471,6.473,6.471,6.473,976.33
2023-06-04 07:06:00,1685862360.0,6.474,6.474,6.472,6.472,51.44
2023-06-04 07:07:00,1685862420.0,6.473,6.474,6.473,6.473,100.17
2023-06-04 07:08:00,1685862480.0,6.474,6.474,6.474,6.474,37.92
2023-06-04 07:09:00,1685862540.0,6.474,6.474,6.474,6.474,3.01
2023-06-04 07:10:00,1685862600.0,6.475,6.475,6.474,6.474,567.72
2023-06-04 07:11:00,1685862660.0,6.474,6.474,6.474,6.474,0.0
2023-06-04 07:12:00,1685862720.0,6.474,6.474,6.473,6.473,409.05
2023-06-04 07:13:00,1685862780.0,6.474,6.475,6.474,6.475,754.04
2023-06-04 07:14:00,1685862840.0,6.475,6.476,6.475,6.476,16.68
2023-06-04 07:15:00,1685862900.0,6.476,6.478,6.476,6.477,1678.11
2023-06-04 07:16:00,1685862960.0,6.477,6.477,6.475,6.475,457.2
2023-06-04 07:17:00,1685863020.0,6.474,6.474,6.471,6.471,4788.07
2023-06-04 07:18:00,1685863080.0,6.471,6.473,6.471,6.472,177.84
2023-06-04 07:19:00,1685863140.0,6.472,6.472,6.472,6.472,102.5
2023-06-04 07:20:00,1685863200.0,6.472,6.473,6.472,6.473,697.69
2023-06-04 07:21:00,1685863260.0,6.473,6.474,6.473,6.474,146.79
2023-06-04 07:22:00,1685863320.0,6.473,6.476,6.473,6.476,201.96
2023-06-04 07:23:00,1685863380.0,6.477,6.477,6.474,6.474,302.53
2023-06-04 07:24:00,1685863440.0,6.474,6.474,6.473,6.473,132.75
2023-06-04 07:25:00,1685863500.0,6.471,6.473,6.471,6.473,605.61
2023-06-04 07:26:00,1685863560.0,6.475,6.476,6.475,6.475,78.78
2023-06-04 07:27:00,1685863620.0,6.475,6.475,6.474,6.474,124.0
2023-06-04 07:28:00,1685863680.0,6.474,6.474,6.473,6.473,34.72
2023-06-04 07:29:00,1685863740.0,6.471,6.471,6.467,6.467,2357.7
2023-06-04 07:30:00,1685863800.0,6.467,6.472,6.467,6.472,775.49
2023-06-04 07:31:00,1685863860.0,6.473,6.475,6.473,6.475,532.46
2023-06-04 07:32:00,1685863920.0,6.475,6.477,6.475,6.477,1025.14
2023-06-04 07:33:00,1685863980.0,6.477,6.477,6.477,6.477,14.0
2023-06-04 07:34:00,1685864040.0,6.476,6.477,6.473,6.477,7613.29
2023-06-04 07:35:00,1685864100.0,6.476,6.476,6.476,6.476,7.72
2023-06-04 07:36:00,1685864160.0,6.477,6.477,6.474,6.474,1245.25
2023-06-04 07:37:00,1685864220.0,6.476,6.48,6.476,6.48,1017.36
2023-06-04 07:38:00,1685864280.0,6.48,6.48,6.477,6.477,1537.28
2023-06-04 07:39:00,1685864340.0,6.478,6.479,6.478,6.478,932.63
2023-06-04 07:40:00,1685864400.0,6.479,6.479,6.478,6.478,2697.01
2023-06-04 07:41:00,1685864460.0,6.479,6.481,6.479,6.481,407.92
2023-06-04 07:42:00,1685864520.0,6.48,6.481,6.48,6.481,471.68
2023-06-04 07:43:00,1685864580.0,6.481,6.482,6.48,6.48,562.42
2023-06-04 07:44:00,1685864640.0,6.479,6.479,6.478,6.478,321.6
2023-06-04 07:45:00,1685864700.0,6.478,6.479,6.478,6.479,1412.34
2023-06-04 07:46:00,1685864760.0,6.478,6.482,6.478,6.481,654.92
2023-06-04 07:47:00,1685864820.0,6.481,6.481,6.48,6.48,153.94
2023-06-04 07:48:00,1685864880.0,6.481,6.482,6.48,6.482,604.01
2023-06-04 07:49:00,1685864940.0,6.482,6.482,6.481,6.481,182.95
2023-06-04 07:50:00,1685865000.0,6.482,6.49,6.482,6.484,6900.51
2023-06-04 07:51:00,1685865060.0,6.484,6.487,6.484,6.485,417.82
2023-06-04 07:52:00,1685865120.0,6.486,6.487,6.483,6.483,404.46
2023-06-04 07:53:00,1685865180.0,6.484,6.487,6.484,6.486,956.44
2023-06-04 07:54:00,1685865240.0,6.487,6.488,6.483,6.483,405.81
2023-06-04 07:55:00,1685865300.0,6.486,6.486,6.486,6.486,21.89
2023-06-04 07:56:00,1685865360.0,6.487,6.493,6.487,6.492,3663.44
2023-06-04 07:57:00,1685865420.0,6.494,6.496,6.493,6.494,4419.49
2023-06-04 07:58:00,1685865480.0,6.494,6.494,6.488,6.489,424.44
2023-06-04 07:59:00,1685865540.0,6.489,6.489,6.485,6.485,831.33
2023-06-04 08:00:00,1685865600.0,6.484,6.496,6.484,6.495,2002.65
2023-06-04 08:01:00,1685865660.0,6.495,6.497,6.491,6.497,1198.93
2023-06-04 08:02:00,1685865720.0,6.497,6.499,6.495,6.496,1482.78
2023-06-04 08:03:00,1685865780.0,6.496,6.496,6.49,6.491,981.57
2023-06-04 08:04:00,1685865840.0,6.492,6.492,6.49,6.491,123.88
2023-06-04 08:05:00,1685865900.0,6.493,6.498,6.493,6.497,629.7
2023-06-04 08:06:00,1685865960.0,6.496,6.496,6.488,6.488,1025.94
2023-06-04 08:07:00,1685866020.0,6.487,6.487,6.485,6.486,692.38
2023-06-04 08:08:00,1685866080.0,6.486,6.492,6.486,6.487,2600.46
2023-06-04 08:09:00,1685866140.0,6.485,6.486,6.484,6.485,281.6
2023-06-04 08:10:00,1685866200.0,6.485,6.488,6.485,6.485,522.3
2023-06-04 08:11:00,1685866260.0,6.487,6.488,6.486,6.488,518.13
2023-06-04 08:12:00,1685866320.0,6.488,6.489,6.488,6.489,512.24
2023-06-04 08:13:00,1685866380.0,6.488,6.492,6.488,6.492,1570.32
2023-06-04 08:14:00,1685866440.0,6.492,6.492,6.491,6.492,129.65
2023-06-04 08:15:00,1685866500.0,6.494,6.494,6.494,6.494,164.56
2023-06-04 08:16:00,1685866560.0,6.494,6.494,6.492,6.494,624.09
2023-06-04 08:17:00,1685866620.0,6.493,6.494,6.493,6.494,13.12
2023-06-04 08:18:00,1685866680.0,6.494,6.494,6.49,6.49,284.68
2023-06-04 08:19:00,1685866740.0,6.491,6.491,6.49,6.49,116.7
2023-06-04 08:20:00,1685866800.0,6.49,6.49,6.49,6.49,1130.9
2023-06-04 08:21:00,1685866860.0,6.489,6.493,6.489,6.493,833.07
2023-06-04 08:22:00,1685866920.0,6.493,6.494,6.493,6.494,26.63
2023-06-04 08:23:00,1685866980.0,6.494,6.494,6.491,6.491,517.07
2023-06-04 08:24:00,1685867040.0,6.49,6.49,6.488,6.488,361.69
2023-06-04 08:25:00,1685867100.0,6.489,6.491,6.489,6.491,420.91
2023-06-04 08:26:00,1685867160.0,6.491,6.491,6.49,6.49,293.29
2023-06-04 08:27:00,1685867220.0,6.49,6.493,6.49,6.492,2712.63
2023-06-04 08:28:00,1685867280.0,6.492,6.492,6.492,6.492,1710.63
2023-06-04 08:29:00,1685867340.0,6.493,6.493,6.493,6.493,475.75
2023-06-04 08:30:00,1685867400.0,6.493,6.494,6.492,6.494,642.2
2023-06-04 08:31:00,1685867460.0,6.493,6.493,6.493,6.493,76.61
2023-06-04 08:32:00,1685867520.0,6.494,6.494,6.493,6.493,81.41
2023-06-04 08:33:00,1685867580.0,6.493,6.493,6.493,6.493,37.33
2023-06-04 08:34:00,1685867640.0,6.494,6.494,6.493,6.493,65.02
2023-06-04 08:35:00,1685867700.0,6.494,6.496,6.494,6.495,2709.35
2023-06-04 08:36:00,1685867760.0,6.495,6.497,6.494,6.494,413.03
2023-06-04 08:37:00,1685867820.0,6.494,6.495,6.493,6.493,441.26
2023-06-04 08:38:00,1685867880.0,6.493,6.493,6.492,6.493,3537.66
2023-06-04 08:39:00,1685867940.0,6.495,6.495,6.494,6.494,73.45
2023-06-04 08:40:00,1685868000.0,6.494,6.497,6.494,6.496,598.58
2023-06-04 08:41:00,1685868060.0,6.496,6.496,6.496,6.496,33.54
2023-06-04 08:42:00,1685868120.0,6.496,6.497,6.496,6.496,2125.38
2023-06-04 08:43:00,1685868180.0,6.496,6.497,6.496,6.496,211.67
2023-06-04 08:44:00,1685868240.0,6.496,6.496,6.496,6.496,30.21
2023-06-04 08:45:00,1685868300.0,6.495,6.495,6.494,6.495,549.91
2023-06-04 08:46:00,1685868360.0,6.493,6.495,6.493,6.495,181.96
2023-06-04 08:47:00,1685868420.0,6.495,6.495,6.495,6.495,542.03
2023-06-04 08:48:00,1685868480.0,6.495,6.495,6.495,6.495,0.0
2023-06-04 08:49:00,1685868540.0,6.494,6.494,6.494,6.494,37.57
2023-06-04 08:50:00,1685868600.0,6.495,6.496,6.495,6.496,3001.58
2023-06-04 08:51:00,1685868660.0,6.496,6.497,6.496,6.496,23.5
2023-06-04 08:52:00,1685868720.0,6.496,6.497,6.496,6.497,192.07
2023-06-04 08:53:00,1685868780.0,6.496,6.496,6.494,6.494,426.97
2023-06-04 08:54:00,1685868840.0,6.494,6.494,6.494,6.494,0.0
2023-06-04 08:55:00,1685868900.0,6.495,6.495,6.495,6.495,3.89
2023-06-04 08:56:00,1685868960.0,6.495,6.495,6.495,6.495,62.19
2023-06-04 08:57:00,1685869020.0,6.495,6.495,6.494,6.494,172.41
2023-06-04 08:58:00,1685869080.0,6.495,6.495,6.494,6.494,685.2
2023-06-04 08:59:00,1685869140.0,6.493,6.493,6.489,6.489,2503.29
2023-06-04 09:00:00,1685869200.0,6.489,6.492,6.489,6.49,2292.38
2023-06-04 09:01:00,1685869260.0,6.489,6.489,6.488,6.488,384.91
2023-06-04 09:02:00,1685869320.0,6.488,6.489,6.488,6.489,12.1
2023-06-04 09:03:00,1685869380.0,6.489,6.489,6.489,6.489,216.31
2023-06-04 09:04:00,1685869440.0,6.489,6.49,6.489,6.489,576.68
2023-06-04 09:05:00,1685869500.0,6.489,6.49,6.489,6.49,203.01
2023-06-04 09:06:00,1685869560.0,6.494,6.495,6.494,6.495,163.58
2023-06-04 09:07:00,1685869620.0,6.493,6.493,6.491,6.492,1599.63
2023-06-04 09:08:00,1685869680.0,6.492,6.492,6.49,6.491,146.96
2023-06-04 09:09:00,1685869740.0,6.49,6.49,6.49,6.49,58.85
2023-06-04 09:10:00,1685869800.0,6.491,6.494,6.491,6.493,88.13
2023-06-04 09:11:00,1685869860.0,6.492,6.492,6.491,6.491,95.31
2023-06-04 09:12:00,1685869920.0,6.491,6.493,6.491,6.493,133.07
2023-06-04 09:13:00,1685869980.0,6.492,6.493,6.489,6.489,569.63
2023-06-04 09:14:00,1685870040.0,6.489,6.489,6.489,6.489,69.89
2023-06-04 09:15:00,1685870100.0,6.489,6.492,6.488,6.492,1358.24
2023-06-04 09:16:00,1685870160.0,6.492,6.492,6.491,6.492,1223.54
2023-06-04 09:17:00,1685870220.0,6.492,6.493,6.492,6.493,89.9
2023-06-04 09:18:00,1685870280.0,6.494,6.495,6.493,6.495,168.95
2023-06-04 09:19:00,1685870340.0,6.495,6.496,6.495,6.495,1330.37
2023-06-04 09:20:00,1685870400.0,6.495,6.495,6.495,6.495,55.83
2023-06-04 09:21:00,1685870460.0,6.495,6.496,6.494,6.496,992.55
2023-06-04 09:22:00,1685870520.0,6.496,6.496,6.496,6.496,34.01
2023-06-04 09:23:00,1685870580.0,6.497,6.498,6.497,6.498,96.15
2023-06-04 09:24:00,1685870640.0,6.498,6.499,6.498,6.498,2273.93
2023-06-04 09:25:00,1685870700.0,6.498,6.498,6.495,6.495,412.82
2023-06-04 09:26:00,1685870760.0,6.495,6.495,6.493,6.493,149.63
2023-06-04 09:27:00,1685870820.0,6.494,6.495,6.493,6.493,189.06
2023-06-04 09:28:00,1685870880.0,6.493,6.493,6.493,6.493,15.77
2023-06-04 09:29:00,1685870940.0,6.494,6.496,6.494,6.496,1038.08
2023-06-04 09:30:00,1685871000.0,6.497,6.498,6.497,6.497,200.65
2023-06-04 09:31:00,1685871060.0,6.497,6.497,6.497,6.497,22.0
2023-06-04 09:32:00,1685871120.0,6.496,6.496,6.493,6.493,217.89
2023-06-04 09:33:00,1685871180.0,6.494,6.494,6.492,6.492,421.06
2023-06-04 09:34:00,1685871240.0,6.491,6.493,6.491,6.492,191.85
2023-06-04 09:35:00,1685871300.0,6.493,6.493,6.491,6.491,139.47
2023-06-04 09:36:00,1685871360.0,6.491,6.492,6.49,6.49,118.68
2023-06-04 09:37:00,1685871420.0,6.491,6.491,6.49,6.49,1173.9
2023-06-04 09:38:00,1685871480.0,6.49,6.492,6.49,6.491,2355.63
2023-06-04 09:39:00,1685871540.0,6.491,6.495,6.491,6.495,131.56
2023-06-04 09:40:00,1685871600.0,6.496,6.497,6.496,6.496,530.04
2023-06-04 09:41:00,1685871660.0,6.497,6.498,6.496,6.498,313.32
2023-06-04 09:42:00,1685871720.0,6.498,6.498,6.495,6.495,324.54
2023-06-04 09:43:00,1685871780.0,6.494,6.494,6.49,6.49,1097.02
2023-06-04 09:44:00,1685871840.0,6.489,6.491,6.489,6.491,173.47
2023-06-04 09:45:00,1685871900.0,6.492,6.494,6.491,6.494,406.04
2023-06-04 09:46:00,1685871960.0,6.493,6.493,6.492,6.493,204.13
2023-06-04 09:47:00,1685872020.0,6.493,6.493,6.493,6.493,1.48
2023-06-04 09:48:00,1685872080.0,6.493,6.494,6.493,6.494,450.54
2023-06-04 09:49:00,1685872140.0,6.493,6.493,6.492,6.493,263.4
2023-06-04 09:50:00,1685872200.0,6.494,6.494,6.493,6.494,105.38
2023-06-04 09:51:00,1685872260.0,6.494,6.495,6.494,6.494,218.53
2023-06-04 09:52:00,1685872320.0,6.494,6.494,6.494,6.494,9.93
2023-06-04 09:53:00,1685872380.0,6.494,6.494,6.488,6.488,663.39
2023-06-04 09:54:00,1685872440.0,6.489,6.489,6.487,6.487,84.21
2023-06-04 09:55:00,1685872500.0,6.488,6.49,6.488,6.49,168.57
2023-06-04 09:56:00,1685872560.0,6.491,6.491,6.491,6.491,79.31
2023-06-04 09:57:00,1685872620.0,6.49,6.49,6.488,6.489,314.73
2023-06-04 09:58:00,1685872680.0,6.489,6.489,6.489,6.489,13.53
2023-06-04 09:59:00,1685872740.0,6.49,6.49,6.489,6.489,117.27
2023-06-04 10:00:00,1685872800.0,6.49,6.492,6.49,6.491,429.17
2023-06-04 10:01:00,1685872860.0,6.492,6.492,6.492,6.492,2756.51
2023-06-04 10:02:00,1685872920.0,6.492,6.492,6.491,6.491,313.42
2023-06-04 10:03:00,1685872980.0,6.492,6.493,6.489,6.493,2940.96
2023-06-04 10:04:00,1685873040.0,6.493,6.493,6.49,6.491,1701.22
2023-06-04 10:05:00,1685873100.0,6.492,6.495,6.492,6.495,1118.37
2023-06-04 10:06:00,1685873160.0,6.494,6.494,6.493,6.493,122.3
2023-06-04 10:07:00,1685873220.0,6.494,6.494,6.494,6.494,819.16
2023-06-04 10:08:00,1685873280.0,6.495,6.496,6.495,6.496,1099.58
2023-06-04 10:09:00,1685873340.0,6.496,6.497,6.495,6.497,1262.86
2023-06-04 10:10:00,1685873400.0,6.498,6.498,6.497,6.498,303.27
2023-06-04 10:11:00,1685873460.0,6.498,6.498,6.497,6.498,17.99
2023-06-04 10:12:00,1685873520.0,6.497,6.501,6.497,6.499,3712.77
2023-06-04 10:13:00,1685873580.0,6.499,6.501,6.499,6.501,1244.37
2023-06-04 10:14:00,1685873640.0,6.501,6.502,6.501,6.502,1460.37
2023-06-04 10:15:00,1685873700.0,6.502,6.503,6.501,6.503,1429.35
2023-06-04 10:16:00,1685873760.0,6.503,6.504,6.503,6.503,139.28
2023-06-04 10:17:00,1685873820.0,6.503,6.506,6.503,6.504,890.21
2023-06-04 10:18:00,1685873880.0,6.504,6.504,6.496,6.497,690.94
2023-06-04 10:19:00,1685873940.0,6.497,6.498,6.497,6.497,446.0
2023-06-04 10:20:00,1685874000.0,6.501,6.506,6.501,6.506,1675.39
2023-06-04 10:21:00,1685874060.0,6.505,6.507,6.505,6.506,128.83
2023-06-04 10:22:00,1685874120.0,6.506,6.507,6.506,6.507,224.11
2023-06-04 10:23:00,1685874180.0,6.507,6.508,6.505,6.505,1328.95
2023-06-04 10:24:00,1685874240.0,6.506,6.506,6.505,6.506,194.56
2023-06-04 10:25:00,1685874300.0,6.506,6.511,6.506,6.51,2182.72
2023-06-04 10:26:00,1685874360.0,6.509,6.511,6.509,6.51,1041.59
2023-06-04 10:27:00,1685874420.0,6.51,6.51,6.503,6.504,3539.93
2023-06-04 10:28:00,1685874480.0,6.505,6.508,6.504,6.507,1379.25
2023-06-04 10:29:00,1685874540.0,6.506,6.507,6.505,6.505,170.73
2023-06-04 10:30:00,1685874600.0,6.506,6.51,6.506,6.51,2080.63
2023-06-04 10:31:00,1685874660.0,6.509,6.509,6.507,6.507,105.21
2023-06-04 10:32:00,1685874720.0,6.507,6.508,6.507,6.508,59.15
2023-06-04 10:33:00,1685874780.0,6.508,6.511,6.507,6.507,3095.95
2023-06-04 10:34:00,1685874840.0,6.507,6.507,6.504,6.505,2472.0
2023-06-04 10:35:00,1685874900.0,6.505,6.505,6.501,6.502,1376.34
2023-06-04 10:36:00,1685874960.0,6.502,6.502,6.502,6.502,7.26
2023-06-04 10:37:00,1685875020.0,6.502,6.503,6.502,6.503,520.9
2023-06-04 10:38:00,1685875080.0,6.502,6.502,6.501,6.501,146.63
2023-06-04 10:39:00,1685875140.0,6.5,6.506,6.5,6.502,2914.38
2023-06-04 10:40:00,1685875200.0,6.502,6.503,6.502,6.503,215.82
2023-06-04 10:41:00,1685875260.0,6.503,6.504,6.503,6.503,1014.21
2023-06-04 10:42:00,1685875320.0,6.502,6.503,6.502,6.503,1768.19
2023-06-04 10:43:00,1685875380.0,6.504,6.504,6.502,6.502,755.11
2023-06-04 10:44:00,1685875440.0,6.503,6.503,6.502,6.503,276.69
2023-06-04 10:45:00,1685875500.0,6.503,6.503,6.502,6.502,369.85
2023-06-04 10:46:00,1685875560.0,6.502,6.502,6.502,6.502,7569.23
2023-06-04 10:47:00,1685875620.0,6.503,6.505,6.503,6.505,1042.51
2023-06-04 10:48:00,1685875680.0,6.505,6.505,6.505,6.505,37.48
2023-06-04 10:49:00,1685875740.0,6.505,6.505,6.504,6.505,62.45
2023-06-04 10:50:00,1685875800.0,6.505,6.507,6.505,6.506,544.4
2023-06-04 10:51:00,1685875860.0,6.506,6.506,6.505,6.506,389.73
2023-06-04 10:52:00,1685875920.0,6.507,6.507,6.505,6.505,851.77
2023-06-04 10:53:00,1685875980.0,6.505,6.505,6.504,6.504,108.79
2023-06-04 10:54:00,1685876040.0,6.504,6.504,6.502,6.503,2173.96
2023-06-04 10:55:00,1685876100.0,6.502,6.503,6.502,6.503,130.22
2023-06-04 10:56:00,1685876160.0,6.502,6.503,6.502,6.503,1698.18
2023-06-04 10:57:00,1685876220.0,6.503,6.503,6.502,6.502,2895.47
2023-06-04 10:58:00,1685876280.0,6.502,6.503,6.502,6.503,976.02
2023-06-04 10:59:00,1685876340.0,6.502,6.504,6.502,6.503,868.43
2023-06-04 11:00:00,1685876400.0,6.503,6.503,6.502,6.502,98.28
2023-06-04 11:01:00,1685876460.0,6.501,6.501,6.5,6.5,158.15
2023-06-04 11:02:00,1685876520.0,6.5,6.5,6.499,6.499,181.8
2023-06-04 11:03:00,1685876580.0,6.5,6.5,6.497,6.497,134.49
2023-06-04 11:04:00,1685876640.0,6.498,6.501,6.496,6.501,8179.65
2023-06-04 11:05:00,1685876700.0,6.5,6.504,6.5,6.504,151.65
2023-06-04 11:06:00,1685876760.0,6.503,6.504,6.503,6.503,172.28
2023-06-04 11:07:00,1685876820.0,6.503,6.51,6.503,6.51,788.33
2023-06-04 11:08:00,1685876880.0,6.509,6.509,6.508,6.508,1360.75
2023-06-04 11:09:00,1685876940.0,6.508,6.508,6.507,6.507,494.94
2023-06-04 11:10:00,1685877000.0,6.508,6.51,6.508,6.509,560.63
2023-06-04 11:11:00,1685877060.0,6.51,6.511,6.51,6.511,1054.69
2023-06-04 11:12:00,1685877120.0,6.51,6.51,6.51,6.51,47.36
2023-06-04 11:13:00,1685877180.0,6.509,6.51,6.509,6.51,116.96
2023-06-04 11:14:00,1685877240.0,6.51,6.51,6.509,6.509,65.1
2023-06-04 11:15:00,1685877300.0,6.509,6.509,6.507,6.507,168.51
2023-06-04 11:16:00,1685877360.0,6.508,6.508,6.504,6.504,326.42
2023-06-04 11:17:00,1685877420.0,6.504,6.505,6.504,6.504,430.08
2023-06-04 11:18:00,1685877480.0,6.503,6.503,6.502,6.502,792.82
2023-06-04 11:19:00,1685877540.0,6.501,6.501,6.499,6.499,64.93
2023-06-04 11:20:00,1685877600.0,6.499,6.499,6.499,6.499,1.6
2023-06-04 11:21:00,1685877660.0,6.499,6.499,6.499,6.499,232.83
2023-06-04 11:22:00,1685877720.0,6.5,6.502,6.5,6.502,687.97
2023-06-04 11:23:00,1685877780.0,6.501,6.501,6.501,6.501,453.42
2023-06-04 11:24:00,1685877840.0,6.501,6.501,6.5,6.501,440.25
2023-06-04 11:25:00,1685877900.0,6.5,6.501,6.5,6.501,3.33
2023-06-04 11:26:00,1685877960.0,6.501,6.502,6.501,6.502,23.64
2023-06-04 11:27:00,1685878020.0,6.501,6.502,6.501,6.501,190.18
2023-06-04 11:28:00,1685878080.0,6.501,6.501,6.501,6.501,300.95
2023-06-04 11:29:00,1685878140.0,6.501,6.501,6.501,6.501,488.2
2023-06-04 11:30:00,1685878200.0,6.5,6.5,6.5,6.5,9.23
2023-06-04 11:31:00,1685878260.0,6.499,6.499,6.497,6.497,1529.31
2023-06-04 11:32:00,1685878320.0,6.497,6.498,6.497,6.498,875.36
2023-06-04 11:33:00,1685878380.0,6.497,6.498,6.497,6.498,23.72
2023-06-04 11:34:00,1685878440.0,6.498,6.498,6.498,6.498,4.17
2023-06-04 11:35:00,1685878500.0,6.497,6.498,6.497,6.497,555.34
2023-06-04 11:36:00,1685878560.0,6.497,6.498,6.497,6.497,55.48
2023-06-04 11:37:00,1685878620.0,6.498,6.498,6.498,6.498,2.41
2023-06-04 11:38:00,1685878680.0,6.497,6.497,6.491,6.491,4419.86
2023-06-04 11:39:00,1685878740.0,6.49,6.491,6.487,6.488,4042.62
2023-06-04 11:40:00,1685878800.0,6.489,6.497,6.489,6.495,6258.9
2023-06-04 11:41:00,1685878860.0,6.495,6.495,6.495,6.495,502.84
2023-06-04 11:42:00,1685878920.0,6.494,6.495,6.494,6.494,374.2
2023-06-04 11:43:00,1685878980.0,6.495,6.495,6.49,6.49,645.19
2023-06-04 11:44:00,1685879040.0,6.49,6.49,6.488,6.49,1559.53
2023-06-04 11:45:00,1685879100.0,6.49,6.49,6.49,6.49,2.36
2023-06-04 11:46:00,1685879160.0,6.49,6.492,6.49,6.492,260.4
2023-06-04 11:47:00,1685879220.0,6.492,6.494,6.492,6.494,23.99
2023-06-04 11:48:00,1685879280.0,6.493,6.497,6.493,6.497,1648.15
2023-06-04 11:49:00,1685879340.0,6.498,6.499,6.498,6.499,201.69
2023-06-04 11:50:00,1685879400.0,6.499,6.5,6.499,6.5,62.08
2023-06-04 11:51:00,1685879460.0,6.499,6.499,6.494,6.494,881.49
2023-06-04 11:52:00,1685879520.0,6.494,6.494,6.494,6.494,2.3
2023-06-04 11:53:00,1685879580.0,6.495,6.496,6.495,6.496,286.06
2023-06-04 11:54:00,1685879640.0,6.496,6.496,6.494,6.494,139.24
2023-06-04 11:55:00,1685879700.0,6.494,6.496,6.494,6.496,171.98
2023-06-04 11:56:00,1685879760.0,6.496,6.496,6.495,6.495,80.15
2023-06-04 11:57:00,1685879820.0,6.496,6.496,6.496,6.496,22.12
2023-06-04 11:58:00,1685879880.0,6.496,6.496,6.495,6.495,9.62
2023-06-04 11:59:00,1685879940.0,6.495,6.495,6.495,6.495,52.05
2023-06-04 12:00:00,1685880000.0,6.495,6.495,6.494,6.494,53.91
2023-06-04 12:01:00,1685880060.0,6.492,6.493,6.491,6.491,810.86
2023-06-04 12:02:00,1685880120.0,6.492,6.493,6.492,6.493,168.29
2023-06-04 12:03:00,1685880180.0,6.495,6.495,6.494,6.494,129.18
2023-06-04 12:04:00,1685880240.0,6.494,6.494,6.493,6.494,98.14
2023-06-04 12:05:00,1685880300.0,6.493,6.493,6.493,6.493,184.92
2023-06-04 12:06:00,1685880360.0,6.493,6.493,6.491,6.492,281.17
2023-06-04 12:07:00,1685880420.0,6.492,6.492,6.491,6.491,22.95
2023-06-04 12:08:00,1685880480.0,6.491,6.492,6.491,6.492,27.51
2023-06-04 12:09:00,1685880540.0,6.491,6.491,6.489,6.49,686.79
2023-06-04 12:10:00,1685880600.0,6.49,6.49,6.49,6.49,79.59
2023-06-04 12:11:00,1685880660.0,6.491,6.492,6.491,6.492,29.09
2023-06-04 12:12:00,1685880720.0,6.492,6.492,6.491,6.491,116.33
2023-06-04 12:13:00,1685880780.0,6.491,6.492,6.491,6.492,387.63
2023-06-04 12:14:00,1685880840.0,6.492,6.492,6.491,6.491,64.61
2023-06-04 12:15:00,1685880900.0,6.492,6.492,6.492,6.492,60.99
2023-06-04 12:16:00,1685880960.0,6.492,6.492,6.491,6.491,239.67
2023-06-04 12:17:00,1685881020.0,6.491,6.491,6.49,6.49,197.52
2023-06-04 12:18:00,1685881080.0,6.49,6.491,6.49,6.491,72.81
2023-06-04 12:19:00,1685881140.0,6.49,6.491,6.489,6.489,120.96
2023-06-04 12:20:00,1685881200.0,6.489,6.489,6.489,6.489,0.0
2023-06-04 12:21:00,1685881260.0,6.489,6.489,6.489,6.489,91.78
2023-06-04 12:22:00,1685881320.0,6.489,6.491,6.487,6.491,3061.02
2023-06-04 12:23:00,1685881380.0,6.491,6.492,6.49,6.491,266.56
2023-06-04 12:24:00,1685881440.0,6.491,6.491,6.487,6.487,1440.45
2023-06-04 12:25:00,1685881500.0,6.487,6.491,6.487,6.488,2943.76
2023-06-04 12:26:00,1685881560.0,6.488,6.489,6.481,6.483,6399.85
2023-06-04 12:27:00,1685881620.0,6.484,6.485,6.484,6.485,164.45
2023-06-04 12:28:00,1685881680.0,6.482,6.483,6.474,6.475,3115.5
2023-06-04 12:29:00,1685881740.0,6.475,6.475,6.469,6.472,5833.24
2023-06-04 12:30:00,1685881800.0,6.473,6.48,6.473,6.48,3653.12
2023-06-04 12:31:00,1685881860.0,6.48,6.48,6.471,6.471,1646.71
2023-06-04 12:32:00,1685881920.0,6.472,6.475,6.471,6.475,662.43
2023-06-04 12:33:00,1685881980.0,6.475,6.483,6.475,6.483,3766.85
2023-06-04 12:34:00,1685882040.0,6.482,6.487,6.482,6.487,1113.88
2023-06-04 12:35:00,1685882100.0,6.487,6.488,6.486,6.487,1271.51
2023-06-04 12:36:00,1685882160.0,6.486,6.487,6.486,6.487,564.18
2023-06-04 12:37:00,1685882220.0,6.487,6.487,6.487,6.487,1086.71
2023-06-04 12:38:00,1685882280.0,6.487,6.487,6.487,6.487,16.03
2023-06-04 12:39:00,1685882340.0,6.487,6.489,6.487,6.488,2006.56
2023-06-04 12:40:00,1685882400.0,6.488,6.49,6.485,6.49,869.51
2023-06-04 12:41:00,1685882460.0,6.491,6.491,6.488,6.489,338.16
2023-06-04 12:42:00,1685882520.0,6.489,6.489,6.489,6.489,1.5
2023-06-04 12:43:00,1685882580.0,6.489,6.491,6.489,6.491,124.76
2023-06-04 12:44:00,1685882640.0,6.491,6.493,6.491,6.492,622.93
2023-06-04 12:45:00,1685882700.0,6.493,6.496,6.493,6.496,1050.04
2023-06-04 12:46:00,1685882760.0,6.496,6.498,6.496,6.498,1683.0
2023-06-04 12:47:00,1685882820.0,6.497,6.498,6.497,6.498,25.44
2023-06-04 12:48:00,1685882880.0,6.498,6.498,6.495,6.495,1743.37
2023-06-04 12:49:00,1685882940.0,6.494,6.496,6.494,6.496,986.27
2023-06-04 12:50:00,1685883000.0,6.498,6.498,6.497,6.497,4.27
2023-06-04 12:51:00,1685883060.0,6.498,6.498,6.497,6.497,191.11
2023-06-04 12:52:00,1685883120.0,6.498,6.498,6.497,6.498,82.22
2023-06-04 12:53:00,1685883180.0,6.498,6.498,6.497,6.498,15.26
2023-06-04 12:54:00,1685883240.0,6.497,6.5,6.497,6.5,372.61
2023-06-04 12:55:00,1685883300.0,6.5,6.5,6.499,6.499,15.21
2023-06-04 12:56:00,1685883360.0,6.5,6.5,6.499,6.499,40.95
2023-06-04 12:57:00,1685883420.0,6.5,6.503,6.499,6.503,5032.64
2023-06-04 12:58:00,1685883480.0,6.503,6.507,6.503,6.506,845.34
2023-06-04 12:59:00,1685883540.0,6.506,6.507,6.506,6.506,79.0
2023-06-04 13:00:00,1685883600.0,6.506,6.507,6.506,6.507,390.35
2023-06-04 13:01:00,1685883660.0,6.507,6.508,6.507,6.507,776.81
2023-06-04 13:02:00,1685883720.0,6.507,6.508,6.507,6.508,162.51
2023-06-04 13:03:00,1685883780.0,6.508,6.508,6.507,6.508,26.72
2023-06-04 13:04:00,1685883840.0,6.508,6.508,6.508,6.508,140.99
2023-06-04 13:05:00,1685883900.0,6.508,6.508,6.508,6.508,35.33
2023-06-04 13:06:00,1685883960.0,6.508,6.508,6.507,6.507,26.51
2023-06-04 13:07:00,1685884020.0,6.508,6.508,6.508,6.508,658.53
2023-06-04 13:08:00,1685884080.0,6.508,6.508,6.508,6.508,17.28
2023-06-04 13:09:00,1685884140.0,6.508,6.509,6.508,6.508,734.16
2023-06-04 13:10:00,1685884200.0,6.508,6.51,6.507,6.508,3058.1
2023-06-04 13:11:00,1685884260.0,6.507,6.508,6.507,6.508,29.06
2023-06-04 13:12:00,1685884320.0,6.507,6.507,6.504,6.504,951.92
2023-06-04 13:13:00,1685884380.0,6.504,6.504,6.502,6.503,3645.81
2023-06-04 13:14:00,1685884440.0,6.502,6.502,6.501,6.502,69.6
2023-06-04 13:15:00,1685884500.0,6.502,6.505,6.502,6.504,1298.36
2023-06-04 13:16:00,1685884560.0,6.503,6.503,6.502,6.502,176.65
2023-06-04 13:17:00,1685884620.0,6.502,6.511,6.502,6.511,14340.08
2023-06-04 13:18:00,1685884680.0,6.511,6.511,6.51,6.51,244.66
2023-06-04 13:19:00,1685884740.0,6.511,6.512,6.51,6.51,2400.67
2023-06-04 13:20:00,1685884800.0,6.508,6.509,6.508,6.509,451.17
2023-06-04 13:21:00,1685884860.0,6.508,6.508,6.508,6.508,5.34
2023-06-04 13:22:00,1685884920.0,6.508,6.509,6.508,6.508,735.13
2023-06-04 13:23:00,1685884980.0,6.508,6.508,6.507,6.507,22.42
2023-06-04 13:24:00,1685885040.0,6.508,6.511,6.508,6.511,1239.11
2023-06-04 13:25:00,1685885100.0,6.51,6.51,6.508,6.51,2711.08
2023-06-04 13:26:00,1685885160.0,6.51,6.513,6.508,6.511,9839.94
2023-06-04 13:27:00,1685885220.0,6.51,6.512,6.51,6.512,454.96
2023-06-04 13:28:00,1685885280.0,6.511,6.512,6.511,6.511,566.4
2023-06-04 13:29:00,1685885340.0,6.511,6.512,6.511,6.511,246.84
2023-06-04 13:30:00,1685885400.0,6.511,6.514,6.511,6.513,1848.49
2023-06-04 13:31:00,1685885460.0,6.514,6.514,6.514,6.514,122.3
2023-06-04 13:32:00,1685885520.0,6.513,6.513,6.513,6.513,279.64
2023-06-04 13:33:00,1685885580.0,6.512,6.513,6.512,6.512,1942.01
2023-06-04 13:34:00,1685885640.0,6.512,6.512,6.511,6.512,363.62
2023-06-04 13:35:00,1685885700.0,6.511,6.511,6.51,6.51,329.15
2023-06-04 13:36:00,1685885760.0,6.511,6.511,6.511,6.511,354.47
2023-06-04 13:37:00,1685885820.0,6.512,6.513,6.512,6.513,518.65
2023-06-04 13:38:00,1685885880.0,6.513,6.513,6.512,6.513,160.87
2023-06-04 13:39:00,1685885940.0,6.513,6.513,6.511,6.511,136.43
2023-06-04 13:40:00,1685886000.0,6.513,6.513,6.513,6.513,405.42
2023-06-04 13:41:00,1685886060.0,6.513,6.514,6.513,6.514,297.89
2023-06-04 13:42:00,1685886120.0,6.514,6.514,6.511,6.514,3337.22
2023-06-04 13:43:00,1685886180.0,6.514,6.515,6.514,6.514,500.04
2023-06-04 13:44:00,1685886240.0,6.515,6.516,6.515,6.515,421.87
2023-06-04 13:45:00,1685886300.0,6.515,6.515,6.514,6.514,55.79
2023-06-04 13:46:00,1685886360.0,6.515,6.516,6.515,6.515,105.9
2023-06-04 13:47:00,1685886420.0,6.516,6.516,6.516,6.516,30.69
2023-06-04 13:48:00,1685886480.0,6.515,6.517,6.515,6.517,737.94
2023-06-04 13:49:00,1685886540.0,6.517,6.517,6.514,6.514,2984.77
2023-06-04 13:50:00,1685886600.0,6.513,6.513,6.512,6.512,23.95
2023-06-04 13:51:00,1685886660.0,6.513,6.515,6.513,6.515,1087.38
2023-06-04 13:52:00,1685886720.0,6.516,6.518,6.516,6.518,369.14
2023-06-04 13:53:00,1685886780.0,6.519,6.519,6.518,6.518,280.51
2023-06-04 13:54:00,1685886840.0,6.518,6.525,6.518,6.523,3744.94
2023-06-04 13:55:00,1685886900.0,6.523,6.526,6.519,6.52,1871.62
2023-06-04 13:56:00,1685886960.0,6.519,6.52,6.518,6.52,1494.13
2023-06-04 13:57:00,1685887020.0,6.52,6.521,6.52,6.52,441.46
2023-06-04 13:58:00,1685887080.0,6.52,6.52,6.52,6.52,20.46
2023-06-04 13:59:00,1685887140.0,6.52,6.52,6.514,6.514,5988.13
2023-06-04 14:00:00,1685887200.0,6.515,6.517,6.515,6.516,1001.21
2023-06-04 14:01:00,1685887260.0,6.515,6.515,6.511,6.514,1826.87
2023-06-04 14:02:00,1685887320.0,6.514,6.515,6.514,6.515,4.15
2023-06-04 14:03:00,1685887380.0,6.515,6.518,6.515,6.516,522.56
2023-06-04 14:04:00,1685887440.0,6.516,6.518,6.511,6.515,3950.31
2023-06-04 14:05:00,1685887500.0,6.514,6.518,6.512,6.517,4154.88
2023-06-04 14:06:00,1685887560.0,6.517,6.518,6.514,6.515,1467.71
2023-06-04 14:07:00,1685887620.0,6.516,6.516,6.515,6.515,52.8
2023-06-04 14:08:00,1685887680.0,6.515,6.515,6.51,6.512,10188.46
2023-06-04 14:09:00,1685887740.0,6.513,6.515,6.513,6.515,422.87
2023-06-04 14:10:00,1685887800.0,6.515,6.515,6.515,6.515,0.0
2023-06-04 14:11:00,1685887860.0,6.514,6.515,6.514,6.515,780.09
2023-06-04 14:12:00,1685887920.0,6.515,6.515,6.515,6.515,1309.37
2023-06-04 14:13:00,1685887980.0,6.516,6.517,6.515,6.517,276.08
2023-06-04 14:14:00,1685888040.0,6.517,6.517,6.515,6.517,1009.25
2023-06-04 14:15:00,1685888100.0,6.517,6.517,6.517,6.517,190.22
2023-06-04 14:16:00,1685888160.0,6.518,6.518,6.517,6.518,1058.64
2023-06-04 14:17:00,1685888220.0,6.517,6.519,6.517,6.519,936.4
2023-06-04 14:18:00,1685888280.0,6.518,6.518,6.518,6.518,150.0
2023-06-04 14:19:00,1685888340.0,6.517,6.518,6.517,6.517,73.27
2023-06-04 14:20:00,1685888400.0,6.517,6.518,6.517,6.518,115.42
2023-06-04 14:21:00,1685888460.0,6.518,6.518,6.517,6.517,88.79
2023-06-04 14:22:00,1685888520.0,6.518,6.518,6.518,6.518,716.65
2023-06-04 14:23:00,1685888580.0,6.517,6.522,6.516,6.521,2656.11
2023-06-04 14:24:00,1685888640.0,6.522,6.522,6.52,6.521,1360.96
2023-06-04 14:25:00,1685888700.0,6.52,6.521,6.519,6.52,1245.87
2023-06-04 14:26:00,1685888760.0,6.52,6.52,6.516,6.517,1903.3
2023-06-04 14:27:00,1685888820.0,6.515,6.516,6.513,6.513,838.77
2023-06-04 14:28:00,1685888880.0,6.513,6.513,6.511,6.512,3361.72
2023-06-04 14:29:00,1685888940.0,6.513,6.513,6.511,6.511,1016.47
2023-06-04 14:30:00,1685889000.0,6.51,6.517,6.51,6.514,901.17
2023-06-04 14:31:00,1685889060.0,6.513,6.513,6.51,6.51,1189.81
2023-06-04 14:32:00,1685889120.0,6.51,6.511,6.5,6.503,5406.88
2023-06-04 14:33:00,1685889180.0,6.504,6.506,6.504,6.506,1916.05
2023-06-04 14:34:00,1685889240.0,6.506,6.506,6.505,6.505,265.69
2023-06-04 14:35:00,1685889300.0,6.505,6.509,6.505,6.508,901.88
2023-06-04 14:36:00,1685889360.0,6.509,6.509,6.506,6.506,82.78
2023-06-04 14:37:00,1685889420.0,6.506,6.506,6.504,6.505,464.19
2023-06-04 14:38:00,1685889480.0,6.505,6.508,6.505,6.508,1152.88
2023-06-04 14:39:00,1685889540.0,6.508,6.508,6.508,6.508,0.0
2023-06-04 14:40:00,1685889600.0,6.509,6.509,6.505,6.505,639.1
2023-06-04 14:41:00,1685889660.0,6.506,6.507,6.506,6.506,116.41
2023-06-04 14:42:00,1685889720.0,6.505,6.508,6.505,6.508,454.48
2023-06-04 14:43:00,1685889780.0,6.508,6.508,6.508,6.508,0.0
2023-06-04 14:44:00,1685889840.0,6.508,6.509,6.508,6.508,1215.45
2023-06-04 14:45:00,1685889900.0,6.509,6.512,6.509,6.511,161.3
2023-06-04 14:46:00,1685889960.0,6.511,6.518,6.511,6.518,1192.87
2023-06-04 14:47:00,1685890020.0,6.518,6.518,6.515,6.515,357.74
2023-06-04 14:48:00,1685890080.0,6.517,6.518,6.517,6.518,101.92
2023-06-04 14:49:00,1685890140.0,6.517,6.517,6.516,6.516,803.85
2023-06-04 14:50:00,1685890200.0,6.517,6.518,6.517,6.518,226.88
2023-06-04 14:51:00,1685890260.0,6.515,6.515,6.513,6.513,90.55
2023-06-04 14:52:00,1685890320.0,6.512,6.513,6.512,6.513,63.18
2023-06-04 14:53:00,1685890380.0,6.513,6.513,6.512,6.512,9.12
2023-06-04 14:54:00,1685890440.0,6.512,6.514,6.512,6.514,249.86
2023-06-04 14:55:00,1685890500.0,6.514,6.515,6.514,6.515,142.95
2023-06-04 14:56:00,1685890560.0,6.516,6.516,6.512,6.512,1591.05
2023-06-04 14:57:00,1685890620.0,6.511,6.511,6.508,6.508,360.22
2023-06-04 14:58:00,1685890680.0,6.508,6.508,6.507,6.507,29.24
2023-06-04 14:59:00,1685890740.0,6.507,6.507,6.506,6.506,122.11
2023-06-04 15:00:00,1685890800.0,6.507,6.508,6.507,6.508,1276.5
2023-06-04 15:01:00,1685890860.0,6.508,6.51,6.508,6.51,136.8
2023-06-04 15:02:00,1685890920.0,6.509,6.512,6.508,6.512,1645.56
2023-06-04 15:03:00,1685890980.0,6.511,6.511,6.508,6.508,218.46
2023-06-04 15:04:00,1685891040.0,6.507,6.51,6.507,6.51,686.63
2023-06-04 15:05:00,1685891100.0,6.51,6.51,6.509,6.509,21.01
2023-06-04 15:06:00,1685891160.0,6.509,6.511,6.509,6.511,95.07
2023-06-04 15:07:00,1685891220.0,6.512,6.514,6.512,6.514,1903.97
2023-06-04 15:08:00,1685891280.0,6.513,6.513,6.51,6.51,1055.16
2023-06-04 15:09:00,1685891340.0,6.509,6.509,6.506,6.506,396.22
2023-06-04 15:10:00,1685891400.0,6.506,6.507,6.506,6.506,41.01
2023-06-04 15:11:00,1685891460.0,6.506,6.506,6.502,6.502,966.39
2023-06-04 15:12:00,1685891520.0,6.501,6.502,6.501,6.501,541.71
2023-06-04 15:13:00,1685891580.0,6.502,6.503,6.502,6.503,602.68
2023-06-04 15:14:00,1685891640.0,6.501,6.501,6.499,6.5,515.16
2023-06-04 15:15:00,1685891700.0,6.5,6.503,6.5,6.503,456.71
2023-06-04 15:16:00,1685891760.0,6.502,6.502,6.502,6.502,378.33
2023-06-04 15:17:00,1685891820.0,6.502,6.503,6.501,6.501,493.54
2023-06-04 15:18:00,1685891880.0,6.501,6.503,6.501,6.502,43.84
2023-06-04 15:19:00,1685891940.0,6.502,6.502,6.502,6.502,757.84
2023-06-04 15:20:00,1685892000.0,6.503,6.503,6.5,6.501,4493.7
2023-06-04 15:21:00,1685892060.0,6.502,6.502,6.5,6.501,56.89
2023-06-04 15:22:00,1685892120.0,6.5,6.501,6.5,6.501,202.42
2023-06-04 15:23:00,1685892180.0,6.501,6.502,6.501,6.501,1505.54
2023-06-04 15:24:00,1685892240.0,6.501,6.501,6.5,6.501,340.51
2023-06-04 15:25:00,1685892300.0,6.5,6.5,6.499,6.5,486.76
2023-06-04 15:26:00,1685892360.0,6.501,6.501,6.501,6.501,131.4
2023-06-04 15:27:00,1685892420.0,6.502,6.503,6.502,6.503,259.76
2023-06-04 15:28:00,1685892480.0,6.504,6.509,6.504,6.508,514.91
2023-06-04 15:29:00,1685892540.0,6.508,6.508,6.508,6.508,1562.64
2023-06-04 15:30:00,1685892600.0,6.509,6.509,6.508,6.509,190.2
2023-06-04 15:31:00,1685892660.0,6.509,6.51,6.508,6.51,1673.96
2023-06-04 15:32:00,1685892720.0,6.51,6.511,6.505,6.505,799.84
2023-06-04 15:33:00,1685892780.0,6.505,6.508,6.504,6.506,1478.8
2023-06-04 15:34:00,1685892840.0,6.505,6.505,6.502,6.502,189.1
2023-06-04 15:35:00,1685892900.0,6.501,6.501,6.498,6.498,477.32
2023-06-04 15:36:00,1685892960.0,6.499,6.5,6.498,6.5,101.38
2023-06-04 15:37:00,1685893020.0,6.499,6.5,6.499,6.499,138.81
2023-06-04 15:38:00,1685893080.0,6.5,6.502,6.499,6.501,779.62
2023-06-04 15:39:00,1685893140.0,6.502,6.502,6.501,6.501,533.25
2023-06-04 15:40:00,1685893200.0,6.501,6.506,6.501,6.506,1104.16
2023-06-04 15:41:00,1685893260.0,6.506,6.506,6.505,6.505,79.76
2023-06-04 15:42:00,1685893320.0,6.506,6.506,6.506,6.506,405.57
2023-06-04 15:43:00,1685893380.0,6.506,6.507,6.504,6.504,1140.06
2023-06-04 15:44:00,1685893440.0,6.505,6.505,6.504,6.504,223.54
2023-06-04 15:45:00,1685893500.0,6.504,6.506,6.504,6.505,130.19
2023-06-04 15:46:00,1685893560.0,6.506,6.507,6.506,6.507,99.61
2023-06-04 15:47:00,1685893620.0,6.508,6.509,6.506,6.506,665.62
2023-06-04 15:48:00,1685893680.0,6.507,6.507,6.507,6.507,82.06
2023-06-04 15:49:00,1685893740.0,6.507,6.507,6.506,6.506,214.38
2023-06-04 15:50:00,1685893800.0,6.506,6.506,6.505,6.506,564.62
2023-06-04 15:51:00,1685893860.0,6.506,6.506,6.503,6.504,998.16
2023-06-04 15:52:00,1685893920.0,6.504,6.504,6.503,6.504,157.86
2023-06-04 15:53:00,1685893980.0,6.504,6.505,6.504,6.505,464.8
2023-06-04 15:54:00,1685894040.0,6.504,6.505,6.504,6.505,76.66
2023-06-04 15:55:00,1685894100.0,6.505,6.506,6.505,6.506,71.87
2023-06-04 15:56:00,1685894160.0,6.506,6.506,6.502,6.506,1779.84
2023-06-04 15:57:00,1685894220.0,6.504,6.504,6.502,6.504,829.54
2023-06-04 15:58:00,1685894280.0,6.502,6.502,6.499,6.5,2563.87
2023-06-04 15:59:00,1685894340.0,6.5,6.5,6.498,6.499,280.66
2023-06-04 16:00:00,1685894400.0,6.499,6.502,6.499,6.501,235.65
2023-06-04 16:01:00,1685894460.0,6.501,6.502,6.5,6.502,213.79
2023-06-04 16:02:00,1685894520.0,6.501,6.504,6.501,6.504,427.16
2023-06-04 16:03:00,1685894580.0,6.503,6.505,6.503,6.504,330.05
2023-06-04 16:04:00,1685894640.0,6.504,6.505,6.503,6.504,1113.86
2023-06-04 16:05:00,1685894700.0,6.503,6.503,6.498,6.5,1561.11
2023-06-04 16:06:00,1685894760.0,6.499,6.5,6.496,6.499,1230.41
2023-06-04 16:07:00,1685894820.0,6.5,6.504,6.5,6.5,770.0
2023-06-04 16:08:00,1685894880.0,6.501,6.504,6.501,6.504,237.18
2023-06-04 16:09:00,1685894940.0,6.504,6.505,6.504,6.504,108.96
2023-06-04 16:10:00,1685895000.0,6.504,6.505,6.5,6.501,500.5
2023-06-04 16:11:00,1685895060.0,6.501,6.501,6.5,6.5,11.84
2023-06-04 16:12:00,1685895120.0,6.5,6.502,6.5,6.502,622.64
2023-06-04 16:13:00,1685895180.0,6.503,6.503,6.503,6.503,15.37
2023-06-04 16:14:00,1685895240.0,6.502,6.508,6.502,6.508,1920.31
2023-06-04 16:15:00,1685895300.0,6.508,6.509,6.508,6.508,60.38
2023-06-04 16:16:00,1685895360.0,6.509,6.509,6.506,6.506,188.64
2023-06-04 16:17:00,1685895420.0,6.505,6.505,6.502,6.503,950.88
2023-06-04 16:18:00,1685895480.0,6.502,6.502,6.502,6.502,11.28
2023-06-04 16:19:00,1685895540.0,6.501,6.501,6.498,6.498,48.05
2023-06-04 16:20:00,1685895600.0,6.499,6.5,6.496,6.499,2113.75
2023-06-04 16:21:00,1685895660.0,6.499,6.499,6.497,6.498,875.64
2023-06-04 16:22:00,1685895720.0,6.498,6.499,6.497,6.499,38.42
2023-06-04 16:23:00,1685895780.0,6.499,6.5,6.499,6.5,194.49
2023-06-04 16:24:00,1685895840.0,6.5,6.503,6.5,6.503,219.16
2023-06-04 16:25:00,1685895900.0,6.503,6.503,6.499,6.499,690.5
2023-06-04 16:26:00,1685895960.0,6.499,6.499,6.499,6.499,0.0
2023-06-04 16:27:00,1685896020.0,6.497,6.5,6.497,6.5,155.25
2023-06-04 16:28:00,1685896080.0,6.5,6.5,6.497,6.497,543.07
2023-06-04 16:29:00,1685896140.0,6.496,6.5,6.496,6.5,368.95
2023-06-04 16:30:00,1685896200.0,6.499,6.499,6.498,6.499,175.02
2023-06-04 16:31:00,1685896260.0,6.5,6.5,6.5,6.5,7.76
2023-06-04 16:32:00,1685896320.0,6.501,6.504,6.501,6.504,684.71
2023-06-04 16:33:00,1685896380.0,6.506,6.507,6.506,6.507,759.31
2023-06-04 16:34:00,1685896440.0,6.507,6.507,6.506,6.506,552.35
2023-06-04 16:35:00,1685896500.0,6.507,6.507,6.506,6.506,14.13
2023-06-04 16:36:00,1685896560.0,6.506,6.506,6.503,6.503,597.06
2023-06-04 16:37:00,1685896620.0,6.503,6.504,6.503,6.504,114.9
2023-06-04 16:38:00,1685896680.0,6.504,6.504,6.503,6.503,107.43
2023-06-04 16:39:00,1685896740.0,6.502,6.502,6.502,6.502,72.22
2023-06-04 16:40:00,1685896800.0,6.502,6.502,6.499,6.499,386.76
2023-06-04 16:41:00,1685896860.0,6.499,6.499,6.497,6.498,103.53
2023-06-04 16:42:00,1685896920.0,6.498,6.499,6.498,6.499,121.08
2023-06-04 16:43:00,1685896980.0,6.499,6.499,6.498,6.498,79.3
2023-06-04 16:44:00,1685897040.0,6.498,6.498,6.498,6.498,3.98
2023-06-04 16:45:00,1685897100.0,6.499,6.501,6.499,6.501,1917.55
2023-06-04 16:46:00,1685897160.0,6.501,6.501,6.501,6.501,22.51
2023-06-04 16:47:00,1685897220.0,6.501,6.502,6.501,6.502,128.34
2023-06-04 16:48:00,1685897280.0,6.502,6.502,6.501,6.501,750.31
2023-06-04 16:49:00,1685897340.0,6.502,6.502,6.502,6.502,3.01
2023-06-04 16:50:00,1685897400.0,6.501,6.501,6.499,6.499,654.42
2023-06-04 16:51:00,1685897460.0,6.499,6.499,6.499,6.499,126.11
2023-06-04 16:52:00,1685897520.0,6.498,6.499,6.498,6.498,170.77
2023-06-04 16:53:00,1685897580.0,6.499,6.499,6.498,6.498,19.3
2023-06-04 16:54:00,1685897640.0,6.499,6.501,6.499,6.499,1085.37
2023-06-04 16:55:00,1685897700.0,6.498,6.498,6.496,6.496,327.71
2023-06-04 16:56:00,1685897760.0,6.496,6.496,6.493,6.493,1752.26
2023-06-04 16:57:00,1685897820.0,6.493,6.494,6.492,6.492,639.76
2023-06-04 16:58:00,1685897880.0,6.491,6.491,6.491,6.491,47.65
2023-06-04 16:59:00,1685897940.0,6.49,6.49,6.487,6.489,4131.23
2023-06-04 17:00:00,1685898000.0,6.488,6.49,6.488,6.49,211.94
2023-06-04 17:01:00,1685898060.0,6.491,6.493,6.491,6.492,1324.31
2023-06-04 17:02:00,1685898120.0,6.492,6.495,6.492,6.495,256.35
2023-06-04 17:03:00,1685898180.0,6.495,6.496,6.495,6.496,493.53
2023-06-04 17:04:00,1685898240.0,6.496,6.496,6.496,6.496,97.66
2023-06-04 17:05:00,1685898300.0,6.496,6.496,6.496,6.496,4.98
2023-06-04 17:06:00,1685898360.0,6.496,6.497,6.496,6.497,1590.12
2023-06-04 17:07:00,1685898420.0,6.498,6.498,6.494,6.497,2800.19
2023-06-04 17:08:00,1685898480.0,6.497,6.498,6.496,6.497,268.35
2023-06-04 17:09:00,1685898540.0,6.497,6.497,6.495,6.497,1096.71
2023-06-04 17:10:00,1685898600.0,6.497,6.497,6.496,6.496,59.63
2023-06-04 17:11:00,1685898660.0,6.495,6.495,6.493,6.494,111.53
2023-06-04 17:12:00,1685898720.0,6.494,6.494,6.493,6.493,304.26
2023-06-04 17:13:00,1685898780.0,6.491,6.491,6.49,6.49,72.77
2023-06-04 17:14:00,1685898840.0,6.49,6.49,6.49,6.49,1.5
2023-06-04 17:15:00,1685898900.0,6.492,6.492,6.492,6.492,99.78
2023-06-04 17:16:00,1685898960.0,6.491,6.491,6.488,6.489,2245.11
2023-06-04 17:17:00,1685899020.0,6.489,6.491,6.489,6.491,62.63
2023-06-04 17:18:00,1685899080.0,6.491,6.491,6.49,6.49,2238.05
2023-06-04 17:19:00,1685899140.0,6.491,6.491,6.491,6.491,8.0
2023-06-04 17:20:00,1685899200.0,6.489,6.489,6.483,6.485,9148.19
2023-06-04 17:21:00,1685899260.0,6.484,6.484,6.481,6.481,5519.33
2023-06-04 17:22:00,1685899320.0,6.482,6.482,6.481,6.482,38.68
2023-06-04 17:23:00,1685899380.0,6.482,6.482,6.482,6.482,66.77
2023-06-04 17:24:00,1685899440.0,6.482,6.483,6.482,6.483,272.3
2023-06-04 17:25:00,1685899500.0,6.483,6.483,6.482,6.482,772.87
2023-06-04 17:26:00,1685899560.0,6.483,6.483,6.482,6.482,261.14
2023-06-04 17:27:00,1685899620.0,6.482,6.483,6.479,6.481,3299.07
2023-06-04 17:28:00,1685899680.0,6.481,6.482,6.481,6.482,48.8
2023-06-04 17:29:00,1685899740.0,6.483,6.487,6.483,6.487,983.98
2023-06-04 17:30:00,1685899800.0,6.489,6.489,6.488,6.488,1250.08
2023-06-04 17:31:00,1685899860.0,6.486,6.486,6.486,6.486,95.3
2023-06-04 17:32:00,1685899920.0,6.486,6.487,6.485,6.485,595.96
2023-06-04 17:33:00,1685899980.0,6.485,6.487,6.485,6.487,171.41
2023-06-04 17:34:00,1685900040.0,6.485,6.486,6.485,6.486,83.17
2023-06-04 17:35:00,1685900100.0,6.485,6.486,6.485,6.486,53.23
2023-06-04 17:36:00,1685900160.0,6.486,6.486,6.484,6.485,1713.5
2023-06-04 17:37:00,1685900220.0,6.486,6.488,6.486,6.488,932.76
2023-06-04 17:38:00,1685900280.0,6.488,6.488,6.485,6.485,1239.49
2023-06-04 17:39:00,1685900340.0,6.485,6.485,6.485,6.485,12.18
2023-06-04 17:40:00,1685900400.0,6.486,6.486,6.485,6.485,616.31
2023-06-04 17:41:00,1685900460.0,6.485,6.485,6.483,6.484,887.67
2023-06-04 17:42:00,1685900520.0,6.483,6.484,6.483,6.483,1766.95
2023-06-04 17:43:00,1685900580.0,6.482,6.482,6.482,6.482,1389.88
2023-06-04 17:44:00,1685900640.0,6.482,6.482,6.482,6.482,0.0
2023-06-04 17:45:00,1685900700.0,6.483,6.483,6.482,6.482,145.62
2023-06-04 17:46:00,1685900760.0,6.482,6.482,6.482,6.482,47.31
2023-06-04 17:47:00,1685900820.0,6.481,6.481,6.48,6.481,132.26
2023-06-04 17:48:00,1685900880.0,6.481,6.481,6.48,6.48,141.21
2023-06-04 17:49:00,1685900940.0,6.48,6.48,6.479,6.48,583.58
2023-06-04 17:50:00,1685901000.0,6.48,6.48,6.48,6.48,35.44
2023-06-04 17:51:00,1685901060.0,6.48,6.48,6.478,6.478,366.6
2023-06-04 17:52:00,1685901120.0,6.478,6.479,6.478,6.479,75.32
2023-06-04 17:53:00,1685901180.0,6.479,6.479,6.478,6.478,191.0
2023-06-04 17:54:00,1685901240.0,6.478,6.478,6.477,6.478,162.0
2023-06-04 17:55:00,1685901300.0,6.477,6.477,6.476,6.477,518.17
2023-06-04 17:56:00,1685901360.0,6.476,6.479,6.476,6.479,223.7
2023-06-04 17:57:00,1685901420.0,6.479,6.479,6.479,6.479,20.98
2023-06-04 17:58:00,1685901480.0,6.479,6.479,6.479,6.479,0.0
2023-06-04 17:59:00,1685901540.0,6.478,6.479,6.478,6.479,13.16
2023-06-04 18:00:00,1685901600.0,6.478,6.478,6.476,6.478,1234.05
2023-06-04 18:01:00,1685901660.0,6.48,6.484,6.48,6.484,235.38
2023-06-04 18:02:00,1685901720.0,6.483,6.486,6.483,6.486,52.47
2023-06-04 18:03:00,1685901780.0,6.487,6.488,6.487,6.488,282.54
2023-06-04 18:04:00,1685901840.0,6.487,6.49,6.487,6.49,75.96
2023-06-04 18:05:00,1685901900.0,6.49,6.49,6.488,6.488,405.84
2023-06-04 18:06:00,1685901960.0,6.488,6.489,6.488,6.489,4.83
2023-06-04 18:07:00,1685902020.0,6.489,6.489,6.489,6.489,76.86
2023-06-04 18:08:00,1685902080.0,6.489,6.49,6.489,6.49,681.81
2023-06-04 18:09:00,1685902140.0,6.491,6.492,6.491,6.491,4755.56
2023-06-04 18:10:00,1685902200.0,6.492,6.495,6.49,6.495,580.25
2023-06-04 18:11:00,1685902260.0,6.494,6.499,6.494,6.499,193.26
2023-06-04 18:12:00,1685902320.0,6.498,6.5,6.498,6.5,726.21
2023-06-04 18:13:00,1685902380.0,6.5,6.501,6.5,6.5,583.7
2023-06-04 18:14:00,1685902440.0,6.501,6.505,6.501,6.505,768.64
2023-06-04 18:15:00,1685902500.0,6.505,6.506,6.505,6.506,512.49
2023-06-04 18:16:00,1685902560.0,6.506,6.506,6.505,6.505,2481.8
2023-06-04 18:17:00,1685902620.0,6.506,6.507,6.505,6.507,1311.93
2023-06-04 18:18:00,1685902680.0,6.508,6.508,6.508,6.508,4.3
2023-06-04 18:19:00,1685902740.0,6.508,6.51,6.508,6.51,148.39
2023-06-04 18:20:00,1685902800.0,6.51,6.511,6.51,6.511,532.9
2023-06-04 18:21:00,1685902860.0,6.511,6.511,6.511,6.511,2226.09
2023-06-04 18:22:00,1685902920.0,6.512,6.519,6.512,6.518,3904.71
2023-06-04 18:23:00,1685902980.0,6.518,6.519,6.517,6.517,331.74
2023-06-04 18:24:00,1685903040.0,6.517,6.517,6.515,6.515,190.84
2023-06-04 18:25:00,1685903100.0,6.516,6.517,6.513,6.513,1358.04
2023-06-04 18:26:00,1685903160.0,6.515,6.515,6.514,6.514,46.46
2023-06-04 18:27:00,1685903220.0,6.514,6.514,6.513,6.513,218.06
2023-06-04 18:28:00,1685903280.0,6.513,6.513,6.513,6.513,44.43
2023-06-04 18:29:00,1685903340.0,6.513,6.513,6.511,6.512,2041.39
2023-06-04 18:30:00,1685903400.0,6.511,6.512,6.507,6.507,611.21
2023-06-04 18:31:00,1685903460.0,6.507,6.507,6.507,6.507,0.0
2023-06-04 18:32:00,1685903520.0,6.507,6.512,6.507,6.512,1143.89
2023-06-04 18:33:00,1685903580.0,6.512,6.512,6.512,6.512,0.0
2023-06-04 18:34:00,1685903640.0,6.512,6.513,6.512,6.513,84.27
2023-06-04 18:35:00,1685903700.0,6.513,6.513,6.512,6.512,165.41
2023-06-04 18:36:00,1685903760.0,6.51,6.512,6.51,6.511,431.27
2023-06-04 18:37:00,1685903820.0,6.511,6.511,6.509,6.51,177.9
2023-06-04 18:38:00,1685903880.0,6.51,6.511,6.51,6.511,278.59
2023-06-04 18:39:00,1685903940.0,6.513,6.514,6.513,6.514,26.08
2023-06-04 18:40:00,1685904000.0,6.514,6.514,6.514,6.514,709.01
2023-06-04 18:41:00,1685904060.0,6.514,6.516,6.514,6.516,676.92
2023-06-04 18:42:00,1685904120.0,6.517,6.517,6.515,6.515,1144.02
2023-06-04 18:43:00,1685904180.0,6.514,6.514,6.513,6.513,336.69
2023-06-04 18:44:00,1685904240.0,6.513,6.513,6.512,6.512,192.74
2023-06-04 18:45:00,1685904300.0,6.513,6.513,6.512,6.512,38.92
2023-06-04 18:46:00,1685904360.0,6.512,6.513,6.511,6.513,517.23
2023-06-04 18:47:00,1685904420.0,6.513,6.513,6.512,6.513,23.44
2023-06-04 18:48:00,1685904480.0,6.513,6.513,6.512,6.512,52.98
2023-06-04 18:49:00,1685904540.0,6.513,6.514,6.513,6.514,217.27
2023-06-04 18:50:00,1685904600.0,6.513,6.513,6.511,6.512,658.17
2023-06-04 18:51:00,1685904660.0,6.512,6.512,6.51,6.51,257.44
2023-06-04 18:52:00,1685904720.0,6.51,6.51,6.51,6.51,14.02
2023-06-04 18:53:00,1685904780.0,6.51,6.511,6.51,6.511,72.95
2023-06-04 18:54:00,1685904840.0,6.511,6.511,6.508,6.508,32.21
2023-06-04 18:55:00,1685904900.0,6.508,6.508,6.508,6.508,45.24
2023-06-04 18:56:00,1685904960.0,6.508,6.508,6.508,6.508,459.98
2023-06-04 18:57:00,1685905020.0,6.507,6.507,6.507,6.507,259.21
2023-06-04 18:58:00,1685905080.0,6.507,6.507,6.507,6.507,9.26
2023-06-04 18:59:00,1685905140.0,6.508,6.509,6.508,6.509,552.88
2023-06-04 19:00:00,1685905200.0,6.51,6.51,6.507,6.507,778.33
2023-06-04 19:01:00,1685905260.0,6.506,6.506,6.506,6.506,44.88
2023-06-04 19:02:00,1685905320.0,6.506,6.506,6.505,6.505,49.27
2023-06-04 19:03:00,1685905380.0,6.505,6.505,6.505,6.505,5.22
2023-06-04 19:04:00,1685905440.0,6.505,6.505,6.503,6.503,980.83
2023-06-04 19:05:00,1685905500.0,6.503,6.507,6.503,6.506,980.49
2023-06-04 19:06:00,1685905560.0,6.507,6.507,6.506,6.506,33.05
2023-06-04 19:07:00,1685905620.0,6.506,6.509,6.506,6.508,175.38
2023-06-04 19:08:00,1685905680.0,6.509,6.509,6.509,6.509,11.43
2023-06-04 19:09:00,1685905740.0,6.51,6.514,6.51,6.513,878.47
2023-06-04 19:10:00,1685905800.0,6.513,6.513,6.511,6.511,172.89
2023-06-04 19:11:00,1685905860.0,6.511,6.512,6.51,6.51,305.09
2023-06-04 19:12:00,1685905920.0,6.509,6.509,6.507,6.507,88.47
2023-06-04 19:13:00,1685905980.0,6.506,6.506,6.506,6.506,747.9
2023-06-04 19:14:00,1685906040.0,6.505,6.506,6.505,6.505,140.81
2023-06-04 19:15:00,1685906100.0,6.504,6.505,6.504,6.505,372.71
2023-06-04 19:16:00,1685906160.0,6.505,6.505,6.504,6.504,143.0
2023-06-04 19:17:00,1685906220.0,6.504,6.507,6.504,6.507,3680.26
2023-06-04 19:18:00,1685906280.0,6.506,6.506,6.506,6.506,9.97
2023-06-04 19:19:00,1685906340.0,6.506,6.506,6.506,6.506,13.05
2023-06-04 19:20:00,1685906400.0,6.507,6.509,6.507,6.509,184.4
2023-06-04 19:21:00,1685906460.0,6.51,6.515,6.51,6.515,578.13
2023-06-04 19:22:00,1685906520.0,6.514,6.515,6.514,6.515,158.9
2023-06-04 19:23:00,1685906580.0,6.516,6.516,6.516,6.516,306.93
2023-06-04 19:24:00,1685906640.0,6.516,6.517,6.516,6.516,204.31
2023-06-04 19:25:00,1685906700.0,6.517,6.517,6.516,6.516,561.85
2023-06-04 19:26:00,1685906760.0,6.515,6.516,6.515,6.516,507.28
2023-06-04 19:27:00,1685906820.0,6.516,6.516,6.516,6.516,344.3
2023-06-04 19:28:00,1685906880.0,6.517,6.52,6.517,6.519,303.25
2023-06-04 19:29:00,1685906940.0,6.518,6.519,6.518,6.519,45.94
2023-06-04 19:30:00,1685907000.0,6.519,6.52,6.518,6.519,1912.01
2023-06-04 19:31:00,1685907060.0,6.519,6.519,6.519,6.519,53.47
2023-06-04 19:32:00,1685907120.0,6.519,6.519,6.519,6.519,9.37
2023-06-04 19:33:00,1685907180.0,6.519,6.519,6.518,6.518,301.27
2023-06-04 19:34:00,1685907240.0,6.516,6.516,6.516,6.516,2.67
2023-06-04 19:35:00,1685907300.0,6.517,6.519,6.517,6.518,4.54
2023-06-04 19:36:00,1685907360.0,6.518,6.518,6.518,6.518,27.75
2023-06-04 19:37:00,1685907420.0,6.519,6.519,6.519,6.519,140.41
2023-06-04 19:38:00,1685907480.0,6.519,6.519,6.519,6.519,1.29
2023-06-04 19:39:00,1685907540.0,6.519,6.519,6.519,6.519,515.23
2023-06-04 19:40:00,1685907600.0,6.52,6.52,6.52,6.52,19.97
2023-06-04 19:41:00,1685907660.0,6.52,6.52,6.52,6.52,0.0
2023-06-04 19:42:00,1685907720.0,6.519,6.519,6.519,6.519,356.61
2023-06-04 19:43:00,1685907780.0,6.519,6.519,6.519,6.519,49.38
2023-06-04 19:44:00,1685907840.0,6.519,6.521,6.519,6.521,1358.75
2023-06-04 19:45:00,1685907900.0,6.52,6.52,6.519,6.519,423.84
2023-06-04 19:46:00,1685907960.0,6.519,6.519,6.519,6.519,19.64
2023-06-04 19:47:00,1685908020.0,6.518,6.518,6.518,6.518,22.97
2023-06-04 19:48:00,1685908080.0,6.519,6.519,6.518,6.518,108.81
2023-06-04 19:49:00,1685908140.0,6.518,6.518,6.518,6.518,0.0
2023-06-04 19:50:00,1685908200.0,6.518,6.518,6.518,6.518,101.89
2023-06-04 19:51:00,1685908260.0,6.519,6.52,6.519,6.52,424.48
2023-06-04 19:52:00,1685908320.0,6.518,6.518,6.516,6.516,1230.28
2023-06-04 19:53:00,1685908380.0,6.517,6.517,6.516,6.516,42.2
2023-06-04 19:54:00,1685908440.0,6.516,6.516,6.516,6.516,124.12
2023-06-04 19:55:00,1685908500.0,6.516,6.516,6.516,6.516,0.0
2023-06-04 19:56:00,1685908560.0,6.517,6.517,6.516,6.517,242.31
2023-06-04 19:57:00,1685908620.0,6.52,6.52,6.52,6.52,754.48
2023-06-04 19:58:00,1685908680.0,6.52,6.521,6.52,6.521,159.87
2023-06-04 19:59:00,1685908740.0,6.52,6.521,6.52,6.521,5.5
2023-06-04 20:00:00,1685908800.0,6.52,6.521,6.518,6.519,2238.71
2023-06-04 20:01:00,1685908860.0,6.518,6.519,6.518,6.519,37.82
2023-06-04 20:02:00,1685908920.0,6.519,6.521,6.519,6.521,88.86
2023-06-04 20:03:00,1685908980.0,6.522,6.522,6.521,6.522,55.22
2023-06-04 20:04:00,1685909040.0,6.521,6.522,6.521,6.522,159.87
2023-06-04 20:05:00,1685909100.0,6.521,6.523,6.521,6.522,148.59
2023-06-04 20:06:00,1685909160.0,6.522,6.523,6.522,6.522,122.54
2023-06-04 20:07:00,1685909220.0,6.522,6.522,6.522,6.522,0.0
2023-06-04 20:08:00,1685909280.0,6.523,6.523,6.522,6.523,24.77
2023-06-04 20:09:00,1685909340.0,6.523,6.523,6.522,6.522,36.19
2023-06-04 20:10:00,1685909400.0,6.523,6.524,6.523,6.524,176.87
2023-06-04 20:11:00,1685909460.0,6.524,6.524,6.524,6.524,36.97
2023-06-04 20:12:00,1685909520.0,6.524,6.524,6.523,6.524,207.66
2023-06-04 20:13:00,1685909580.0,6.525,6.527,6.524,6.527,1354.83
2023-06-04 20:14:00,1685909640.0,6.527,6.528,6.527,6.527,127.62
2023-06-04 20:15:00,1685909700.0,6.527,6.527,6.524,6.524,1472.92
2023-06-04 20:16:00,1685909760.0,6.524,6.526,6.524,6.525,768.74
2023-06-04 20:17:00,1685909820.0,6.525,6.525,6.514,6.521,22676.79
2023-06-04 20:18:00,1685909880.0,6.521,6.524,6.521,6.523,344.11
2023-06-04 20:19:00,1685909940.0,6.523,6.524,6.521,6.521,660.8
2023-06-04 20:20:00,1685910000.0,6.521,6.521,6.52,6.52,273.74
2023-06-04 20:21:00,1685910060.0,6.52,6.521,6.52,6.521,174.23
2023-06-04 20:22:00,1685910120.0,6.521,6.521,6.52,6.521,289.54
2023-06-04 20:23:00,1685910180.0,6.521,6.521,6.521,6.521,1.84
2023-06-04 20:24:00,1685910240.0,6.521,6.521,6.52,6.521,62.71
2023-06-04 20:25:00,1685910300.0,6.521,6.522,6.521,6.521,464.52
2023-06-04 20:26:00,1685910360.0,6.521,6.521,6.52,6.52,11.38
2023-06-04 20:27:00,1685910420.0,6.521,6.521,6.52,6.521,287.02
2023-06-04 20:28:00,1685910480.0,6.521,6.521,6.521,6.521,359.08
2023-06-04 20:29:00,1685910540.0,6.521,6.521,6.521,6.521,110.62
2023-06-04 20:30:00,1685910600.0,6.521,6.523,6.521,6.522,2080.14
2023-06-04 20:31:00,1685910660.0,6.523,6.523,6.52,6.52,87.19
2023-06-04 20:32:00,1685910720.0,6.52,6.52,6.518,6.52,1112.4
2023-06-04 20:33:00,1685910780.0,6.52,6.52,6.518,6.518,36.25
2023-06-04 20:34:00,1685910840.0,6.518,6.518,6.517,6.517,35.07
2023-06-04 20:35:00,1685910900.0,6.516,6.517,6.516,6.517,55.6
2023-06-04 20:36:00,1685910960.0,6.517,6.517,6.516,6.516,56.4
2023-06-04 20:37:00,1685911020.0,6.517,6.518,6.517,6.517,114.53
2023-06-04 20:38:00,1685911080.0,6.518,6.518,6.518,6.518,34.4
2023-06-04 20:39:00,1685911140.0,6.518,6.519,6.517,6.519,131.37
2023-06-04 20:40:00,1685911200.0,6.519,6.519,6.518,6.518,492.07
2023-06-04 20:41:00,1685911260.0,6.518,6.519,6.518,6.519,98.55
2023-06-04 20:42:00,1685911320.0,6.519,6.519,6.518,6.518,65.9
2023-06-04 20:43:00,1685911380.0,6.519,6.519,6.519,6.519,600.09
2023-06-04 20:44:00,1685911440.0,6.519,6.519,6.519,6.519,107.66
2023-06-04 20:45:00,1685911500.0,6.519,6.523,6.519,6.523,1193.35
2023-06-04 20:46:00,1685911560.0,6.523,6.523,6.522,6.522,6.56
2023-06-04 20:47:00,1685911620.0,6.522,6.523,6.522,6.523,391.39
2023-06-04 20:48:00,1685911680.0,6.522,6.523,6.522,6.523,1099.1
2023-06-04 20:49:00,1685911740.0,6.524,6.525,6.524,6.524,75.0
2023-06-04 20:50:00,1685911800.0,6.524,6.525,6.524,6.525,168.67
2023-06-04 20:51:00,1685911860.0,6.526,6.526,6.525,6.525,22.17
2023-06-04 20:52:00,1685911920.0,6.525,6.525,6.523,6.524,308.06
2023-06-04 20:53:00,1685911980.0,6.524,6.524,6.524,6.524,195.24
2023-06-04 20:54:00,1685912040.0,6.522,6.522,6.522,6.522,58.13
2023-06-04 20:55:00,1685912100.0,6.521,6.521,6.521,6.521,53.12
2023-06-04 20:56:00,1685912160.0,6.521,6.521,6.52,6.52,247.99
2023-06-04 20:57:00,1685912220.0,6.519,6.519,6.519,6.519,15.27
2023-06-04 20:58:00,1685912280.0,6.519,6.519,6.519,6.519,138.97
2023-06-04 20:59:00,1685912340.0,6.519,6.522,6.519,6.521,209.75
2023-06-04 21:00:00,1685912400.0,6.521,6.521,6.52,6.52,336.04
2023-06-04 21:01:00,1685912460.0,6.52,6.52,6.519,6.519,231.1
2023-06-04 21:02:00,1685912520.0,6.519,6.519,6.518,6.518,657.56
2023-06-04 21:03:00,1685912580.0,6.519,6.519,6.518,6.519,4156.66
2023-06-04 21:04:00,1685912640.0,6.519,6.52,6.519,6.52,655.15
2023-06-04 21:05:00,1685912700.0,6.52,6.52,6.519,6.519,195.62
2023-06-04 21:06:00,1685912760.0,6.52,6.52,6.519,6.519,1581.02
2023-06-04 21:07:00,1685912820.0,6.519,6.519,6.519,6.519,153.84
2023-06-04 21:08:00,1685912880.0,6.52,6.523,6.52,6.523,314.47
2023-06-04 21:09:00,1685912940.0,6.523,6.526,6.523,6.525,178.54
2023-06-04 21:10:00,1685913000.0,6.526,6.526,6.524,6.524,761.71
2023-06-04 21:11:00,1685913060.0,6.524,6.526,6.524,6.526,49.53
2023-06-04 21:12:00,1685913120.0,6.526,6.526,6.525,6.525,519.16
2023-06-04 21:13:00,1685913180.0,6.525,6.525,6.525,6.525,4.37
2023-06-04 21:14:00,1685913240.0,6.526,6.526,6.523,6.523,649.21
2023-06-04 21:15:00,1685913300.0,6.523,6.523,6.523,6.523,283.78
2023-06-04 21:16:00,1685913360.0,6.523,6.525,6.523,6.525,615.21
2023-06-04 21:17:00,1685913420.0,6.526,6.526,6.525,6.526,356.6
2023-06-04 21:18:00,1685913480.0,6.526,6.526,6.525,6.525,156.18
2023-06-04 21:19:00,1685913540.0,6.524,6.524,6.524,6.524,81.71
2023-06-04 21:20:00,1685913600.0,6.525,6.525,6.522,6.522,1395.96
2023-06-04 21:21:00,1685913660.0,6.52,6.521,6.52,6.521,241.62
2023-06-04 21:22:00,1685913720.0,6.521,6.522,6.521,6.521,301.29
2023-06-04 21:23:00,1685913780.0,6.522,6.522,6.521,6.522,555.23
2023-06-04 21:24:00,1685913840.0,6.522,6.522,6.522,6.522,353.77
2023-06-04 21:25:00,1685913900.0,6.522,6.522,6.521,6.521,198.0
2023-06-04 21:26:00,1685913960.0,6.522,6.522,6.52,6.52,276.56
2023-06-04 21:27:00,1685914020.0,6.521,6.521,6.521,6.521,1.36
2023-06-04 21:28:00,1685914080.0,6.52,6.52,6.519,6.52,46.56
2023-06-04 21:29:00,1685914140.0,6.519,6.52,6.519,6.519,383.18
2023-06-04 21:30:00,1685914200.0,6.519,6.519,6.518,6.518,989.83
2023-06-04 21:31:00,1685914260.0,6.518,6.518,6.518,6.518,11248.3
2023-06-04 21:32:00,1685914320.0,6.518,6.519,6.512,6.512,9921.56
2023-06-04 21:33:00,1685914380.0,6.512,6.512,6.51,6.51,239.52
2023-06-04 21:34:00,1685914440.0,6.51,6.51,6.505,6.506,1000.26
2023-06-04 21:35:00,1685914500.0,6.505,6.505,6.501,6.505,2805.06
2023-06-04 21:36:00,1685914560.0,6.505,6.505,6.504,6.504,25.65
2023-06-04 21:37:00,1685914620.0,6.505,6.506,6.505,6.506,1470.54
2023-06-04 21:38:00,1685914680.0,6.506,6.506,6.506,6.506,12.0
2023-06-04 21:39:00,1685914740.0,6.507,6.507,6.506,6.506,16.2
2023-06-04 21:40:00,1685914800.0,6.506,6.508,6.506,6.508,730.15
2023-06-04 21:41:00,1685914860.0,6.509,6.509,6.508,6.508,362.35
2023-06-04 21:42:00,1685914920.0,6.508,6.508,6.508,6.508,49.02
2023-06-04 21:43:00,1685914980.0,6.508,6.509,6.508,6.509,31.4
2023-06-04 21:44:00,1685915040.0,6.508,6.509,6.506,6.507,2123.66
2023-06-04 21:45:00,1685915100.0,6.505,6.505,6.505,6.505,80.75
2023-06-04 21:46:00,1685915160.0,6.504,6.504,6.503,6.503,88.52
2023-06-04 21:47:00,1685915220.0,6.504,6.504,6.502,6.503,1367.34
2023-06-04 21:48:00,1685915280.0,6.503,6.503,6.503,6.503,0.0
2023-06-04 21:49:00,1685915340.0,6.503,6.503,6.503,6.503,237.45
2023-06-04 21:50:00,1685915400.0,6.503,6.503,6.503,6.503,16.91
2023-06-04 21:51:00,1685915460.0,6.504,6.504,6.503,6.503,38.27
2023-06-04 21:52:00,1685915520.0,6.502,6.503,6.502,6.503,202.78
2023-06-04 21:53:00,1685915580.0,6.503,6.503,6.502,6.503,442.64
2023-06-04 21:54:00,1685915640.0,6.502,6.502,6.502,6.502,2.97
2023-06-04 21:55:00,1685915700.0,6.502,6.504,6.502,6.504,154.73
2023-06-04 21:56:00,1685915760.0,6.503,6.505,6.503,6.505,899.58
2023-06-04 21:57:00,1685915820.0,6.505,6.505,6.505,6.505,0.0
2023-06-04 21:58:00,1685915880.0,6.505,6.505,6.505,6.505,100.84
2023-06-04 21:59:00,1685915940.0,6.505,6.507,6.505,6.507,2320.78
2023-06-04 22:00:00,1685916000.0,6.507,6.511,6.507,6.511,872.36
2023-06-04 22:01:00,1685916060.0,6.511,6.518,6.511,6.515,1377.61
2023-06-04 22:02:00,1685916120.0,6.514,6.515,6.513,6.515,1018.52
2023-06-04 22:03:00,1685916180.0,6.514,6.515,6.514,6.514,114.2
2023-06-04 22:04:00,1685916240.0,6.514,6.514,6.514,6.514,39.04
2023-06-04 22:05:00,1685916300.0,6.515,6.515,6.514,6.515,1657.82
2023-06-04 22:06:00,1685916360.0,6.517,6.52,6.517,6.52,1458.6
2023-06-04 22:07:00,1685916420.0,6.519,6.519,6.519,6.519,70.17
2023-06-04 22:08:00,1685916480.0,6.519,6.52,6.519,6.519,37.24
2023-06-04 22:09:00,1685916540.0,6.521,6.521,6.521,6.521,225.73
2023-06-04 22:10:00,1685916600.0,6.521,6.521,6.521,6.521,0.0
2023-06-04 22:11:00,1685916660.0,6.521,6.521,6.513,6.513,1568.18
2023-06-04 22:12:00,1685916720.0,6.514,6.516,6.513,6.515,1016.39
2023-06-04 22:13:00,1685916780.0,6.516,6.516,6.513,6.513,1078.41
2023-06-04 22:14:00,1685916840.0,6.513,6.516,6.513,6.516,69.32
2023-06-04 22:15:00,1685916900.0,6.516,6.516,6.512,6.514,944.18
2023-06-04 22:16:00,1685916960.0,6.514,6.529,6.514,6.527,12042.93
2023-06-04 22:17:00,1685917020.0,6.528,6.532,6.525,6.527,10410.01
2023-06-04 22:18:00,1685917080.0,6.527,6.528,6.521,6.521,1858.26
2023-06-04 22:19:00,1685917140.0,6.522,6.526,6.522,6.522,81.38
2023-06-04 22:20:00,1685917200.0,6.523,6.523,6.515,6.516,1662.06
2023-06-04 22:21:00,1685917260.0,6.517,6.521,6.514,6.52,1663.91
2023-06-04 22:22:00,1685917320.0,6.518,6.525,6.518,6.525,1981.62
2023-06-04 22:23:00,1685917380.0,6.525,6.525,6.521,6.521,594.33
2023-06-04 22:24:00,1685917440.0,6.521,6.525,6.521,6.524,1589.8
2023-06-04 22:25:00,1685917500.0,6.524,6.528,6.524,6.525,1566.12
2023-06-04 22:26:00,1685917560.0,6.525,6.525,6.524,6.524,189.53
2023-06-04 22:27:00,1685917620.0,6.522,6.522,6.519,6.52,690.8
2023-06-04 22:28:00,1685917680.0,6.519,6.521,6.508,6.509,2571.3
2023-06-04 22:29:00,1685917740.0,6.509,6.509,6.502,6.509,6194.0
2023-06-04 22:30:00,1685917800.0,6.508,6.512,6.508,6.511,996.3
2023-06-04 22:31:00,1685917860.0,6.51,6.51,6.507,6.507,3633.07
2023-06-04 22:32:00,1685917920.0,6.505,6.505,6.502,6.503,2065.04
2023-06-04 22:33:00,1685917980.0,6.502,6.502,6.501,6.502,306.07
2023-06-04 22:34:00,1685918040.0,6.504,6.504,6.504,6.504,53.68
2023-06-04 22:35:00,1685918100.0,6.503,6.505,6.502,6.505,899.4
2023-06-04 22:36:00,1685918160.0,6.506,6.512,6.506,6.51,953.3
2023-06-04 22:37:00,1685918220.0,6.51,6.519,6.51,6.517,1350.78
2023-06-04 22:38:00,1685918280.0,6.517,6.518,6.516,6.517,1373.45
2023-06-04 22:39:00,1685918340.0,6.519,6.521,6.519,6.52,1702.7
2023-06-04 22:40:00,1685918400.0,6.521,6.522,6.52,6.522,135.5
2023-06-04 22:41:00,1685918460.0,6.522,6.522,6.52,6.52,4319.92
2023-06-04 22:42:00,1685918520.0,6.522,6.523,6.522,6.522,216.66
2023-06-04 22:43:00,1685918580.0,6.522,6.524,6.52,6.52,4868.98
2023-06-04 22:44:00,1685918640.0,6.521,6.521,6.519,6.519,640.18
2023-06-04 22:45:00,1685918700.0,6.517,6.519,6.515,6.519,2588.43
2023-06-04 22:46:00,1685918760.0,6.519,6.523,6.519,6.522,2389.88
2023-06-04 22:47:00,1685918820.0,6.523,6.524,6.523,6.524,3.56
2023-06-04 22:48:00,1685918880.0,6.524,6.528,6.524,6.528,3520.4
2023-06-04 22:49:00,1685918940.0,6.527,6.527,6.527,6.527,64.63
2023-06-04 22:50:00,1685919000.0,6.528,6.529,6.52,6.52,528.04
2023-06-04 22:51:00,1685919060.0,6.522,6.526,6.522,6.526,248.73
2023-06-04 22:52:00,1685919120.0,6.526,6.528,6.526,6.528,137.49
2023-06-04 22:53:00,1685919180.0,6.529,6.53,6.529,6.53,578.41
2023-06-04 22:54:00,1685919240.0,6.529,6.529,6.525,6.526,476.64
2023-06-04 22:55:00,1685919300.0,6.526,6.526,6.523,6.523,25.01
2023-06-04 22:56:00,1685919360.0,6.522,6.522,6.518,6.518,1510.69
2023-06-04 22:57:00,1685919420.0,6.517,6.517,6.514,6.514,249.34
2023-06-04 22:58:00,1685919480.0,6.516,6.516,6.514,6.515,1048.11
2023-06-04 22:59:00,1685919540.0,6.516,6.516,6.513,6.514,248.65
2023-06-04 23:00:00,1685919600.0,6.514,6.516,6.512,6.516,320.19
2023-06-04 23:01:00,1685919660.0,6.517,6.517,6.515,6.516,1809.16
2023-06-04 23:02:00,1685919720.0,6.513,6.513,6.51,6.511,5731.77
2023-06-04 23:03:00,1685919780.0,6.51,6.513,6.51,6.512,509.43
2023-06-04 23:04:00,1685919840.0,6.512,6.512,6.51,6.511,449.45
2023-06-04 23:05:00,1685919900.0,6.511,6.512,6.51,6.51,436.27
2023-06-04 23:06:00,1685919960.0,6.509,6.509,6.507,6.509,145.99
2023-06-04 23:07:00,1685920020.0,6.509,6.509,6.507,6.507,671.98
2023-06-04 23:08:00,1685920080.0,6.506,6.508,6.504,6.508,1261.5
2023-06-04 23:09:00,1685920140.0,6.508,6.509,6.508,6.509,31.34
2023-06-04 23:10:00,1685920200.0,6.51,6.511,6.51,6.511,901.03
2023-06-04 23:11:00,1685920260.0,6.511,6.511,6.508,6.511,1717.33
2023-06-04 23:12:00,1685920320.0,6.512,6.512,6.512,6.512,181.29
2023-06-04 23:13:00,1685920380.0,6.513,6.513,6.513,6.513,7.07
2023-06-04 23:14:00,1685920440.0,6.513,6.514,6.513,6.514,23.28
2023-06-04 23:15:00,1685920500.0,6.514,6.514,6.509,6.509,277.31
2023-06-04 23:16:00,1685920560.0,6.508,6.508,6.505,6.505,151.96
2023-06-04 23:17:00,1685920620.0,6.505,6.505,6.505,6.505,0.0
2023-06-04 23:18:00,1685920680.0,6.505,6.505,6.505,6.505,8.89
2023-06-04 23:19:00,1685920740.0,6.505,6.505,6.503,6.503,629.58
2023-06-04 23:20:00,1685920800.0,6.503,6.503,6.501,6.503,859.97
2023-06-04 23:21:00,1685920860.0,6.503,6.503,6.503,6.503,32.05
2023-06-04 23:22:00,1685920920.0,6.504,6.504,6.5,6.5,1024.08
2023-06-04 23:23:00,1685920980.0,6.5,6.5,6.481,6.486,11642.12
2023-06-04 23:24:00,1685921040.0,6.485,6.485,6.481,6.483,2146.5
2023-06-04 23:25:00,1685921100.0,6.482,6.484,6.476,6.476,4542.07
2023-06-04 23:26:00,1685921160.0,6.477,6.48,6.467,6.469,4713.98
2023-06-04 23:27:00,1685921220.0,6.471,6.472,6.467,6.472,1682.72
2023-06-04 23:28:00,1685921280.0,6.473,6.474,6.471,6.471,4577.89
2023-06-04 23:29:00,1685921340.0,6.469,6.469,6.461,6.465,8338.52
2023-06-04 23:30:00,1685921400.0,6.464,6.473,6.46,6.472,5409.53
2023-06-04 23:31:00,1685921460.0,6.472,6.473,6.466,6.469,3203.55
2023-06-04 23:32:00,1685921520.0,6.471,6.473,6.47,6.473,2810.52
2023-06-04 23:33:00,1685921580.0,6.473,6.473,6.47,6.47,822.72
2023-06-04 23:34:00,1685921640.0,6.473,6.474,6.472,6.474,498.55
2023-06-04 23:35:00,1685921700.0,6.474,6.474,6.471,6.472,1583.46
2023-06-04 23:36:00,1685921760.0,6.47,6.474,6.47,6.474,1707.52
2023-06-04 23:37:00,1685921820.0,6.475,6.477,6.473,6.473,415.8
2023-06-04 23:38:00,1685921880.0,6.472,6.472,6.471,6.472,82.78
2023-06-04 23:39:00,1685921940.0,6.472,6.472,6.472,6.472,782.36
2023-06-04 23:40:00,1685922000.0,6.473,6.473,6.471,6.471,9678.95
2023-06-04 23:41:00,1685922060.0,6.471,6.472,6.471,6.471,1594.87
2023-06-04 23:42:00,1685922120.0,6.471,6.476,6.471,6.475,2534.53
2023-06-04 23:43:00,1685922180.0,6.476,6.476,6.475,6.475,1534.78
2023-06-04 23:44:00,1685922240.0,6.475,6.475,6.475,6.475,516.58
2023-06-04 23:45:00,1685922300.0,6.475,6.475,6.471,6.471,464.67
2023-06-04 23:46:00,1685922360.0,6.471,6.471,6.456,6.459,13551.31
2023-06-04 23:47:00,1685922420.0,6.457,6.457,6.444,6.45,21343.39
2023-06-04 23:48:00,1685922480.0,6.451,6.454,6.451,6.454,1712.42
2023-06-04 23:49:00,1685922540.0,6.454,6.455,6.45,6.455,3122.58
2023-06-04 23:50:00,1685922600.0,6.455,6.455,6.45,6.452,6079.85
2023-06-04 23:51:00,1685922660.0,6.452,6.452,6.448,6.449,2936.89
2023-06-04 23:52:00,1685922720.0,6.449,6.449,6.448,6.448,133.19
2023-06-04 23:53:00,1685922780.0,6.448,6.448,6.448,6.448,1413.45
2023-06-04 23:54:00,1685922840.0,6.448,6.448,6.447,6.447,850.55
2023-06-04 23:55:00,1685922900.0,6.447,6.447,6.445,6.445,1041.43
2023-06-04 23:56:00,1685922960.0,6.444,6.447,6.444,6.447,1459.02
2023-06-04 23:57:00,1685923020.0,6.447,6.451,6.447,6.451,4314.12
2023-06-04 23:58:00,1685923080.0,6.452,6.454,6.452,6.453,962.7
2023-06-04 23:59:00,1685923140.0,6.453,6.453,6.451,6.452,1321.82
