Universal Time,Unix Time,Open,High,Low,Close,Volume
2025-04-27 00:00:00,1745712000.0,1820.87,1822.31,1820.5,1821.59,217.5651
2025-04-27 00:01:00,1745712060.0,1821.6,1822.73,1821.31,1821.7,108.3284
2025-04-27 00:02:00,1745712120.0,1821.71,1822.95,1821.27,1822.95,128.0286
2025-04-27 00:03:00,1745712180.0,1822.96,1824.3,1822.2,1822.34,276.051
2025-04-27 00:04:00,1745712240.0,1822.34,1823.5,1820.06,1820.06,156.0671
2025-04-27 00:05:00,1745712300.0,1820.06,1822.0,1820.0,1821.06,317.0515
2025-04-27 00:06:00,1745712360.0,1821.05,1822.3,1821.05,1821.95,100.6813
2025-04-27 00:07:00,1745712420.0,1821.96,1827.28,1821.95,1827.15,298.9751
2025-04-27 00:08:00,1745712480.0,1827.14,1833.48,1826.62,1829.48,1955.9186
2025-04-27 00:09:00,1745712540.0,1829.48,1831.77,1826.72,1831.77,344.2185
2025-04-27 00:10:00,1745712600.0,1831.77,1833.64,1830.78,1830.78,1079.6758
2025-04-27 00:11:00,1745712660.0,1830.77,1831.5,1829.02,1831.0,164.5871
2025-04-27 00:12:00,1745712720.0,1831.01,1831.62,1829.8,1831.51,352.6634
2025-04-27 00:13:00,1745712780.0,1831.51,1834.26,1830.54,1830.88,504.1802
2025-04-27 00:14:00,1745712840.0,1830.88,1833.44,1830.88,1832.77,518.9215
2025-04-27 00:15:00,1745712900.0,1832.77,1835.17,1832.77,1834.34,708.1049
2025-04-27 00:16:00,1745712960.0,1834.33,1835.21,1833.13,1833.51,272.3263
2025-04-27 00:17:00,1745713020.0,1833.51,1838.56,1833.49,1837.85,1272.3661
2025-04-27 00:18:00,1745713080.0,1837.84,1838.7,1836.13,1838.28,543.8164
2025-04-27 00:19:00,1745713140.0,1838.28,1849.1,1838.28,1846.1,5882.8107
2025-04-27 00:20:00,1745713200.0,1846.09,1848.2,1841.3,1841.31,1672.711
2025-04-27 00:21:00,1745713260.0,1841.31,1843.58,1838.24,1839.18,811.8804
2025-04-27 00:22:00,1745713320.0,1839.17,1842.17,1838.0,1839.77,1129.5148
2025-04-27 00:23:00,1745713380.0,1839.77,1840.2,1837.11,1837.11,368.8806
2025-04-27 00:24:00,1745713440.0,1837.11,1839.84,1836.22,1839.04,297.3364
2025-04-27 00:25:00,1745713500.0,1839.06,1839.5,1835.64,1836.61,209.7214
2025-04-27 00:26:00,1745713560.0,1836.61,1841.9,1836.01,1841.9,488.298
2025-04-27 00:27:00,1745713620.0,1841.89,1845.89,1841.01,1841.02,824.5815
2025-04-27 00:28:00,1745713680.0,1841.01,1844.8,1841.01,1843.51,395.4317
2025-04-27 00:29:00,1745713740.0,1843.5,1847.2,1841.85,1845.95,1005.017
2025-04-27 00:30:00,1745713800.0,1845.95,1847.6,1845.11,1846.79,618.4331
2025-04-27 00:31:00,1745713860.0,1846.79,1849.5,1843.51,1843.67,1162.8359
2025-04-27 00:32:00,1745713920.0,1843.66,1843.83,1841.0,1841.24,485.5065
2025-04-27 00:33:00,1745713980.0,1841.25,1843.41,1840.95,1841.04,1344.0063
2025-04-27 00:34:00,1745714040.0,1841.05,1841.67,1839.84,1839.89,230.7026
2025-04-27 00:35:00,1745714100.0,1839.89,1843.4,1839.6,1843.11,523.6454
2025-04-27 00:36:00,1745714160.0,1843.11,1843.12,1839.61,1839.98,311.4098
2025-04-27 00:37:00,1745714220.0,1839.96,1841.5,1839.26,1841.09,269.9317
2025-04-27 00:38:00,1745714280.0,1841.1,1842.49,1840.22,1841.21,342.152
2025-04-27 00:39:00,1745714340.0,1841.22,1844.56,1840.3,1844.1,455.1564
2025-04-27 00:40:00,1745714400.0,1844.11,1845.0,1842.32,1842.32,365.2464
2025-04-27 00:41:00,1745714460.0,1842.31,1843.47,1841.32,1841.96,252.9074
2025-04-27 00:42:00,1745714520.0,1841.96,1845.53,1841.96,1844.51,367.1396
2025-04-27 00:43:00,1745714580.0,1844.51,1847.1,1844.2,1846.21,467.15
2025-04-27 00:44:00,1745714640.0,1846.22,1848.2,1845.91,1847.16,572.1636
2025-04-27 00:45:00,1745714700.0,1847.17,1848.21,1847.0,1847.21,358.0191
2025-04-27 00:46:00,1745714760.0,1847.21,1847.4,1844.0,1844.5,518.162
2025-04-27 00:47:00,1745714820.0,1844.5,1846.42,1843.6,1846.17,531.871
2025-04-27 00:48:00,1745714880.0,1846.11,1846.5,1844.0,1845.1,317.4843
2025-04-27 00:49:00,1745714940.0,1845.11,1845.5,1842.35,1842.89,270.805
2025-04-27 00:50:00,1745715000.0,1842.89,1844.6,1842.64,1843.72,204.4664
2025-04-27 00:51:00,1745715060.0,1843.73,1845.79,1843.73,1845.7,133.469
2025-04-27 00:52:00,1745715120.0,1845.7,1845.7,1844.54,1844.54,88.3695
2025-04-27 00:53:00,1745715180.0,1844.54,1845.0,1843.8,1844.14,126.2673
2025-04-27 00:54:00,1745715240.0,1844.15,1844.84,1842.6,1842.6,338.7639
2025-04-27 00:55:00,1745715300.0,1842.6,1842.6,1840.72,1841.08,277.8566
2025-04-27 00:56:00,1745715360.0,1841.07,1843.3,1841.07,1843.1,109.1092
2025-04-27 00:57:00,1745715420.0,1843.09,1843.32,1841.47,1841.59,117.432
2025-04-27 00:58:00,1745715480.0,1841.6,1843.0,1841.59,1842.67,111.4772
2025-04-27 00:59:00,1745715540.0,1842.68,1843.12,1841.15,1842.03,233.3817
2025-04-27 01:00:00,1745715600.0,1842.04,1844.17,1842.04,1843.47,356.3267
2025-04-27 01:01:00,1745715660.0,1843.48,1843.48,1840.98,1841.29,269.216
2025-04-27 01:02:00,1745715720.0,1841.3,1841.3,1839.28,1840.12,271.1504
2025-04-27 01:03:00,1745715780.0,1840.11,1842.4,1839.8,1840.42,257.3457
2025-04-27 01:04:00,1745715840.0,1840.41,1842.23,1840.2,1841.12,222.2792
2025-04-27 01:05:00,1745715900.0,1841.12,1843.74,1840.84,1843.09,285.8012
2025-04-27 01:06:00,1745715960.0,1843.09,1845.01,1843.09,1845.0,396.3642
2025-04-27 01:07:00,1745716020.0,1845.0,1845.19,1841.5,1842.08,283.4467
2025-04-27 01:08:00,1745716080.0,1842.08,1842.8,1841.4,1842.16,704.6102
2025-04-27 01:09:00,1745716140.0,1842.17,1845.95,1841.4,1845.92,1912.2955
2025-04-27 01:10:00,1745716200.0,1845.93,1847.01,1844.79,1846.22,4700.6936
2025-04-27 01:11:00,1745716260.0,1846.23,1847.64,1845.91,1847.17,1130.9807
2025-04-27 01:12:00,1745716320.0,1847.16,1849.7,1846.64,1848.69,913.7489
2025-04-27 01:13:00,1745716380.0,1848.69,1854.87,1847.33,1853.92,6743.1807
2025-04-27 01:14:00,1745716440.0,1853.92,1857.47,1850.4,1850.76,1909.0345
2025-04-27 01:15:00,1745716500.0,1850.76,1851.95,1847.35,1850.72,684.573
2025-04-27 01:16:00,1745716560.0,1850.71,1851.88,1847.51,1850.9,929.1961
2025-04-27 01:17:00,1745716620.0,1850.9,1853.68,1849.76,1849.76,551.5804
2025-04-27 01:18:00,1745716680.0,1849.77,1849.77,1844.76,1844.76,896.3272
2025-04-27 01:19:00,1745716740.0,1844.75,1845.0,1834.66,1835.0,4279.7543
2025-04-27 01:20:00,1745716800.0,1835.0,1836.48,1827.61,1830.08,3357.5727
2025-04-27 01:21:00,1745716860.0,1830.2,1833.3,1829.2,1830.19,1062.2212
2025-04-27 01:22:00,1745716920.0,1830.19,1831.59,1823.47,1825.25,1764.0475
2025-04-27 01:23:00,1745716980.0,1825.2,1830.6,1825.2,1827.93,679.9106
2025-04-27 01:24:00,1745717040.0,1827.94,1831.78,1827.03,1828.32,798.3489
2025-04-27 01:25:00,1745717100.0,1828.27,1828.74,1823.88,1826.23,2475.2017
2025-04-27 01:26:00,1745717160.0,1826.23,1829.16,1824.5,1824.7,291.3957
2025-04-27 01:27:00,1745717220.0,1824.7,1827.49,1824.01,1826.61,559.0759
2025-04-27 01:28:00,1745717280.0,1826.61,1829.5,1826.13,1828.65,423.9197
2025-04-27 01:29:00,1745717340.0,1828.65,1829.8,1827.4,1829.12,330.0517
2025-04-27 01:30:00,1745717400.0,1829.12,1830.7,1828.6,1828.61,918.2412
2025-04-27 01:31:00,1745717460.0,1828.61,1829.0,1814.79,1820.21,4513.5694
2025-04-27 01:32:00,1745717520.0,1820.2,1820.21,1813.43,1814.83,1443.7945
2025-04-27 01:33:00,1745717580.0,1814.82,1817.7,1812.07,1814.12,1164.5008
2025-04-27 01:34:00,1745717640.0,1814.13,1814.5,1806.2,1807.59,2194.5376
2025-04-27 01:35:00,1745717700.0,1807.6,1812.59,1807.04,1807.74,1191.4853
2025-04-27 01:36:00,1745717760.0,1807.74,1810.6,1806.86,1809.11,501.8415
2025-04-27 01:37:00,1745717820.0,1809.1,1815.38,1808.7,1814.47,567.5095
2025-04-27 01:38:00,1745717880.0,1814.47,1815.92,1812.89,1815.76,394.5299
2025-04-27 01:39:00,1745717940.0,1815.75,1816.6,1814.54,1814.54,292.1443
2025-04-27 01:40:00,1745718000.0,1814.55,1814.55,1810.81,1812.35,422.0941
2025-04-27 01:41:00,1745718060.0,1812.34,1815.59,1811.71,1814.5,279.8347
2025-04-27 01:42:00,1745718120.0,1814.51,1816.42,1814.45,1816.42,184.7954
2025-04-27 01:43:00,1745718180.0,1816.42,1817.6,1816.42,1817.56,287.7839
2025-04-27 01:44:00,1745718240.0,1817.57,1818.24,1815.38,1815.92,347.7684
2025-04-27 01:45:00,1745718300.0,1815.92,1816.76,1812.08,1812.71,476.7486
2025-04-27 01:46:00,1745718360.0,1812.7,1812.7,1809.0,1810.68,1450.574
2025-04-27 01:47:00,1745718420.0,1810.68,1813.7,1809.53,1813.26,316.6966
2025-04-27 01:48:00,1745718480.0,1813.26,1814.7,1811.89,1811.89,296.9276
2025-04-27 01:49:00,1745718540.0,1811.89,1815.21,1811.2,1814.64,415.0211
2025-04-27 01:50:00,1745718600.0,1814.64,1816.47,1814.23,1815.4,306.3131
2025-04-27 01:51:00,1745718660.0,1815.41,1816.0,1813.7,1814.9,296.3428
2025-04-27 01:52:00,1745718720.0,1814.89,1815.06,1811.0,1811.16,385.5954
2025-04-27 01:53:00,1745718780.0,1811.16,1812.94,1810.29,1811.69,295.3107
2025-04-27 01:54:00,1745718840.0,1811.69,1813.68,1810.92,1813.3,218.5627
2025-04-27 01:55:00,1745718900.0,1813.29,1814.59,1812.16,1812.16,188.9764
2025-04-27 01:56:00,1745718960.0,1812.16,1812.9,1811.3,1811.3,316.5224
2025-04-27 01:57:00,1745719020.0,1811.31,1812.4,1810.14,1810.15,305.4054
2025-04-27 01:58:00,1745719080.0,1810.14,1810.14,1802.16,1802.37,2155.4525
2025-04-27 01:59:00,1745719140.0,1802.48,1806.44,1801.02,1804.6,1740.9088
2025-04-27 02:00:00,1745719200.0,1804.61,1805.72,1801.07,1805.43,926.3496
2025-04-27 02:01:00,1745719260.0,1805.44,1808.55,1805.44,1808.54,416.9904
2025-04-27 02:02:00,1745719320.0,1808.55,1810.05,1807.83,1809.4,277.9968
2025-04-27 02:03:00,1745719380.0,1809.39,1810.19,1806.86,1809.03,305.2523
2025-04-27 02:04:00,1745719440.0,1809.03,1809.84,1807.07,1807.49,334.5226
2025-04-27 02:05:00,1745719500.0,1807.49,1809.83,1807.08,1809.51,293.3557
2025-04-27 02:06:00,1745719560.0,1809.52,1810.77,1808.99,1809.79,198.813
2025-04-27 02:07:00,1745719620.0,1809.8,1811.19,1809.61,1809.61,238.6712
2025-04-27 02:08:00,1745719680.0,1809.61,1811.93,1809.61,1811.69,166.951
2025-04-27 02:09:00,1745719740.0,1811.7,1812.6,1810.8,1811.78,317.9167
2025-04-27 02:10:00,1745719800.0,1811.78,1813.7,1811.78,1813.69,112.3769
2025-04-27 02:11:00,1745719860.0,1813.69,1814.96,1813.48,1814.17,495.1275
2025-04-27 02:12:00,1745719920.0,1814.16,1814.41,1813.14,1814.29,227.8936
2025-04-27 02:13:00,1745719980.0,1814.29,1815.43,1814.29,1814.73,237.2661
2025-04-27 02:14:00,1745720040.0,1814.73,1816.33,1814.32,1815.77,350.0052
2025-04-27 02:15:00,1745720100.0,1815.78,1816.62,1814.94,1815.04,320.3113
2025-04-27 02:16:00,1745720160.0,1815.04,1815.04,1813.84,1814.05,147.47
2025-04-27 02:17:00,1745720220.0,1814.05,1814.05,1811.9,1812.39,314.2878
2025-04-27 02:18:00,1745720280.0,1812.4,1813.3,1811.9,1813.26,133.5747
2025-04-27 02:19:00,1745720340.0,1813.26,1816.12,1813.04,1815.94,179.6584
2025-04-27 02:20:00,1745720400.0,1815.95,1817.1,1815.8,1817.03,357.7446
2025-04-27 02:21:00,1745720460.0,1817.02,1817.09,1815.6,1816.02,140.8237
2025-04-27 02:22:00,1745720520.0,1816.02,1816.03,1815.0,1815.8,326.3827
2025-04-27 02:23:00,1745720580.0,1815.81,1816.75,1815.06,1816.44,151.3281
2025-04-27 02:24:00,1745720640.0,1816.45,1817.11,1816.0,1816.89,159.2137
2025-04-27 02:25:00,1745720700.0,1816.9,1818.1,1816.89,1816.9,212.789
2025-04-27 02:26:00,1745720760.0,1816.89,1817.32,1816.7,1817.32,150.8734
2025-04-27 02:27:00,1745720820.0,1817.31,1817.64,1816.21,1816.98,228.0469
2025-04-27 02:28:00,1745720880.0,1816.99,1816.99,1815.8,1816.49,198.5341
2025-04-27 02:29:00,1745720940.0,1816.48,1816.64,1816.0,1816.0,86.4538
2025-04-27 02:30:00,1745721000.0,1816.0,1816.49,1813.98,1814.03,317.3663
2025-04-27 02:31:00,1745721060.0,1814.03,1815.21,1814.03,1814.44,188.762
2025-04-27 02:32:00,1745721120.0,1814.44,1815.2,1813.73,1814.35,191.1098
2025-04-27 02:33:00,1745721180.0,1814.35,1814.35,1813.27,1813.51,105.582
2025-04-27 02:34:00,1745721240.0,1813.51,1813.8,1811.35,1813.38,269.1655
2025-04-27 02:35:00,1745721300.0,1813.39,1815.3,1813.39,1815.3,106.2167
2025-04-27 02:36:00,1745721360.0,1815.3,1816.32,1815.29,1816.09,110.6667
2025-04-27 02:37:00,1745721420.0,1816.09,1816.2,1814.9,1815.33,160.214
2025-04-27 02:38:00,1745721480.0,1815.33,1815.34,1812.93,1813.15,139.7023
2025-04-27 02:39:00,1745721540.0,1813.15,1813.69,1812.69,1813.5,82.305
2025-04-27 02:40:00,1745721600.0,1813.5,1814.6,1813.0,1813.2,129.7281
2025-04-27 02:41:00,1745721660.0,1813.19,1813.88,1812.94,1813.87,302.4235
2025-04-27 02:42:00,1745721720.0,1813.88,1814.08,1813.62,1813.65,190.8163
2025-04-27 02:43:00,1745721780.0,1813.65,1813.67,1811.48,1811.8,723.1377
2025-04-27 02:44:00,1745721840.0,1811.8,1812.64,1811.2,1812.26,179.7738
2025-04-27 02:45:00,1745721900.0,1812.26,1812.3,1811.46,1811.5,130.9076
2025-04-27 02:46:00,1745721960.0,1811.49,1811.55,1809.91,1810.0,246.6972
2025-04-27 02:47:00,1745722020.0,1810.0,1810.8,1809.36,1809.9,283.2402
2025-04-27 02:48:00,1745722080.0,1809.9,1810.55,1809.0,1810.3,257.1861
2025-04-27 02:49:00,1745722140.0,1810.29,1810.29,1806.92,1807.2,164.7055
2025-04-27 02:50:00,1745722200.0,1807.2,1809.19,1807.2,1809.18,215.3188
2025-04-27 02:51:00,1745722260.0,1809.18,1810.2,1808.91,1810.19,96.2204
2025-04-27 02:52:00,1745722320.0,1810.2,1810.8,1810.01,1810.79,56.7678
2025-04-27 02:53:00,1745722380.0,1810.79,1811.68,1810.79,1811.39,122.5952
2025-04-27 02:54:00,1745722440.0,1811.4,1812.41,1811.4,1811.7,139.8227
2025-04-27 02:55:00,1745722500.0,1811.7,1812.89,1811.7,1812.88,450.9442
2025-04-27 02:56:00,1745722560.0,1812.88,1813.09,1811.8,1811.81,236.4762
2025-04-27 02:57:00,1745722620.0,1811.81,1812.55,1811.5,1812.49,176.6268
2025-04-27 02:58:00,1745722680.0,1812.49,1813.45,1812.48,1813.4,199.3041
2025-04-27 02:59:00,1745722740.0,1813.4,1813.8,1813.0,1813.24,132.5591
2025-04-27 03:00:00,1745722800.0,1813.23,1813.66,1812.41,1813.6,140.6324
2025-04-27 03:01:00,1745722860.0,1813.6,1813.91,1812.0,1813.24,181.544
2025-04-27 03:02:00,1745722920.0,1813.23,1815.53,1813.23,1815.3,219.8297
2025-04-27 03:03:00,1745722980.0,1815.31,1815.31,1813.93,1814.91,129.4096
2025-04-27 03:04:00,1745723040.0,1814.9,1816.08,1814.58,1816.08,229.295
2025-04-27 03:05:00,1745723100.0,1816.08,1817.0,1816.08,1816.6,132.9411
2025-04-27 03:06:00,1745723160.0,1816.6,1816.93,1816.27,1816.92,138.3602
2025-04-27 03:07:00,1745723220.0,1816.92,1817.5,1816.76,1816.92,143.1137
2025-04-27 03:08:00,1745723280.0,1816.92,1817.23,1815.34,1815.71,334.6312
2025-04-27 03:09:00,1745723340.0,1815.7,1817.29,1815.7,1817.28,223.0211
2025-04-27 03:10:00,1745723400.0,1817.29,1817.5,1816.3,1816.31,1371.091
2025-04-27 03:11:00,1745723460.0,1816.32,1816.41,1815.71,1816.29,171.1611
2025-04-27 03:12:00,1745723520.0,1816.29,1816.73,1815.43,1815.43,300.4241
2025-04-27 03:13:00,1745723580.0,1815.43,1815.92,1813.21,1813.43,273.6923
2025-04-27 03:14:00,1745723640.0,1813.43,1813.74,1812.52,1812.57,207.5818
2025-04-27 03:15:00,1745723700.0,1812.57,1812.77,1812.35,1812.68,75.4688
2025-04-27 03:16:00,1745723760.0,1812.68,1814.23,1812.68,1813.6,235.812
2025-04-27 03:17:00,1745723820.0,1813.6,1814.94,1813.6,1814.64,203.256
2025-04-27 03:18:00,1745723880.0,1814.65,1815.2,1813.25,1813.25,284.9128
2025-04-27 03:19:00,1745723940.0,1813.25,1813.25,1811.11,1812.11,222.6123
2025-04-27 03:20:00,1745724000.0,1812.1,1812.29,1811.37,1812.0,211.3105
2025-04-27 03:21:00,1745724060.0,1812.0,1812.16,1811.54,1811.97,93.7532
2025-04-27 03:22:00,1745724120.0,1811.98,1812.88,1810.96,1811.1,270.1428
2025-04-27 03:23:00,1745724180.0,1811.1,1811.11,1809.45,1809.58,450.173
2025-04-27 03:24:00,1745724240.0,1809.57,1810.33,1809.57,1810.22,190.1483
2025-04-27 03:25:00,1745724300.0,1810.21,1810.21,1807.43,1807.84,308.8436
2025-04-27 03:26:00,1745724360.0,1807.85,1808.92,1807.85,1808.06,253.9874
2025-04-27 03:27:00,1745724420.0,1808.06,1808.88,1807.29,1808.87,196.8452
2025-04-27 03:28:00,1745724480.0,1808.87,1809.5,1808.78,1809.17,117.1452
2025-04-27 03:29:00,1745724540.0,1809.18,1809.42,1808.99,1809.41,107.5419
2025-04-27 03:30:00,1745724600.0,1809.42,1809.91,1808.58,1809.06,160.3464
2025-04-27 03:31:00,1745724660.0,1809.07,1809.85,1808.53,1809.57,170.8521
2025-04-27 03:32:00,1745724720.0,1809.57,1811.36,1809.57,1810.86,221.3172
2025-04-27 03:33:00,1745724780.0,1810.86,1811.88,1810.69,1811.88,163.8028
2025-04-27 03:34:00,1745724840.0,1811.88,1812.47,1811.87,1812.46,51.1392
2025-04-27 03:35:00,1745724900.0,1812.47,1812.79,1811.81,1811.82,142.5641
2025-04-27 03:36:00,1745724960.0,1811.82,1812.13,1811.4,1811.8,115.3537
2025-04-27 03:37:00,1745725020.0,1811.81,1812.73,1811.81,1812.12,109.9285
2025-04-27 03:38:00,1745725080.0,1812.12,1812.94,1812.12,1812.79,91.8621
2025-04-27 03:39:00,1745725140.0,1812.8,1813.04,1812.79,1813.03,41.4794
2025-04-27 03:40:00,1745725200.0,1813.04,1813.11,1811.1,1811.53,220.0246
2025-04-27 03:41:00,1745725260.0,1811.53,1811.9,1811.38,1811.66,84.0608
2025-04-27 03:42:00,1745725320.0,1811.66,1811.9,1810.28,1810.59,324.8003
2025-04-27 03:43:00,1745725380.0,1810.59,1812.6,1810.59,1811.92,181.0975
2025-04-27 03:44:00,1745725440.0,1811.92,1812.8,1810.0,1810.58,256.5456
2025-04-27 03:45:00,1745725500.0,1810.57,1811.1,1810.23,1810.82,67.6598
2025-04-27 03:46:00,1745725560.0,1810.82,1810.82,1809.0,1809.26,244.3467
2025-04-27 03:47:00,1745725620.0,1809.26,1811.79,1809.0,1811.56,662.3738
2025-04-27 03:48:00,1745725680.0,1811.56,1811.8,1810.64,1810.65,225.6747
2025-04-27 03:49:00,1745725740.0,1810.66,1810.66,1808.87,1808.87,245.3818
2025-04-27 03:50:00,1745725800.0,1808.88,1809.87,1808.66,1809.71,284.1742
2025-04-27 03:51:00,1745725860.0,1809.7,1809.71,1805.55,1805.56,836.5636
2025-04-27 03:52:00,1745725920.0,1805.56,1808.04,1805.56,1808.02,405.9551
2025-04-27 03:53:00,1745725980.0,1808.01,1808.92,1807.44,1807.44,239.1513
2025-04-27 03:54:00,1745726040.0,1807.44,1807.44,1805.95,1806.47,131.0428
2025-04-27 03:55:00,1745726100.0,1806.47,1809.1,1806.46,1807.8,506.6807
2025-04-27 03:56:00,1745726160.0,1807.8,1809.46,1807.5,1808.45,495.1185
2025-04-27 03:57:00,1745726220.0,1808.45,1808.93,1807.95,1808.21,120.2131
2025-04-27 03:58:00,1745726280.0,1808.2,1809.08,1808.09,1808.92,90.0153
2025-04-27 03:59:00,1745726340.0,1808.93,1810.13,1808.71,1809.75,134.6407
2025-04-27 04:00:00,1745726400.0,1809.75,1809.8,1809.13,1809.3,189.0534
2025-04-27 04:01:00,1745726460.0,1809.3,1810.0,1808.91,1809.7,98.0026
2025-04-27 04:02:00,1745726520.0,1809.71,1811.6,1809.7,1811.09,265.6025
2025-04-27 04:03:00,1745726580.0,1811.1,1811.39,1810.47,1810.85,134.8625
2025-04-27 04:04:00,1745726640.0,1810.84,1811.49,1809.05,1809.32,194.995
2025-04-27 04:05:00,1745726700.0,1809.31,1809.31,1806.52,1807.3,317.4894
2025-04-27 04:06:00,1745726760.0,1807.3,1808.4,1807.18,1808.4,163.4439
2025-04-27 04:07:00,1745726820.0,1808.4,1808.8,1807.85,1808.49,130.4017
2025-04-27 04:08:00,1745726880.0,1808.49,1809.1,1808.21,1808.3,202.0033
2025-04-27 04:09:00,1745726940.0,1808.3,1809.09,1808.3,1808.91,96.1261
2025-04-27 04:10:00,1745727000.0,1808.91,1808.91,1808.44,1808.68,71.3612
2025-04-27 04:11:00,1745727060.0,1808.68,1809.64,1808.5,1809.64,165.1224
2025-04-27 04:12:00,1745727120.0,1809.63,1810.25,1809.32,1809.33,150.3663
2025-04-27 04:13:00,1745727180.0,1809.32,1809.8,1809.0,1809.17,178.229
2025-04-27 04:14:00,1745727240.0,1809.16,1811.18,1809.01,1810.99,245.929
2025-04-27 04:15:00,1745727300.0,1810.99,1811.2,1810.35,1810.54,193.7394
2025-04-27 04:16:00,1745727360.0,1810.53,1810.62,1809.6,1809.61,110.8369
2025-04-27 04:17:00,1745727420.0,1809.6,1809.61,1808.42,1808.42,108.5057
2025-04-27 04:18:00,1745727480.0,1808.42,1809.09,1808.1,1809.08,198.4495
2025-04-27 04:19:00,1745727540.0,1809.08,1809.92,1808.45,1809.92,46.7199
2025-04-27 04:20:00,1745727600.0,1809.92,1809.92,1809.03,1809.03,44.1935
2025-04-27 04:21:00,1745727660.0,1809.03,1809.04,1808.16,1808.48,134.7652
2025-04-27 04:22:00,1745727720.0,1808.48,1809.89,1808.45,1809.89,97.6652
2025-04-27 04:23:00,1745727780.0,1809.89,1810.29,1809.88,1810.28,71.9494
2025-04-27 04:24:00,1745727840.0,1810.27,1810.27,1808.99,1809.0,193.1251
2025-04-27 04:25:00,1745727900.0,1809.0,1809.0,1808.01,1808.3,208.5541
2025-04-27 04:26:00,1745727960.0,1808.3,1808.42,1807.3,1807.87,93.9134
2025-04-27 04:27:00,1745728020.0,1807.86,1808.25,1807.5,1807.59,203.198
2025-04-27 04:28:00,1745728080.0,1807.6,1807.98,1807.0,1807.67,151.8782
2025-04-27 04:29:00,1745728140.0,1807.67,1807.87,1807.5,1807.86,57.8068
2025-04-27 04:30:00,1745728200.0,1807.86,1808.2,1807.22,1807.55,285.66
2025-04-27 04:31:00,1745728260.0,1807.55,1807.55,1806.03,1806.04,119.1278
2025-04-27 04:32:00,1745728320.0,1806.04,1806.3,1805.14,1806.03,197.293
2025-04-27 04:33:00,1745728380.0,1806.03,1806.6,1805.65,1805.67,153.1606
2025-04-27 04:34:00,1745728440.0,1805.67,1805.67,1803.62,1804.1,630.7986
2025-04-27 04:35:00,1745728500.0,1804.1,1804.28,1802.6,1803.18,367.5339
2025-04-27 04:36:00,1745728560.0,1803.18,1804.29,1802.1,1803.83,542.0358
2025-04-27 04:37:00,1745728620.0,1803.83,1804.49,1802.84,1803.19,145.0118
2025-04-27 04:38:00,1745728680.0,1803.18,1803.24,1802.48,1802.48,150.6886
2025-04-27 04:39:00,1745728740.0,1802.48,1803.5,1801.2,1801.59,579.7465
2025-04-27 04:40:00,1745728800.0,1801.6,1801.72,1799.1,1800.54,2416.4361
2025-04-27 04:41:00,1745728860.0,1800.54,1803.14,1800.54,1803.13,394.0424
2025-04-27 04:42:00,1745728920.0,1803.13,1804.3,1802.35,1803.38,323.7912
2025-04-27 04:43:00,1745728980.0,1803.37,1803.63,1802.73,1802.78,69.38
2025-04-27 04:44:00,1745729040.0,1802.79,1803.09,1802.0,1802.04,232.5808
2025-04-27 04:45:00,1745729100.0,1802.04,1803.09,1802.04,1802.69,153.6265
2025-04-27 04:46:00,1745729160.0,1802.7,1803.8,1802.6,1803.6,76.1929
2025-04-27 04:47:00,1745729220.0,1803.6,1803.85,1803.01,1803.02,88.8714
2025-04-27 04:48:00,1745729280.0,1803.01,1803.7,1802.5,1803.1,182.872
2025-04-27 04:49:00,1745729340.0,1803.09,1803.09,1800.47,1800.48,323.1725
2025-04-27 04:50:00,1745729400.0,1800.47,1800.48,1797.18,1798.64,797.4137
2025-04-27 04:51:00,1745729460.0,1798.63,1799.82,1797.02,1799.69,723.9541
2025-04-27 04:52:00,1745729520.0,1799.69,1800.4,1799.28,1800.16,164.9602
2025-04-27 04:53:00,1745729580.0,1800.17,1800.17,1797.34,1798.15,482.7271
2025-04-27 04:54:00,1745729640.0,1798.16,1798.16,1797.63,1798.0,158.9355
2025-04-27 04:55:00,1745729700.0,1797.99,1799.3,1797.56,1799.08,326.3041
2025-04-27 04:56:00,1745729760.0,1799.09,1799.83,1798.96,1798.96,64.4662
2025-04-27 04:57:00,1745729820.0,1798.97,1799.27,1798.11,1798.91,311.6375
2025-04-27 04:58:00,1745729880.0,1798.92,1800.2,1798.92,1799.04,205.9551
2025-04-27 04:59:00,1745729940.0,1799.05,1799.05,1797.81,1798.2,162.1999
2025-04-27 05:00:00,1745730000.0,1798.2,1799.4,1797.37,1799.25,176.4324
2025-04-27 05:01:00,1745730060.0,1799.25,1801.2,1798.79,1801.19,175.5886
2025-04-27 05:02:00,1745730120.0,1801.2,1801.75,1801.04,1801.11,207.2876
2025-04-27 05:03:00,1745730180.0,1801.1,1802.56,1801.1,1802.27,106.1306
2025-04-27 05:04:00,1745730240.0,1802.26,1803.08,1802.01,1802.08,94.5261
2025-04-27 05:05:00,1745730300.0,1802.08,1802.08,1800.6,1801.3,81.3432
2025-04-27 05:06:00,1745730360.0,1801.3,1801.83,1800.89,1801.83,146.3931
2025-04-27 05:07:00,1745730420.0,1801.83,1803.15,1801.75,1802.71,129.6349
2025-04-27 05:08:00,1745730480.0,1802.7,1803.33,1802.36,1803.33,86.6749
2025-04-27 05:09:00,1745730540.0,1803.33,1806.67,1803.0,1804.71,1148.5119
2025-04-27 05:10:00,1745730600.0,1804.72,1804.72,1803.01,1803.01,169.6537
2025-04-27 05:11:00,1745730660.0,1803.01,1804.2,1803.01,1803.41,201.9475
2025-04-27 05:12:00,1745730720.0,1803.41,1803.99,1803.4,1803.48,173.5097
2025-04-27 05:13:00,1745730780.0,1803.48,1803.48,1801.67,1801.93,208.3976
2025-04-27 05:14:00,1745730840.0,1801.92,1803.09,1801.89,1803.09,145.5058
2025-04-27 05:15:00,1745730900.0,1803.08,1803.49,1802.02,1803.19,135.5203
2025-04-27 05:16:00,1745730960.0,1803.2,1805.0,1802.9,1804.78,173.7079
2025-04-27 05:17:00,1745731020.0,1804.77,1805.26,1803.5,1803.77,135.6474
2025-04-27 05:18:00,1745731080.0,1803.78,1804.03,1803.23,1803.63,238.5793
2025-04-27 05:19:00,1745731140.0,1803.62,1803.62,1802.17,1802.18,169.7455
2025-04-27 05:20:00,1745731200.0,1802.17,1802.44,1801.62,1802.08,178.1477
2025-04-27 05:21:00,1745731260.0,1802.08,1802.08,1798.81,1798.82,434.027
2025-04-27 05:22:00,1745731320.0,1798.81,1799.03,1797.67,1797.69,449.8173
2025-04-27 05:23:00,1745731380.0,1797.69,1798.65,1797.2,1798.47,269.2608
2025-04-27 05:24:00,1745731440.0,1798.48,1798.48,1797.12,1797.8,182.5812
2025-04-27 05:25:00,1745731500.0,1797.81,1798.16,1792.44,1794.6,2214.5549
2025-04-27 05:26:00,1745731560.0,1794.59,1796.69,1791.83,1793.06,1364.2287
2025-04-27 05:27:00,1745731620.0,1793.07,1794.96,1790.27,1790.9,1476.8674
2025-04-27 05:28:00,1745731680.0,1790.91,1794.18,1790.28,1793.86,529.0721
2025-04-27 05:29:00,1745731740.0,1793.86,1794.39,1792.86,1794.12,276.1772
2025-04-27 05:30:00,1745731800.0,1794.11,1794.8,1791.5,1793.51,375.9775
2025-04-27 05:31:00,1745731860.0,1793.51,1795.59,1793.51,1794.62,214.9856
2025-04-27 05:32:00,1745731920.0,1794.63,1795.66,1794.53,1795.22,196.6703
2025-04-27 05:33:00,1745731980.0,1795.22,1796.0,1795.0,1796.0,215.8234
2025-04-27 05:34:00,1745732040.0,1796.0,1796.0,1795.01,1795.7,74.7606
2025-04-27 05:35:00,1745732100.0,1795.7,1796.4,1794.31,1794.6,626.9105
2025-04-27 05:36:00,1745732160.0,1794.59,1795.35,1793.5,1795.09,158.0921
2025-04-27 05:37:00,1745732220.0,1795.1,1797.0,1795.1,1796.68,129.8664
2025-04-27 05:38:00,1745732280.0,1796.68,1796.81,1795.63,1796.8,93.4366
2025-04-27 05:39:00,1745732340.0,1796.8,1796.81,1795.79,1795.97,83.6808
2025-04-27 05:40:00,1745732400.0,1795.98,1796.3,1794.79,1795.72,157.0022
2025-04-27 05:41:00,1745732460.0,1795.72,1796.7,1795.71,1796.51,126.7215
2025-04-27 05:42:00,1745732520.0,1796.52,1797.2,1796.09,1796.1,84.6695
2025-04-27 05:43:00,1745732580.0,1796.09,1796.29,1795.2,1795.69,100.3161
2025-04-27 05:44:00,1745732640.0,1795.69,1796.22,1795.69,1796.21,35.965
2025-04-27 05:45:00,1745732700.0,1796.22,1797.58,1795.72,1797.0,119.2549
2025-04-27 05:46:00,1745732760.0,1796.99,1797.3,1796.2,1796.59,140.9398
2025-04-27 05:47:00,1745732820.0,1796.59,1797.82,1796.43,1797.68,117.8083
2025-04-27 05:48:00,1745732880.0,1797.67,1798.08,1797.54,1797.9,177.0502
2025-04-27 05:49:00,1745732940.0,1797.9,1799.0,1797.9,1798.99,83.9575
2025-04-27 05:50:00,1745733000.0,1799.0,1799.0,1797.91,1798.36,75.9557
2025-04-27 05:51:00,1745733060.0,1798.35,1798.36,1795.24,1795.79,251.3145
2025-04-27 05:52:00,1745733120.0,1795.79,1796.5,1795.79,1796.21,68.6721
2025-04-27 05:53:00,1745733180.0,1796.21,1797.69,1795.9,1797.68,64.0106
2025-04-27 05:54:00,1745733240.0,1797.69,1798.34,1796.65,1796.65,120.8712
2025-04-27 05:55:00,1745733300.0,1796.66,1796.81,1796.25,1796.49,52.7388
2025-04-27 05:56:00,1745733360.0,1796.49,1797.59,1796.49,1797.06,31.6021
2025-04-27 05:57:00,1745733420.0,1797.07,1797.37,1796.69,1796.69,79.9582
2025-04-27 05:58:00,1745733480.0,1796.7,1797.93,1796.69,1797.92,42.3438
2025-04-27 05:59:00,1745733540.0,1797.92,1798.7,1797.92,1798.69,61.623
2025-04-27 06:00:00,1745733600.0,1798.69,1799.0,1798.11,1798.99,103.3905
2025-04-27 06:01:00,1745733660.0,1798.99,1799.32,1798.5,1799.31,80.6768
2025-04-27 06:02:00,1745733720.0,1799.31,1799.83,1799.3,1799.78,77.9277
2025-04-27 06:03:00,1745733780.0,1799.77,1799.87,1799.3,1799.8,469.1203
2025-04-27 06:04:00,1745733840.0,1799.8,1800.67,1799.79,1800.43,237.0978
2025-04-27 06:05:00,1745733900.0,1800.44,1800.45,1800.08,1800.08,438.4071
2025-04-27 06:06:00,1745733960.0,1800.09,1800.51,1799.84,1799.92,148.5867
2025-04-27 06:07:00,1745734020.0,1799.92,1800.3,1799.6,1800.29,218.8247
2025-04-27 06:08:00,1745734080.0,1800.29,1802.0,1799.79,1801.96,223.9631
2025-04-27 06:09:00,1745734140.0,1801.94,1801.94,1800.65,1800.87,151.1545
2025-04-27 06:10:00,1745734200.0,1800.87,1801.69,1800.7,1801.69,96.4901
2025-04-27 06:11:00,1745734260.0,1801.7,1802.35,1801.65,1801.97,125.5246
2025-04-27 06:12:00,1745734320.0,1801.98,1802.3,1801.94,1802.09,149.9217
2025-04-27 06:13:00,1745734380.0,1802.09,1802.19,1801.03,1801.39,442.2109
2025-04-27 06:14:00,1745734440.0,1801.4,1802.19,1801.39,1802.19,26.6255
2025-04-27 06:15:00,1745734500.0,1802.18,1802.3,1801.69,1801.69,48.308
2025-04-27 06:16:00,1745734560.0,1801.7,1801.7,1800.4,1801.08,198.6751
2025-04-27 06:17:00,1745734620.0,1801.07,1801.08,1799.69,1799.83,161.2008
2025-04-27 06:18:00,1745734680.0,1799.83,1800.64,1799.83,1800.21,80.5428
2025-04-27 06:19:00,1745734740.0,1800.2,1802.3,1800.2,1802.29,232.726
2025-04-27 06:20:00,1745734800.0,1802.3,1802.3,1801.06,1801.11,113.2733
2025-04-27 06:21:00,1745734860.0,1801.11,1802.57,1801.1,1802.57,366.8393
2025-04-27 06:22:00,1745734920.0,1802.57,1804.03,1802.57,1804.03,74.2904
2025-04-27 06:23:00,1745734980.0,1804.03,1804.03,1802.62,1803.55,212.2069
2025-04-27 06:24:00,1745735040.0,1803.56,1803.78,1803.55,1803.77,31.4037
2025-04-27 06:25:00,1745735100.0,1803.77,1804.28,1802.63,1802.88,436.3823
2025-04-27 06:26:00,1745735160.0,1802.89,1803.06,1801.52,1801.52,202.687
2025-04-27 06:27:00,1745735220.0,1801.53,1802.21,1801.52,1802.2,70.3031
2025-04-27 06:28:00,1745735280.0,1802.21,1802.77,1802.21,1802.7,25.6937
2025-04-27 06:29:00,1745735340.0,1802.7,1803.5,1802.5,1803.5,371.9168
2025-04-27 06:30:00,1745735400.0,1803.49,1803.49,1802.6,1802.84,140.8287
2025-04-27 06:31:00,1745735460.0,1802.83,1802.85,1802.21,1802.43,103.0052
2025-04-27 06:32:00,1745735520.0,1802.44,1802.84,1802.0,1802.76,113.9775
2025-04-27 06:33:00,1745735580.0,1802.77,1802.77,1801.56,1801.85,69.6278
2025-04-27 06:34:00,1745735640.0,1801.85,1802.4,1801.7,1802.05,70.4089
2025-04-27 06:35:00,1745735700.0,1802.05,1802.8,1801.86,1802.8,42.5221
2025-04-27 06:36:00,1745735760.0,1802.79,1802.8,1802.01,1802.19,161.3162
2025-04-27 06:37:00,1745735820.0,1802.2,1802.2,1801.55,1801.7,116.8843
2025-04-27 06:38:00,1745735880.0,1801.71,1801.93,1801.7,1801.84,22.1032
2025-04-27 06:39:00,1745735940.0,1801.85,1802.42,1801.52,1801.53,137.8917
2025-04-27 06:40:00,1745736000.0,1801.54,1801.78,1801.0,1801.0,134.1071
2025-04-27 06:41:00,1745736060.0,1801.0,1801.1,1800.51,1800.69,90.7366
2025-04-27 06:42:00,1745736120.0,1800.68,1803.5,1800.68,1803.49,210.0752
2025-04-27 06:43:00,1745736180.0,1803.49,1803.49,1801.67,1801.67,165.304
2025-04-27 06:44:00,1745736240.0,1801.67,1802.06,1801.67,1801.72,30.9524
2025-04-27 06:45:00,1745736300.0,1801.72,1801.72,1800.31,1800.32,140.2968
2025-04-27 06:46:00,1745736360.0,1800.32,1800.32,1799.38,1799.38,130.4986
2025-04-27 06:47:00,1745736420.0,1799.38,1799.63,1798.81,1798.9,249.3436
2025-04-27 06:48:00,1745736480.0,1798.91,1799.82,1798.81,1799.6,214.6263
2025-04-27 06:49:00,1745736540.0,1799.59,1799.65,1798.4,1798.54,137.0801
2025-04-27 06:50:00,1745736600.0,1798.55,1799.18,1798.54,1798.86,90.7182
2025-04-27 06:51:00,1745736660.0,1798.87,1799.19,1798.35,1798.35,160.093
2025-04-27 06:52:00,1745736720.0,1798.36,1798.36,1797.81,1797.9,114.5167
2025-04-27 06:53:00,1745736780.0,1797.9,1798.4,1797.9,1798.4,41.1727
2025-04-27 06:54:00,1745736840.0,1798.4,1800.3,1798.4,1800.21,123.9473
2025-04-27 06:55:00,1745736900.0,1800.21,1800.32,1800.19,1800.19,35.64
2025-04-27 06:56:00,1745736960.0,1800.19,1801.94,1800.19,1801.84,225.0112
2025-04-27 06:57:00,1745737020.0,1801.83,1801.83,1800.9,1800.9,82.8151
2025-04-27 06:58:00,1745737080.0,1800.9,1800.91,1800.63,1800.64,53.1037
2025-04-27 06:59:00,1745737140.0,1800.63,1800.64,1800.42,1800.62,75.4103
2025-04-27 07:00:00,1745737200.0,1800.62,1801.65,1800.47,1800.47,92.6428
2025-04-27 07:01:00,1745737260.0,1800.48,1801.63,1800.47,1800.47,145.6325
2025-04-27 07:02:00,1745737320.0,1800.47,1801.78,1800.47,1801.7,31.0996
2025-04-27 07:03:00,1745737380.0,1801.7,1801.91,1801.7,1801.91,100.7744
2025-04-27 07:04:00,1745737440.0,1801.91,1802.07,1800.51,1800.51,114.5328
2025-04-27 07:05:00,1745737500.0,1800.5,1800.76,1800.1,1800.1,79.5361
2025-04-27 07:06:00,1745737560.0,1800.1,1800.66,1800.02,1800.66,77.038
2025-04-27 07:07:00,1745737620.0,1800.66,1801.12,1800.66,1801.06,75.9802
2025-04-27 07:08:00,1745737680.0,1801.06,1801.35,1800.81,1800.81,104.1761
2025-04-27 07:09:00,1745737740.0,1800.81,1800.82,1799.27,1799.28,201.6766
2025-04-27 07:10:00,1745737800.0,1799.28,1799.4,1798.0,1798.0,135.8192
2025-04-27 07:11:00,1745737860.0,1798.0,1798.36,1797.22,1797.22,85.2134
2025-04-27 07:12:00,1745737920.0,1797.22,1798.37,1797.22,1798.36,191.9785
2025-04-27 07:13:00,1745737980.0,1798.36,1798.69,1798.0,1798.69,83.9257
2025-04-27 07:14:00,1745738040.0,1798.7,1799.59,1798.69,1799.4,84.1214
2025-04-27 07:15:00,1745738100.0,1799.39,1800.47,1799.39,1800.14,65.7324
2025-04-27 07:16:00,1745738160.0,1800.15,1800.83,1800.15,1800.32,88.051
2025-04-27 07:17:00,1745738220.0,1800.33,1801.34,1800.32,1801.07,106.359
2025-04-27 07:18:00,1745738280.0,1801.07,1801.5,1801.06,1801.49,46.104
2025-04-27 07:19:00,1745738340.0,1801.49,1801.88,1801.49,1801.58,42.7434
2025-04-27 07:20:00,1745738400.0,1801.57,1802.47,1801.57,1802.01,169.4558
2025-04-27 07:21:00,1745738460.0,1802.0,1802.52,1802.0,1802.51,39.8357
2025-04-27 07:22:00,1745738520.0,1802.52,1803.01,1802.22,1802.24,117.4881
2025-04-27 07:23:00,1745738580.0,1802.23,1802.82,1802.21,1802.21,116.5593
2025-04-27 07:24:00,1745738640.0,1802.21,1802.22,1801.51,1801.51,60.8755
2025-04-27 07:25:00,1745738700.0,1801.51,1802.22,1801.49,1802.21,25.2771
2025-04-27 07:26:00,1745738760.0,1802.21,1803.53,1802.08,1803.53,115.5544
2025-04-27 07:27:00,1745738820.0,1803.52,1804.37,1803.27,1803.81,217.7269
2025-04-27 07:28:00,1745738880.0,1803.81,1804.03,1803.6,1804.02,44.92
2025-04-27 07:29:00,1745738940.0,1804.03,1804.03,1802.7,1802.83,160.1329
2025-04-27 07:30:00,1745739000.0,1802.83,1803.75,1802.83,1803.74,73.0237
2025-04-27 07:31:00,1745739060.0,1803.74,1804.61,1803.74,1804.61,118.6637
2025-04-27 07:32:00,1745739120.0,1804.6,1804.6,1803.7,1804.09,99.0663
2025-04-27 07:33:00,1745739180.0,1804.09,1804.15,1803.38,1803.39,52.5039
2025-04-27 07:34:00,1745739240.0,1803.38,1803.39,1802.1,1802.11,70.9782
2025-04-27 07:35:00,1745739300.0,1802.11,1802.68,1802.11,1802.68,81.2252
2025-04-27 07:36:00,1745739360.0,1802.67,1802.68,1802.0,1802.24,114.9197
2025-04-27 07:37:00,1745739420.0,1802.23,1802.65,1802.05,1802.49,40.2573
2025-04-27 07:38:00,1745739480.0,1802.49,1802.5,1802.01,1802.02,46.1531
2025-04-27 07:39:00,1745739540.0,1802.01,1804.35,1802.01,1804.34,452.9484
2025-04-27 07:40:00,1745739600.0,1804.34,1804.34,1803.61,1803.62,38.1423
2025-04-27 07:41:00,1745739660.0,1803.61,1803.85,1803.61,1803.83,22.7249
2025-04-27 07:42:00,1745739720.0,1803.83,1805.12,1803.82,1805.0,209.386
2025-04-27 07:43:00,1745739780.0,1805.0,1805.0,1804.67,1804.75,67.569
2025-04-27 07:44:00,1745739840.0,1804.75,1805.38,1804.75,1805.38,74.6307
2025-04-27 07:45:00,1745739900.0,1805.39,1805.4,1803.02,1803.21,254.0571
2025-04-27 07:46:00,1745739960.0,1803.21,1804.2,1802.84,1804.2,137.4239
2025-04-27 07:47:00,1745740020.0,1804.19,1805.01,1804.19,1805.01,53.0354
2025-04-27 07:48:00,1745740080.0,1805.01,1805.39,1804.65,1804.67,182.6021
2025-04-27 07:49:00,1745740140.0,1804.67,1804.86,1804.67,1804.84,50.3988
2025-04-27 07:50:00,1745740200.0,1804.84,1804.85,1803.91,1803.91,104.3168
2025-04-27 07:51:00,1745740260.0,1803.91,1804.29,1803.57,1803.57,49.375
2025-04-27 07:52:00,1745740320.0,1803.57,1803.7,1803.11,1803.12,23.2657
2025-04-27 07:53:00,1745740380.0,1803.12,1803.29,1803.11,1803.29,25.9403
2025-04-27 07:54:00,1745740440.0,1803.28,1803.8,1803.28,1803.8,29.828
2025-04-27 07:55:00,1745740500.0,1803.79,1804.25,1803.79,1804.23,45.4009
2025-04-27 07:56:00,1745740560.0,1804.23,1804.23,1802.85,1802.85,129.2091
2025-04-27 07:57:00,1745740620.0,1802.85,1803.14,1802.85,1803.14,50.2861
2025-04-27 07:58:00,1745740680.0,1803.14,1804.2,1803.14,1804.2,25.2773
2025-04-27 07:59:00,1745740740.0,1804.19,1804.2,1803.59,1803.76,100.5868
2025-04-27 08:00:00,1745740800.0,1803.75,1803.76,1803.21,1803.22,54.393
2025-04-27 08:01:00,1745740860.0,1803.21,1803.55,1802.92,1803.25,62.1968
2025-04-27 08:02:00,1745740920.0,1803.25,1803.25,1802.85,1803.1,39.9763
2025-04-27 08:03:00,1745740980.0,1803.09,1803.1,1802.01,1802.02,74.532
2025-04-27 08:04:00,1745741040.0,1802.01,1802.35,1801.56,1802.34,416.3549
2025-04-27 08:05:00,1745741100.0,1802.34,1802.35,1802.06,1802.07,73.4163
2025-04-27 08:06:00,1745741160.0,1802.06,1802.1,1801.74,1801.87,163.686
2025-04-27 08:07:00,1745741220.0,1801.88,1803.13,1801.88,1802.59,126.1654
2025-04-27 08:08:00,1745741280.0,1802.59,1803.49,1802.2,1803.49,77.5488
2025-04-27 08:09:00,1745741340.0,1803.49,1804.02,1803.49,1803.85,63.4046
2025-04-27 08:10:00,1745741400.0,1803.84,1804.09,1803.71,1803.72,20.7933
2025-04-27 08:11:00,1745741460.0,1803.71,1803.9,1803.38,1803.9,41.271
2025-04-27 08:12:00,1745741520.0,1803.89,1803.9,1803.89,1803.9,16.0488
2025-04-27 08:13:00,1745741580.0,1803.9,1805.09,1803.89,1805.09,65.0046
2025-04-27 08:14:00,1745741640.0,1805.09,1807.01,1805.08,1806.63,336.7598
2025-04-27 08:15:00,1745741700.0,1806.62,1806.62,1805.71,1805.71,143.1473
2025-04-27 08:16:00,1745741760.0,1805.71,1807.5,1805.7,1807.49,86.6939
2025-04-27 08:17:00,1745741820.0,1807.49,1810.15,1807.13,1809.18,543.1074
2025-04-27 08:18:00,1745741880.0,1809.18,1815.52,1809.1,1812.0,1862.5742
2025-04-27 08:19:00,1745741940.0,1812.0,1812.01,1807.44,1808.0,1080.8452
2025-04-27 08:20:00,1745742000.0,1808.0,1809.19,1807.39,1809.04,227.8013
2025-04-27 08:21:00,1745742060.0,1809.04,1809.89,1808.45,1808.45,313.2393
2025-04-27 08:22:00,1745742120.0,1808.46,1808.46,1807.0,1808.04,168.0508
2025-04-27 08:23:00,1745742180.0,1808.05,1808.2,1807.37,1807.86,251.1966
2025-04-27 08:24:00,1745742240.0,1807.87,1808.29,1807.61,1807.76,46.2344
2025-04-27 08:25:00,1745742300.0,1807.76,1808.81,1807.6,1808.1,312.9669
2025-04-27 08:26:00,1745742360.0,1808.1,1808.39,1806.97,1807.2,76.8303
2025-04-27 08:27:00,1745742420.0,1807.19,1808.92,1807.14,1807.4,305.6782
2025-04-27 08:28:00,1745742480.0,1807.44,1808.49,1807.43,1808.49,64.5729
2025-04-27 08:29:00,1745742540.0,1808.49,1808.92,1808.49,1808.69,106.3409
2025-04-27 08:30:00,1745742600.0,1808.68,1810.2,1807.22,1810.17,183.8626
2025-04-27 08:31:00,1745742660.0,1810.17,1810.89,1808.94,1809.59,257.764
2025-04-27 08:32:00,1745742720.0,1809.59,1811.3,1809.27,1810.61,295.8511
2025-04-27 08:33:00,1745742780.0,1810.6,1811.7,1810.6,1811.36,238.141
2025-04-27 08:34:00,1745742840.0,1811.36,1811.36,1808.96,1809.25,401.7334
2025-04-27 08:35:00,1745742900.0,1809.24,1809.55,1808.6,1809.37,283.742
2025-04-27 08:36:00,1745742960.0,1809.38,1809.38,1808.43,1809.21,310.8096
2025-04-27 08:37:00,1745743020.0,1809.22,1809.48,1808.51,1808.64,164.1358
2025-04-27 08:38:00,1745743080.0,1808.63,1810.28,1808.41,1809.21,210.2566
2025-04-27 08:39:00,1745743140.0,1809.21,1810.4,1808.7,1810.01,279.1644
2025-04-27 08:40:00,1745743200.0,1810.0,1810.9,1809.73,1810.82,286.141
2025-04-27 08:41:00,1745743260.0,1810.83,1811.2,1810.13,1810.75,63.4329
2025-04-27 08:42:00,1745743320.0,1810.76,1810.76,1809.52,1809.74,107.1541
2025-04-27 08:43:00,1745743380.0,1809.74,1811.2,1809.74,1811.2,81.0133
2025-04-27 08:44:00,1745743440.0,1811.19,1812.33,1810.92,1812.09,113.4
2025-04-27 08:45:00,1745743500.0,1812.1,1812.3,1810.95,1811.69,126.8181
2025-04-27 08:46:00,1745743560.0,1811.69,1812.1,1811.16,1811.72,115.6934
2025-04-27 08:47:00,1745743620.0,1811.71,1812.29,1811.12,1812.28,211.3336
2025-04-27 08:48:00,1745743680.0,1812.29,1813.94,1812.19,1812.93,162.9608
2025-04-27 08:49:00,1745743740.0,1812.94,1812.94,1811.6,1811.61,166.0575
2025-04-27 08:50:00,1745743800.0,1811.6,1812.0,1811.51,1811.99,207.5647
2025-04-27 08:51:00,1745743860.0,1811.99,1812.0,1810.4,1811.13,132.6477
2025-04-27 08:52:00,1745743920.0,1811.13,1811.13,1810.0,1810.13,246.9796
2025-04-27 08:53:00,1745743980.0,1810.13,1810.79,1810.0,1810.44,263.5334
2025-04-27 08:54:00,1745744040.0,1810.44,1810.76,1809.92,1810.75,64.8471
2025-04-27 08:55:00,1745744100.0,1810.75,1810.76,1809.91,1810.2,55.7933
2025-04-27 08:56:00,1745744160.0,1810.21,1810.7,1810.14,1810.3,59.2994
2025-04-27 08:57:00,1745744220.0,1810.31,1810.31,1809.4,1809.41,57.4064
2025-04-27 08:58:00,1745744280.0,1809.41,1810.7,1809.4,1810.23,65.2373
2025-04-27 08:59:00,1745744340.0,1810.23,1810.55,1809.82,1810.09,56.0492
2025-04-27 09:00:00,1745744400.0,1810.1,1810.5,1809.5,1809.87,68.7398
2025-04-27 09:01:00,1745744460.0,1809.87,1810.79,1809.5,1810.36,86.2587
2025-04-27 09:02:00,1745744520.0,1810.35,1810.8,1809.93,1810.68,135.5039
2025-04-27 09:03:00,1745744580.0,1810.68,1811.0,1810.63,1810.63,58.4243
2025-04-27 09:04:00,1745744640.0,1810.63,1810.63,1808.18,1808.19,131.7895
2025-04-27 09:05:00,1745744700.0,1808.18,1810.55,1808.18,1810.4,134.3462
2025-04-27 09:06:00,1745744760.0,1810.4,1810.72,1809.42,1809.43,139.2683
2025-04-27 09:07:00,1745744820.0,1809.43,1809.71,1808.3,1808.31,86.7875
2025-04-27 09:08:00,1745744880.0,1808.31,1808.31,1807.7,1807.93,87.1811
2025-04-27 09:09:00,1745744940.0,1807.94,1807.94,1807.2,1807.62,92.0661
2025-04-27 09:10:00,1745745000.0,1807.61,1808.09,1807.61,1807.98,77.6689
2025-04-27 09:11:00,1745745060.0,1807.98,1807.98,1807.12,1807.32,134.5451
2025-04-27 09:12:00,1745745120.0,1807.33,1807.59,1806.87,1806.91,46.975
2025-04-27 09:13:00,1745745180.0,1806.9,1807.29,1806.86,1807.28,183.2462
2025-04-27 09:14:00,1745745240.0,1807.28,1807.31,1806.91,1807.0,100.4264
2025-04-27 09:15:00,1745745300.0,1807.0,1807.57,1807.0,1807.4,60.337
2025-04-27 09:16:00,1745745360.0,1807.4,1808.27,1807.4,1808.26,151.4283
2025-04-27 09:17:00,1745745420.0,1808.26,1809.53,1808.26,1808.81,271.4278
2025-04-27 09:18:00,1745745480.0,1808.81,1808.82,1808.4,1808.81,53.9047
2025-04-27 09:19:00,1745745540.0,1808.82,1809.89,1808.81,1809.89,46.2929
2025-04-27 09:20:00,1745745600.0,1809.89,1809.89,1809.0,1809.01,42.2693
2025-04-27 09:21:00,1745745660.0,1809.01,1809.7,1809.0,1809.61,46.812
2025-04-27 09:22:00,1745745720.0,1809.62,1809.78,1806.63,1806.83,136.4858
2025-04-27 09:23:00,1745745780.0,1806.83,1807.76,1806.73,1807.07,82.6743
2025-04-27 09:24:00,1745745840.0,1807.08,1807.7,1806.9,1807.39,47.3655
2025-04-27 09:25:00,1745745900.0,1807.4,1807.57,1806.31,1807.29,121.3987
2025-04-27 09:26:00,1745745960.0,1807.29,1807.3,1806.8,1806.81,39.416
2025-04-27 09:27:00,1745746020.0,1806.81,1807.16,1806.81,1806.91,67.2518
2025-04-27 09:28:00,1745746080.0,1806.92,1807.8,1806.81,1806.82,69.1977
2025-04-27 09:29:00,1745746140.0,1806.82,1806.82,1806.2,1806.24,155.2573
2025-04-27 09:30:00,1745746200.0,1806.25,1806.67,1806.25,1806.67,89.2761
2025-04-27 09:31:00,1745746260.0,1806.69,1807.8,1806.69,1806.73,609.2981
2025-04-27 09:32:00,1745746320.0,1806.74,1807.6,1806.73,1807.6,46.8903
2025-04-27 09:33:00,1745746380.0,1807.6,1807.6,1805.31,1806.23,198.6184
2025-04-27 09:34:00,1745746440.0,1806.23,1807.92,1806.23,1807.79,58.1642
2025-04-27 09:35:00,1745746500.0,1807.8,1808.13,1807.0,1807.22,73.8271
2025-04-27 09:36:00,1745746560.0,1807.23,1807.7,1806.66,1806.66,53.2512
2025-04-27 09:37:00,1745746620.0,1806.67,1806.67,1805.91,1806.35,47.918
2025-04-27 09:38:00,1745746680.0,1806.36,1807.7,1806.35,1807.69,54.1001
2025-04-27 09:39:00,1745746740.0,1807.7,1809.1,1807.69,1808.61,47.5287
2025-04-27 09:40:00,1745746800.0,1808.61,1808.61,1808.2,1808.4,71.1626
2025-04-27 09:41:00,1745746860.0,1808.41,1809.6,1808.4,1809.6,25.3703
2025-04-27 09:42:00,1745746920.0,1809.59,1810.13,1809.24,1810.02,149.1502
2025-04-27 09:43:00,1745746980.0,1810.02,1811.53,1810.02,1811.31,159.5929
2025-04-27 09:44:00,1745747040.0,1811.3,1812.73,1810.74,1812.55,384.2173
2025-04-27 09:45:00,1745747100.0,1812.55,1812.9,1811.93,1812.32,230.1487
2025-04-27 09:46:00,1745747160.0,1812.31,1813.34,1811.4,1811.47,602.6333
2025-04-27 09:47:00,1745747220.0,1811.48,1811.92,1811.0,1811.01,141.5154
2025-04-27 09:48:00,1745747280.0,1811.0,1812.45,1811.0,1812.4,72.706
2025-04-27 09:49:00,1745747340.0,1812.4,1812.4,1811.19,1811.2,97.9458
2025-04-27 09:50:00,1745747400.0,1811.21,1811.51,1811.0,1811.0,60.9335
2025-04-27 09:51:00,1745747460.0,1811.01,1811.1,1810.29,1810.99,75.853
2025-04-27 09:52:00,1745747520.0,1810.99,1810.99,1810.13,1810.13,36.3006
2025-04-27 09:53:00,1745747580.0,1810.14,1810.14,1809.92,1809.95,20.676
2025-04-27 09:54:00,1745747640.0,1809.96,1810.75,1809.95,1810.42,51.1647
2025-04-27 09:55:00,1745747700.0,1810.43,1810.43,1810.02,1810.09,11.5413
2025-04-27 09:56:00,1745747760.0,1810.09,1810.22,1810.08,1810.22,9.7947
2025-04-27 09:57:00,1745747820.0,1810.23,1810.85,1810.23,1810.5,21.3483
2025-04-27 09:58:00,1745747880.0,1810.51,1811.0,1810.25,1811.0,42.049
2025-04-27 09:59:00,1745747940.0,1811.0,1811.0,1810.51,1810.65,40.9334
2025-04-27 10:00:00,1745748000.0,1810.66,1810.99,1810.65,1810.99,32.8332
2025-04-27 10:01:00,1745748060.0,1811.0,1811.93,1810.7,1810.7,168.2338
2025-04-27 10:02:00,1745748120.0,1810.7,1810.72,1809.58,1809.58,165.9142
2025-04-27 10:03:00,1745748180.0,1809.59,1809.82,1809.0,1809.82,59.8792
2025-04-27 10:04:00,1745748240.0,1809.82,1810.85,1809.81,1810.5,159.4615
2025-04-27 10:05:00,1745748300.0,1810.5,1810.85,1810.08,1810.38,130.8101
2025-04-27 10:06:00,1745748360.0,1810.39,1810.89,1809.2,1809.21,121.8156
2025-04-27 10:07:00,1745748420.0,1809.21,1810.72,1809.2,1810.72,186.0611
2025-04-27 10:08:00,1745748480.0,1810.72,1812.94,1810.72,1812.16,233.5866
2025-04-27 10:09:00,1745748540.0,1812.15,1812.63,1812.0,1812.32,54.5974
2025-04-27 10:10:00,1745748600.0,1812.31,1812.32,1810.92,1811.26,138.4604
2025-04-27 10:11:00,1745748660.0,1811.25,1812.4,1811.25,1812.4,104.3979
2025-04-27 10:12:00,1745748720.0,1812.4,1812.45,1811.94,1812.4,93.2585
2025-04-27 10:13:00,1745748780.0,1812.41,1812.8,1812.4,1812.79,78.9929
2025-04-27 10:14:00,1745748840.0,1812.8,1812.8,1811.6,1811.61,197.479
2025-04-27 10:15:00,1745748900.0,1811.6,1811.97,1811.5,1811.51,112.1173
2025-04-27 10:16:00,1745748960.0,1811.51,1812.36,1811.3,1812.36,81.0382
2025-04-27 10:17:00,1745749020.0,1812.36,1812.36,1811.17,1811.38,146.6347
2025-04-27 10:18:00,1745749080.0,1811.37,1811.69,1810.93,1811.69,28.5568
2025-04-27 10:19:00,1745749140.0,1811.69,1811.69,1810.0,1810.0,53.6659
2025-04-27 10:20:00,1745749200.0,1810.01,1810.4,1809.83,1809.84,91.9572
2025-04-27 10:21:00,1745749260.0,1809.84,1809.84,1809.33,1809.33,83.4893
2025-04-27 10:22:00,1745749320.0,1809.33,1809.77,1809.33,1809.42,127.882
2025-04-27 10:23:00,1745749380.0,1809.42,1809.77,1809.42,1809.76,31.6184
2025-04-27 10:24:00,1745749440.0,1809.76,1809.77,1809.36,1809.36,47.3441
2025-04-27 10:25:00,1745749500.0,1809.36,1809.57,1808.2,1809.02,169.2412
2025-04-27 10:26:00,1745749560.0,1809.02,1809.2,1808.91,1808.91,53.2329
2025-04-27 10:27:00,1745749620.0,1808.91,1808.91,1808.0,1808.01,152.7851
2025-04-27 10:28:00,1745749680.0,1808.0,1808.01,1807.76,1807.8,35.7878
2025-04-27 10:29:00,1745749740.0,1807.8,1807.8,1806.9,1807.21,138.0741
2025-04-27 10:30:00,1745749800.0,1807.2,1808.63,1807.2,1808.63,110.2401
2025-04-27 10:31:00,1745749860.0,1808.62,1809.27,1808.62,1808.78,138.652
2025-04-27 10:32:00,1745749920.0,1808.77,1809.01,1808.6,1808.89,42.9018
2025-04-27 10:33:00,1745749980.0,1808.89,1809.36,1808.56,1809.35,115.7931
2025-04-27 10:34:00,1745750040.0,1809.36,1809.8,1808.95,1808.95,31.9741
2025-04-27 10:35:00,1745750100.0,1808.95,1808.96,1807.76,1808.0,150.3046
2025-04-27 10:36:00,1745750160.0,1808.0,1808.43,1807.2,1808.2,344.8173
2025-04-27 10:37:00,1745750220.0,1808.21,1808.88,1808.21,1808.87,36.4705
2025-04-27 10:38:00,1745750280.0,1808.87,1808.88,1807.23,1807.57,111.5552
2025-04-27 10:39:00,1745750340.0,1807.57,1807.58,1806.0,1806.3,143.3561
2025-04-27 10:40:00,1745750400.0,1806.31,1807.69,1806.3,1807.68,65.5892
2025-04-27 10:41:00,1745750460.0,1807.68,1808.45,1807.58,1808.44,44.8632
2025-04-27 10:42:00,1745750520.0,1808.45,1808.7,1808.44,1808.69,18.8297
2025-04-27 10:43:00,1745750580.0,1808.7,1809.48,1808.69,1809.47,41.6345
2025-04-27 10:44:00,1745750640.0,1809.47,1810.48,1809.47,1810.31,36.584
2025-04-27 10:45:00,1745750700.0,1810.3,1810.31,1810.13,1810.23,30.0849
2025-04-27 10:46:00,1745750760.0,1810.24,1811.35,1810.13,1810.13,62.9059
2025-04-27 10:47:00,1745750820.0,1810.13,1810.28,1809.1,1809.29,79.1273
2025-04-27 10:48:00,1745750880.0,1809.3,1809.3,1807.86,1808.68,359.5169
2025-04-27 10:49:00,1745750940.0,1808.68,1809.01,1808.5,1809.0,19.4375
2025-04-27 10:50:00,1745751000.0,1809.01,1809.3,1809.0,1809.0,24.7444
2025-04-27 10:51:00,1745751060.0,1809.01,1809.89,1809.0,1809.59,68.4555
2025-04-27 10:52:00,1745751120.0,1809.59,1809.89,1808.5,1808.74,124.0538
2025-04-27 10:53:00,1745751180.0,1808.74,1808.74,1808.44,1808.51,72.009
2025-04-27 10:54:00,1745751240.0,1808.51,1808.52,1807.9,1807.9,24.6829
2025-04-27 10:55:00,1745751300.0,1807.9,1808.55,1807.53,1808.55,89.4756
2025-04-27 10:56:00,1745751360.0,1808.56,1809.08,1808.45,1808.71,43.87
2025-04-27 10:57:00,1745751420.0,1808.71,1808.71,1808.44,1808.6,31.8042
2025-04-27 10:58:00,1745751480.0,1808.6,1808.78,1808.4,1808.46,97.9935
2025-04-27 10:59:00,1745751540.0,1808.46,1809.19,1808.46,1809.19,46.0985
2025-04-27 11:00:00,1745751600.0,1809.19,1809.4,1808.68,1809.39,27.9377
2025-04-27 11:01:00,1745751660.0,1809.4,1809.7,1809.31,1809.31,52.0307
2025-04-27 11:02:00,1745751720.0,1809.31,1809.31,1808.0,1808.01,52.3501
2025-04-27 11:03:00,1745751780.0,1808.02,1809.0,1808.02,1809.0,78.8312
2025-04-27 11:04:00,1745751840.0,1808.99,1809.0,1807.86,1808.12,80.2624
2025-04-27 11:05:00,1745751900.0,1808.11,1808.12,1806.76,1807.01,263.4618
2025-04-27 11:06:00,1745751960.0,1807.01,1808.65,1807.01,1807.81,113.709
2025-04-27 11:07:00,1745752020.0,1807.82,1807.82,1807.01,1807.79,77.8744
2025-04-27 11:08:00,1745752080.0,1807.79,1807.8,1806.34,1806.35,126.2216
2025-04-27 11:09:00,1745752140.0,1806.35,1806.35,1805.3,1805.58,108.5703
2025-04-27 11:10:00,1745752200.0,1805.58,1806.46,1805.37,1806.46,55.0191
2025-04-27 11:11:00,1745752260.0,1806.45,1807.04,1806.45,1806.87,86.3127
2025-04-27 11:12:00,1745752320.0,1806.86,1807.48,1806.26,1807.47,66.132
2025-04-27 11:13:00,1745752380.0,1807.48,1807.48,1804.0,1804.74,512.0514
2025-04-27 11:14:00,1745752440.0,1804.75,1805.7,1804.74,1805.51,97.6992
2025-04-27 11:15:00,1745752500.0,1805.52,1806.15,1804.95,1806.15,161.4269
2025-04-27 11:16:00,1745752560.0,1806.14,1806.3,1805.77,1805.78,117.8396
2025-04-27 11:17:00,1745752620.0,1805.77,1806.44,1805.26,1806.44,107.1103
2025-04-27 11:18:00,1745752680.0,1806.44,1807.36,1806.44,1807.36,108.9676
2025-04-27 11:19:00,1745752740.0,1807.36,1807.48,1807.01,1807.3,55.412
2025-04-27 11:20:00,1745752800.0,1807.3,1807.49,1806.91,1806.91,65.5585
2025-04-27 11:21:00,1745752860.0,1806.9,1806.96,1805.92,1805.92,89.6935
2025-04-27 11:22:00,1745752920.0,1805.91,1806.73,1804.86,1804.86,159.6634
2025-04-27 11:23:00,1745752980.0,1804.85,1805.68,1804.0,1804.69,414.9751
2025-04-27 11:24:00,1745753040.0,1804.69,1804.69,1803.35,1804.53,406.4873
2025-04-27 11:25:00,1745753100.0,1804.54,1805.7,1804.54,1805.62,116.9927
2025-04-27 11:26:00,1745753160.0,1805.62,1806.8,1805.22,1806.8,162.046
2025-04-27 11:27:00,1745753220.0,1806.8,1806.87,1805.7,1805.7,51.02
2025-04-27 11:28:00,1745753280.0,1805.7,1806.22,1805.54,1806.21,44.5992
2025-04-27 11:29:00,1745753340.0,1806.22,1806.22,1805.7,1806.19,67.7089
2025-04-27 11:30:00,1745753400.0,1806.2,1806.66,1803.91,1805.41,184.3058
2025-04-27 11:31:00,1745753460.0,1805.4,1806.9,1804.9,1806.9,71.6949
2025-04-27 11:32:00,1745753520.0,1806.91,1809.26,1806.91,1808.71,283.6482
2025-04-27 11:33:00,1745753580.0,1808.7,1808.7,1807.41,1808.07,176.592
2025-04-27 11:34:00,1745753640.0,1808.08,1808.08,1807.57,1807.93,45.3796
2025-04-27 11:35:00,1745753700.0,1807.93,1808.3,1807.92,1808.3,41.1077
2025-04-27 11:36:00,1745753760.0,1808.29,1809.68,1808.29,1809.27,160.2913
2025-04-27 11:37:00,1745753820.0,1809.28,1809.9,1809.27,1809.9,58.23
2025-04-27 11:38:00,1745753880.0,1809.9,1809.91,1809.14,1809.15,228.8211
2025-04-27 11:39:00,1745753940.0,1809.14,1809.15,1807.41,1807.45,172.3734
2025-04-27 11:40:00,1745754000.0,1807.44,1808.1,1807.43,1807.61,87.9719
2025-04-27 11:41:00,1745754060.0,1807.6,1807.87,1807.2,1807.35,29.1878
2025-04-27 11:42:00,1745754120.0,1807.35,1807.62,1807.21,1807.41,35.6898
2025-04-27 11:43:00,1745754180.0,1807.41,1807.42,1806.51,1807.13,81.7041
2025-04-27 11:44:00,1745754240.0,1807.12,1807.12,1806.4,1806.74,41.7871
2025-04-27 11:45:00,1745754300.0,1806.73,1807.1,1806.2,1807.1,47.4498
2025-04-27 11:46:00,1745754360.0,1807.09,1808.3,1807.09,1808.3,35.4218
2025-04-27 11:47:00,1745754420.0,1808.29,1808.92,1808.29,1808.74,38.3708
2025-04-27 11:48:00,1745754480.0,1808.74,1808.74,1807.86,1807.94,242.8331
2025-04-27 11:49:00,1745754540.0,1807.95,1808.73,1807.94,1808.72,47.1476
2025-04-27 11:50:00,1745754600.0,1808.72,1809.56,1808.3,1808.85,88.5464
2025-04-27 11:51:00,1745754660.0,1808.85,1809.36,1808.7,1809.36,86.3988
2025-04-27 11:52:00,1745754720.0,1809.36,1809.4,1808.91,1809.4,126.9636
2025-04-27 11:53:00,1745754780.0,1809.4,1809.4,1808.92,1808.92,19.7577
2025-04-27 11:54:00,1745754840.0,1808.93,1808.93,1807.94,1807.95,70.4784
2025-04-27 11:55:00,1745754900.0,1807.95,1808.39,1807.86,1807.87,74.5195
2025-04-27 11:56:00,1745754960.0,1807.86,1808.2,1807.64,1807.65,116.2736
2025-04-27 11:57:00,1745755020.0,1807.64,1807.65,1806.99,1807.08,260.3166
2025-04-27 11:58:00,1745755080.0,1807.08,1807.31,1806.99,1807.3,115.0429
2025-04-27 11:59:00,1745755140.0,1807.31,1807.31,1805.94,1805.94,131.7442
2025-04-27 12:00:00,1745755200.0,1805.94,1807.16,1805.85,1806.41,258.1791
2025-04-27 12:01:00,1745755260.0,1806.4,1806.84,1805.02,1805.12,212.485
2025-04-27 12:02:00,1745755320.0,1805.11,1805.7,1804.85,1804.99,120.3401
2025-04-27 12:03:00,1745755380.0,1805.0,1805.7,1804.84,1805.19,110.3122
2025-04-27 12:04:00,1745755440.0,1805.2,1806.15,1804.69,1806.1,302.3867
2025-04-27 12:05:00,1745755500.0,1806.1,1806.15,1805.61,1805.62,35.626
2025-04-27 12:06:00,1745755560.0,1805.62,1805.82,1804.8,1804.81,92.3069
2025-04-27 12:07:00,1745755620.0,1804.81,1804.92,1804.2,1804.2,94.8432
2025-04-27 12:08:00,1745755680.0,1804.21,1805.4,1803.3,1805.4,225.7295
2025-04-27 12:09:00,1745755740.0,1805.39,1805.39,1804.4,1804.42,138.4432
2025-04-27 12:10:00,1745755800.0,1804.42,1804.69,1804.3,1804.37,23.3823
2025-04-27 12:11:00,1745755860.0,1804.37,1805.1,1802.43,1802.44,171.1794
2025-04-27 12:12:00,1745755920.0,1802.44,1803.29,1802.22,1803.0,216.2973
2025-04-27 12:13:00,1745755980.0,1803.0,1803.52,1802.51,1802.89,142.0892
2025-04-27 12:14:00,1745756040.0,1802.9,1803.0,1802.2,1802.22,132.016
2025-04-27 12:15:00,1745756100.0,1802.21,1803.0,1802.0,1803.0,186.1679
2025-04-27 12:16:00,1745756160.0,1803.01,1803.3,1802.33,1803.3,118.5073
2025-04-27 12:17:00,1745756220.0,1803.3,1804.59,1802.91,1804.58,106.7823
2025-04-27 12:18:00,1745756280.0,1804.58,1804.58,1802.51,1804.08,280.8696
2025-04-27 12:19:00,1745756340.0,1804.09,1804.48,1803.9,1804.14,122.3681
2025-04-27 12:20:00,1745756400.0,1804.15,1805.89,1803.41,1805.76,343.3862
2025-04-27 12:21:00,1745756460.0,1805.76,1805.76,1804.34,1805.16,176.6095
2025-04-27 12:22:00,1745756520.0,1805.17,1805.17,1804.2,1804.62,76.4712
2025-04-27 12:23:00,1745756580.0,1804.63,1804.86,1804.2,1804.86,101.4804
2025-04-27 12:24:00,1745756640.0,1804.85,1805.0,1804.74,1804.74,31.5473
2025-04-27 12:25:00,1745756700.0,1804.74,1804.74,1802.84,1803.25,92.6426
2025-04-27 12:26:00,1745756760.0,1803.25,1803.6,1802.1,1802.28,444.6628
2025-04-27 12:27:00,1745756820.0,1802.29,1803.15,1802.28,1803.14,69.1609
2025-04-27 12:28:00,1745756880.0,1803.15,1803.15,1801.19,1801.4,309.0904
2025-04-27 12:29:00,1745756940.0,1801.4,1801.79,1800.2,1800.73,789.5458
2025-04-27 12:30:00,1745757000.0,1800.73,1800.78,1799.73,1799.97,289.523
2025-04-27 12:31:00,1745757060.0,1799.97,1800.0,1799.41,1799.61,347.193
2025-04-27 12:32:00,1745757120.0,1799.6,1799.61,1796.38,1796.81,855.3921
2025-04-27 12:33:00,1745757180.0,1796.81,1798.65,1796.68,1798.5,155.7991
2025-04-27 12:34:00,1745757240.0,1798.5,1798.5,1797.6,1798.1,91.6415
2025-04-27 12:35:00,1745757300.0,1798.11,1799.3,1796.37,1799.29,512.3442
2025-04-27 12:36:00,1745757360.0,1799.29,1800.7,1799.06,1800.0,187.8379
2025-04-27 12:37:00,1745757420.0,1800.0,1801.3,1799.82,1801.19,156.1463
2025-04-27 12:38:00,1745757480.0,1801.2,1802.1,1800.07,1800.21,667.4506
2025-04-27 12:39:00,1745757540.0,1800.21,1801.4,1799.22,1801.39,219.4401
2025-04-27 12:40:00,1745757600.0,1801.4,1801.5,1800.5,1800.82,223.1045
2025-04-27 12:41:00,1745757660.0,1800.83,1801.61,1800.36,1800.82,225.0067
2025-04-27 12:42:00,1745757720.0,1800.82,1802.5,1800.71,1801.78,255.8303
2025-04-27 12:43:00,1745757780.0,1801.78,1802.2,1801.0,1802.03,174.4512
2025-04-27 12:44:00,1745757840.0,1802.04,1803.23,1801.33,1803.0,182.0064
2025-04-27 12:45:00,1745757900.0,1803.0,1803.74,1802.67,1803.73,303.9625
2025-04-27 12:46:00,1745757960.0,1803.73,1807.49,1802.92,1802.92,626.5672
2025-04-27 12:47:00,1745758020.0,1802.92,1803.23,1800.05,1801.83,560.8459
2025-04-27 12:48:00,1745758080.0,1801.83,1802.29,1800.05,1801.6,576.5329
2025-04-27 12:49:00,1745758140.0,1801.6,1802.6,1800.49,1800.88,502.6872
2025-04-27 12:50:00,1745758200.0,1800.88,1800.88,1798.95,1798.99,280.8454
2025-04-27 12:51:00,1745758260.0,1798.99,1799.69,1798.41,1798.42,201.7364
2025-04-27 12:52:00,1745758320.0,1798.41,1798.73,1797.81,1798.15,127.6958
2025-04-27 12:53:00,1745758380.0,1798.14,1800.88,1798.14,1800.83,251.9338
2025-04-27 12:54:00,1745758440.0,1800.83,1801.1,1799.82,1800.78,46.1486
2025-04-27 12:55:00,1745758500.0,1800.78,1800.78,1799.2,1799.2,80.9152
2025-04-27 12:56:00,1745758560.0,1799.2,1799.55,1798.41,1799.1,112.0529
2025-04-27 12:57:00,1745758620.0,1799.1,1799.25,1797.87,1797.87,81.2001
2025-04-27 12:58:00,1745758680.0,1797.88,1798.53,1794.23,1794.48,881.6718
2025-04-27 12:59:00,1745758740.0,1794.48,1796.6,1794.48,1796.19,260.1336
2025-04-27 13:00:00,1745758800.0,1796.19,1797.69,1795.6,1797.68,335.4812
2025-04-27 13:01:00,1745758860.0,1797.69,1798.41,1797.2,1797.82,276.6699
2025-04-27 13:02:00,1745758920.0,1797.82,1798.1,1796.88,1797.3,148.3127
2025-04-27 13:03:00,1745758980.0,1797.3,1797.82,1796.33,1796.33,144.9393
2025-04-27 13:04:00,1745759040.0,1796.33,1797.46,1796.3,1796.87,173.9317
2025-04-27 13:05:00,1745759100.0,1796.86,1797.05,1793.51,1793.52,612.0911
2025-04-27 13:06:00,1745759160.0,1793.52,1793.62,1792.4,1792.6,777.1698
2025-04-27 13:07:00,1745759220.0,1792.61,1792.8,1781.9,1785.99,5871.2758
2025-04-27 13:08:00,1745759280.0,1786.0,1789.27,1785.85,1788.38,961.3976
2025-04-27 13:09:00,1745759340.0,1788.37,1791.26,1788.08,1790.23,825.9484
2025-04-27 13:10:00,1745759400.0,1790.23,1792.33,1788.47,1792.33,263.5417
2025-04-27 13:11:00,1745759460.0,1792.34,1793.33,1791.38,1791.88,409.4861
2025-04-27 13:12:00,1745759520.0,1791.87,1794.56,1791.83,1793.91,427.7711
2025-04-27 13:13:00,1745759580.0,1793.91,1794.57,1792.78,1793.03,178.5554
2025-04-27 13:14:00,1745759640.0,1793.03,1794.0,1791.36,1793.83,497.1483
2025-04-27 13:15:00,1745759700.0,1793.82,1796.23,1793.74,1793.79,735.2645
2025-04-27 13:16:00,1745759760.0,1793.78,1794.24,1790.98,1791.2,401.9927
2025-04-27 13:17:00,1745759820.0,1791.2,1792.89,1790.4,1790.4,295.4721
2025-04-27 13:18:00,1745759880.0,1790.38,1793.43,1790.05,1793.43,256.8182
2025-04-27 13:19:00,1745759940.0,1793.42,1795.11,1793.16,1794.92,190.8063
2025-04-27 13:20:00,1745760000.0,1794.91,1795.0,1794.3,1794.69,134.6801
2025-04-27 13:21:00,1745760060.0,1794.7,1794.7,1793.31,1794.08,78.5817
2025-04-27 13:22:00,1745760120.0,1794.09,1794.7,1792.95,1794.2,175.7377
2025-04-27 13:23:00,1745760180.0,1794.2,1794.2,1792.37,1792.42,123.2343
2025-04-27 13:24:00,1745760240.0,1792.42,1792.89,1791.64,1791.64,97.6282
2025-04-27 13:25:00,1745760300.0,1791.64,1792.25,1791.42,1791.92,81.657
2025-04-27 13:26:00,1745760360.0,1791.93,1791.93,1789.18,1790.17,318.0494
2025-04-27 13:27:00,1745760420.0,1790.17,1792.34,1789.83,1792.33,129.5312
2025-04-27 13:28:00,1745760480.0,1792.34,1792.78,1791.51,1792.78,100.431
2025-04-27 13:29:00,1745760540.0,1792.78,1793.01,1792.38,1792.77,121.2293
2025-04-27 13:30:00,1745760600.0,1792.77,1793.49,1792.17,1793.49,74.8504
2025-04-27 13:31:00,1745760660.0,1793.49,1794.86,1793.48,1794.86,245.4259
2025-04-27 13:32:00,1745760720.0,1794.86,1795.32,1794.06,1794.48,426.6802
2025-04-27 13:33:00,1745760780.0,1794.48,1795.1,1794.11,1794.49,249.7704
2025-04-27 13:34:00,1745760840.0,1794.49,1794.58,1792.7,1793.86,239.3744
2025-04-27 13:35:00,1745760900.0,1793.86,1794.85,1793.42,1794.84,206.2878
2025-04-27 13:36:00,1745760960.0,1794.84,1794.97,1794.1,1794.8,96.0826
2025-04-27 13:37:00,1745761020.0,1794.8,1795.11,1793.67,1793.68,172.3011
2025-04-27 13:38:00,1745761080.0,1793.67,1794.7,1793.6,1794.51,206.7826
2025-04-27 13:39:00,1745761140.0,1794.5,1795.62,1794.23,1795.62,158.3328
2025-04-27 13:40:00,1745761200.0,1795.61,1795.87,1794.8,1795.06,189.0272
2025-04-27 13:41:00,1745761260.0,1795.05,1797.0,1795.05,1796.53,190.4022
2025-04-27 13:42:00,1745761320.0,1796.53,1797.64,1796.2,1797.46,222.4684
2025-04-27 13:43:00,1745761380.0,1797.45,1797.83,1797.07,1797.45,167.6079
2025-04-27 13:44:00,1745761440.0,1797.44,1797.47,1796.2,1796.87,1199.8438
2025-04-27 13:45:00,1745761500.0,1796.86,1796.86,1795.33,1795.75,617.1218
2025-04-27 13:46:00,1745761560.0,1795.74,1799.75,1795.74,1799.34,393.7194
2025-04-27 13:47:00,1745761620.0,1799.35,1800.38,1798.39,1798.39,489.98
2025-04-27 13:48:00,1745761680.0,1798.39,1798.65,1798.04,1798.31,161.0939
2025-04-27 13:49:00,1745761740.0,1798.31,1798.47,1796.89,1796.9,96.3062
2025-04-27 13:50:00,1745761800.0,1796.91,1796.91,1795.11,1795.14,180.6742
2025-04-27 13:51:00,1745761860.0,1795.13,1795.59,1795.13,1795.58,92.495
2025-04-27 13:52:00,1745761920.0,1795.58,1795.58,1793.78,1794.68,372.0506
2025-04-27 13:53:00,1745761980.0,1794.67,1794.96,1794.15,1794.52,129.5843
2025-04-27 13:54:00,1745762040.0,1794.53,1795.13,1793.95,1794.97,202.5035
2025-04-27 13:55:00,1745762100.0,1794.97,1797.07,1794.97,1796.79,258.0358
2025-04-27 13:56:00,1745762160.0,1796.8,1798.0,1796.31,1797.4,392.8092
2025-04-27 13:57:00,1745762220.0,1797.4,1797.82,1797.13,1797.4,86.4156
2025-04-27 13:58:00,1745762280.0,1797.41,1798.4,1797.4,1797.9,140.6517
2025-04-27 13:59:00,1745762340.0,1797.9,1798.66,1797.41,1797.96,200.066
2025-04-27 14:00:00,1745762400.0,1797.95,1797.95,1796.56,1796.94,215.7955
2025-04-27 14:01:00,1745762460.0,1796.93,1796.94,1796.22,1796.43,114.2025
2025-04-27 14:02:00,1745762520.0,1796.44,1799.2,1796.43,1798.29,225.7065
2025-04-27 14:03:00,1745762580.0,1798.3,1798.59,1797.01,1797.1,171.5397
2025-04-27 14:04:00,1745762640.0,1797.09,1797.1,1795.59,1795.89,114.8998
2025-04-27 14:05:00,1745762700.0,1795.9,1796.66,1795.11,1796.45,248.9183
2025-04-27 14:06:00,1745762760.0,1796.46,1797.78,1796.01,1796.38,287.6714
2025-04-27 14:07:00,1745762820.0,1796.37,1796.38,1795.61,1796.17,180.0624
2025-04-27 14:08:00,1745762880.0,1796.17,1796.17,1795.66,1795.8,109.4233
2025-04-27 14:09:00,1745762940.0,1795.8,1795.8,1794.0,1794.24,265.5902
2025-04-27 14:10:00,1745763000.0,1794.23,1794.35,1793.61,1793.62,224.136
2025-04-27 14:11:00,1745763060.0,1793.62,1794.1,1793.21,1793.98,176.0731
2025-04-27 14:12:00,1745763120.0,1793.98,1794.39,1793.25,1793.95,281.4932
2025-04-27 14:13:00,1745763180.0,1793.95,1795.07,1793.94,1794.43,196.8468
2025-04-27 14:14:00,1745763240.0,1794.44,1794.44,1793.09,1793.1,174.6194
2025-04-27 14:15:00,1745763300.0,1793.1,1795.0,1793.1,1793.23,398.5252
2025-04-27 14:16:00,1745763360.0,1793.23,1794.8,1793.22,1794.79,299.1451
2025-04-27 14:17:00,1745763420.0,1794.79,1795.6,1794.4,1795.59,1379.7815
2025-04-27 14:18:00,1745763480.0,1795.59,1797.22,1794.87,1796.96,390.8041
2025-04-27 14:19:00,1745763540.0,1796.96,1808.1,1796.96,1807.25,2389.8903
2025-04-27 14:20:00,1745763600.0,1807.25,1807.82,1802.38,1802.75,2871.4968
2025-04-27 14:21:00,1745763660.0,1802.75,1803.4,1802.41,1803.39,742.9809
2025-04-27 14:22:00,1745763720.0,1803.4,1803.4,1802.22,1802.37,145.3958
2025-04-27 14:23:00,1745763780.0,1802.38,1802.72,1800.0,1800.01,377.4738
2025-04-27 14:24:00,1745763840.0,1800.01,1800.72,1799.53,1800.71,334.5534
2025-04-27 14:25:00,1745763900.0,1800.72,1801.59,1800.72,1801.59,258.805
2025-04-27 14:26:00,1745763960.0,1801.6,1802.81,1801.59,1801.7,94.1681
2025-04-27 14:27:00,1745764020.0,1801.71,1802.14,1800.99,1801.09,130.1415
2025-04-27 14:28:00,1745764080.0,1801.08,1801.1,1800.57,1800.69,92.5134
2025-04-27 14:29:00,1745764140.0,1800.7,1800.91,1798.93,1799.2,251.3409
2025-04-27 14:30:00,1745764200.0,1799.2,1800.5,1798.81,1800.42,142.3293
2025-04-27 14:31:00,1745764260.0,1800.41,1800.41,1799.2,1799.38,156.7663
2025-04-27 14:32:00,1745764320.0,1799.38,1799.38,1797.78,1797.82,156.2717
2025-04-27 14:33:00,1745764380.0,1797.82,1798.38,1797.2,1797.94,144.9746
2025-04-27 14:34:00,1745764440.0,1797.94,1798.6,1797.31,1797.82,110.3222
2025-04-27 14:35:00,1745764500.0,1797.82,1800.66,1797.82,1800.66,196.7161
2025-04-27 14:36:00,1745764560.0,1800.66,1801.76,1800.65,1801.62,126.3809
2025-04-27 14:37:00,1745764620.0,1801.61,1802.0,1801.3,1801.3,142.1346
2025-04-27 14:38:00,1745764680.0,1801.31,1801.31,1800.31,1800.93,115.5673
2025-04-27 14:39:00,1745764740.0,1800.93,1801.24,1800.14,1800.29,94.715
2025-04-27 14:40:00,1745764800.0,1800.29,1801.44,1800.17,1800.59,96.5579
2025-04-27 14:41:00,1745764860.0,1800.59,1800.6,1799.82,1799.82,175.8781
2025-04-27 14:42:00,1745764920.0,1799.83,1800.02,1799.13,1800.0,151.2954
2025-04-27 14:43:00,1745764980.0,1799.99,1800.5,1799.3,1800.49,241.7667
2025-04-27 14:44:00,1745765040.0,1800.49,1800.5,1799.19,1799.76,176.2749
2025-04-27 14:45:00,1745765100.0,1799.75,1800.84,1799.47,1800.6,110.0021
2025-04-27 14:46:00,1745765160.0,1800.6,1800.61,1798.87,1799.1,121.6508
2025-04-27 14:47:00,1745765220.0,1799.1,1799.1,1797.68,1797.69,198.1228
2025-04-27 14:48:00,1745765280.0,1797.68,1797.87,1797.07,1797.41,236.8787
2025-04-27 14:49:00,1745765340.0,1797.41,1799.0,1797.41,1798.7,62.5306
2025-04-27 14:50:00,1745765400.0,1798.71,1799.41,1798.1,1798.59,97.0562
2025-04-27 14:51:00,1745765460.0,1798.59,1799.21,1798.21,1798.94,113.5814
2025-04-27 14:52:00,1745765520.0,1798.93,1799.5,1798.75,1799.04,90.1655
2025-04-27 14:53:00,1745765580.0,1799.04,1799.63,1798.8,1799.63,136.1631
2025-04-27 14:54:00,1745765640.0,1799.62,1799.63,1797.81,1797.82,95.7172
2025-04-27 14:55:00,1745765700.0,1797.81,1797.82,1797.58,1797.63,28.1376
2025-04-27 14:56:00,1745765760.0,1797.64,1798.19,1797.03,1798.19,128.7832
2025-04-27 14:57:00,1745765820.0,1798.18,1798.19,1796.5,1796.77,112.9465
2025-04-27 14:58:00,1745765880.0,1796.77,1796.97,1796.15,1796.36,126.4195
2025-04-27 14:59:00,1745765940.0,1796.37,1796.8,1796.27,1796.63,141.8884
2025-04-27 15:00:00,1745766000.0,1796.63,1797.03,1795.53,1796.02,309.6474
2025-04-27 15:01:00,1745766060.0,1796.01,1797.82,1796.01,1797.31,166.7236
2025-04-27 15:02:00,1745766120.0,1797.3,1797.3,1794.6,1794.6,405.6527
2025-04-27 15:03:00,1745766180.0,1794.6,1796.6,1794.53,1796.53,297.2992
2025-04-27 15:04:00,1745766240.0,1796.53,1796.53,1794.49,1795.22,206.4352
2025-04-27 15:05:00,1745766300.0,1795.23,1795.3,1792.71,1792.99,541.5571
2025-04-27 15:06:00,1745766360.0,1793.0,1793.25,1791.5,1792.92,427.6999
2025-04-27 15:07:00,1745766420.0,1792.92,1793.79,1792.44,1792.44,103.8516
2025-04-27 15:08:00,1745766480.0,1792.45,1792.53,1791.43,1791.5,221.2283
2025-04-27 15:09:00,1745766540.0,1791.5,1792.6,1791.44,1791.44,189.2204
2025-04-27 15:10:00,1745766600.0,1791.45,1793.79,1790.29,1793.5,339.0913
2025-04-27 15:11:00,1745766660.0,1793.5,1794.36,1792.34,1792.35,266.8925
2025-04-27 15:12:00,1745766720.0,1792.35,1793.5,1792.21,1792.39,98.8488
2025-04-27 15:13:00,1745766780.0,1792.39,1793.54,1792.39,1792.85,159.0613
2025-04-27 15:14:00,1745766840.0,1792.85,1794.43,1792.4,1793.36,266.5053
2025-04-27 15:15:00,1745766900.0,1793.37,1794.55,1792.52,1794.55,366.3918
2025-04-27 15:16:00,1745766960.0,1794.54,1795.35,1793.64,1795.35,313.2961
2025-04-27 15:17:00,1745767020.0,1795.34,1795.7,1794.15,1794.37,120.7973
2025-04-27 15:18:00,1745767080.0,1794.38,1795.64,1794.2,1795.63,135.1029
2025-04-27 15:19:00,1745767140.0,1795.64,1796.1,1794.79,1796.1,193.3269
2025-04-27 15:20:00,1745767200.0,1796.1,1796.64,1795.7,1795.87,83.5095
2025-04-27 15:21:00,1745767260.0,1795.86,1796.37,1795.82,1796.37,52.4269
2025-04-27 15:22:00,1745767320.0,1796.36,1796.81,1795.04,1795.4,129.9151
2025-04-27 15:23:00,1745767380.0,1795.4,1796.8,1795.1,1795.86,99.4927
2025-04-27 15:24:00,1745767440.0,1795.86,1795.87,1794.58,1794.59,85.692
2025-04-27 15:25:00,1745767500.0,1794.58,1794.78,1794.1,1794.38,76.1805
2025-04-27 15:26:00,1745767560.0,1794.38,1794.39,1793.96,1793.97,25.6609
2025-04-27 15:27:00,1745767620.0,1793.96,1794.1,1792.61,1792.62,319.056
2025-04-27 15:28:00,1745767680.0,1792.62,1792.62,1791.45,1791.56,180.638
2025-04-27 15:29:00,1745767740.0,1791.55,1791.56,1790.63,1790.75,108.7394
2025-04-27 15:30:00,1745767800.0,1790.75,1792.36,1790.39,1791.44,434.7975
2025-04-27 15:31:00,1745767860.0,1791.41,1791.78,1791.21,1791.71,19.9453
2025-04-27 15:32:00,1745767920.0,1791.71,1791.72,1790.76,1790.76,73.7205
2025-04-27 15:33:00,1745767980.0,1790.76,1791.69,1790.76,1791.68,97.4028
2025-04-27 15:34:00,1745768040.0,1791.69,1792.7,1791.68,1792.6,117.3888
2025-04-27 15:35:00,1745768100.0,1792.6,1793.75,1792.59,1793.17,100.5044
2025-04-27 15:36:00,1745768160.0,1793.17,1793.4,1791.36,1791.37,83.2325
2025-04-27 15:37:00,1745768220.0,1791.36,1791.6,1789.76,1790.35,431.1785
2025-04-27 15:38:00,1745768280.0,1790.35,1790.59,1789.11,1789.7,400.5803
2025-04-27 15:39:00,1745768340.0,1789.7,1790.39,1789.61,1789.66,171.9436
2025-04-27 15:40:00,1745768400.0,1789.65,1791.14,1789.65,1791.14,402.4962
2025-04-27 15:41:00,1745768460.0,1791.14,1792.09,1790.7,1792.09,168.0042
2025-04-27 15:42:00,1745768520.0,1792.08,1792.94,1791.62,1792.79,105.1227
2025-04-27 15:43:00,1745768580.0,1792.78,1792.79,1791.45,1791.91,84.8306
2025-04-27 15:44:00,1745768640.0,1791.91,1791.98,1791.5,1791.98,41.6385
2025-04-27 15:45:00,1745768700.0,1791.98,1792.86,1791.6,1792.86,52.0585
2025-04-27 15:46:00,1745768760.0,1792.85,1793.1,1791.92,1791.92,78.5026
2025-04-27 15:47:00,1745768820.0,1791.92,1793.0,1791.92,1793.0,72.4502
2025-04-27 15:48:00,1745768880.0,1793.0,1794.0,1792.3,1792.81,126.036
2025-04-27 15:49:00,1745768940.0,1792.81,1793.98,1792.81,1793.53,157.1128
2025-04-27 15:50:00,1745769000.0,1793.54,1793.79,1791.62,1792.83,161.086
2025-04-27 15:51:00,1745769060.0,1792.83,1794.7,1792.83,1794.33,168.0373
2025-04-27 15:52:00,1745769120.0,1794.33,1795.05,1793.8,1795.05,155.3965
2025-04-27 15:53:00,1745769180.0,1795.04,1795.24,1794.13,1794.46,129.3958
2025-04-27 15:54:00,1745769240.0,1794.45,1794.69,1794.07,1794.51,68.328
2025-04-27 15:55:00,1745769300.0,1794.51,1794.8,1794.2,1794.21,70.0167
2025-04-27 15:56:00,1745769360.0,1794.21,1795.3,1793.14,1795.28,220.425
2025-04-27 15:57:00,1745769420.0,1795.28,1796.12,1795.09,1795.1,180.3394
2025-04-27 15:58:00,1745769480.0,1795.09,1795.09,1793.2,1793.2,89.834
2025-04-27 15:59:00,1745769540.0,1793.19,1794.0,1793.19,1793.86,105.2948
2025-04-27 16:00:00,1745769600.0,1793.85,1793.85,1792.11,1792.12,1470.5851
2025-04-27 16:01:00,1745769660.0,1792.12,1792.8,1791.85,1792.54,243.9889
2025-04-27 16:02:00,1745769720.0,1792.54,1793.86,1792.54,1793.86,56.3068
2025-04-27 16:03:00,1745769780.0,1793.86,1795.34,1793.85,1795.33,112.6181
2025-04-27 16:04:00,1745769840.0,1795.34,1795.73,1794.39,1794.7,167.7697
2025-04-27 16:05:00,1745769900.0,1794.7,1795.18,1793.14,1793.26,203.7458
2025-04-27 16:06:00,1745769960.0,1793.25,1793.59,1792.1,1793.59,122.3042
2025-04-27 16:07:00,1745770020.0,1793.59,1794.52,1793.3,1793.9,146.7475
2025-04-27 16:08:00,1745770080.0,1793.9,1795.34,1793.6,1794.41,183.9404
2025-04-27 16:09:00,1745770140.0,1794.41,1794.81,1793.98,1794.46,119.0109
2025-04-27 16:10:00,1745770200.0,1794.46,1794.59,1794.24,1794.25,58.087
2025-04-27 16:11:00,1745770260.0,1794.25,1794.25,1793.35,1793.6,39.9292
2025-04-27 16:12:00,1745770320.0,1793.6,1793.9,1793.59,1793.59,63.8734
2025-04-27 16:13:00,1745770380.0,1793.6,1793.6,1793.1,1793.15,133.9371
2025-04-27 16:14:00,1745770440.0,1793.16,1794.86,1792.9,1794.86,186.5318
2025-04-27 16:15:00,1745770500.0,1794.86,1795.0,1792.5,1792.87,144.3066
2025-04-27 16:16:00,1745770560.0,1792.88,1793.26,1792.5,1792.5,78.6693
2025-04-27 16:17:00,1745770620.0,1792.5,1792.5,1790.37,1791.28,452.8383
2025-04-27 16:18:00,1745770680.0,1791.28,1793.0,1790.61,1791.58,435.0088
2025-04-27 16:19:00,1745770740.0,1791.57,1792.4,1790.97,1792.09,106.3179
2025-04-27 16:20:00,1745770800.0,1792.09,1794.8,1792.08,1794.35,160.3895
2025-04-27 16:21:00,1745770860.0,1794.35,1795.0,1793.97,1794.45,102.9667
2025-04-27 16:22:00,1745770920.0,1794.44,1794.44,1792.9,1792.98,108.5063
2025-04-27 16:23:00,1745770980.0,1792.98,1793.7,1792.91,1793.7,83.3288
2025-04-27 16:24:00,1745771040.0,1793.7,1793.7,1792.59,1792.6,115.3242
2025-04-27 16:25:00,1745771100.0,1792.6,1792.6,1791.26,1791.28,104.0939
2025-04-27 16:26:00,1745771160.0,1791.28,1792.79,1791.26,1792.78,154.8247
2025-04-27 16:27:00,1745771220.0,1792.79,1792.79,1791.56,1791.57,55.3978
2025-04-27 16:28:00,1745771280.0,1791.56,1794.1,1791.15,1793.01,266.9547
2025-04-27 16:29:00,1745771340.0,1793.01,1793.34,1792.21,1792.21,49.6593
2025-04-27 16:30:00,1745771400.0,1792.21,1792.21,1791.77,1791.84,156.4079
2025-04-27 16:31:00,1745771460.0,1791.85,1792.8,1791.57,1792.19,227.9256
2025-04-27 16:32:00,1745771520.0,1792.2,1793.6,1791.77,1793.08,69.4595
2025-04-27 16:33:00,1745771580.0,1793.09,1793.39,1790.52,1790.83,351.4757
2025-04-27 16:34:00,1745771640.0,1790.82,1791.49,1789.26,1789.26,252.4226
2025-04-27 16:35:00,1745771700.0,1789.27,1789.5,1787.31,1789.39,601.3003
2025-04-27 16:36:00,1745771760.0,1789.39,1790.99,1789.39,1790.62,152.9875
2025-04-27 16:37:00,1745771820.0,1790.61,1792.29,1789.9,1791.9,151.4245
2025-04-27 16:38:00,1745771880.0,1791.9,1792.4,1791.52,1792.39,163.0236
2025-04-27 16:39:00,1745771940.0,1792.39,1792.6,1792.27,1792.6,75.0972
2025-04-27 16:40:00,1745772000.0,1792.59,1793.67,1792.04,1793.52,321.1315
2025-04-27 16:41:00,1745772060.0,1793.52,1795.05,1793.34,1795.04,249.543
2025-04-27 16:42:00,1745772120.0,1795.04,1795.63,1794.3,1794.97,183.4689
2025-04-27 16:43:00,1745772180.0,1794.97,1795.29,1794.46,1795.28,84.4718
2025-04-27 16:44:00,1745772240.0,1795.28,1796.81,1795.28,1796.76,105.7137
2025-04-27 16:45:00,1745772300.0,1796.76,1796.76,1795.67,1795.68,281.1435
2025-04-27 16:46:00,1745772360.0,1795.68,1797.95,1795.26,1797.79,232.7556
2025-04-27 16:47:00,1745772420.0,1797.79,1798.09,1796.9,1797.54,250.3358
2025-04-27 16:48:00,1745772480.0,1797.54,1798.19,1797.18,1797.29,464.1215
2025-04-27 16:49:00,1745772540.0,1797.28,1797.31,1795.91,1796.85,244.5932
2025-04-27 16:50:00,1745772600.0,1796.85,1797.34,1796.7,1796.91,59.7958
2025-04-27 16:51:00,1745772660.0,1796.92,1797.5,1796.01,1797.5,284.6986
2025-04-27 16:52:00,1745772720.0,1797.49,1797.83,1795.18,1795.19,108.8913
2025-04-27 16:53:00,1745772780.0,1795.19,1795.19,1793.73,1793.73,174.4619
2025-04-27 16:54:00,1745772840.0,1793.73,1795.09,1793.73,1794.7,116.3295
2025-04-27 16:55:00,1745772900.0,1794.7,1795.27,1793.85,1793.85,344.6058
2025-04-27 16:56:00,1745772960.0,1793.85,1793.86,1792.29,1793.26,164.1768
2025-04-27 16:57:00,1745773020.0,1793.27,1794.09,1793.08,1793.33,181.391
2025-04-27 16:58:00,1745773080.0,1793.32,1793.79,1793.1,1793.74,119.9787
2025-04-27 16:59:00,1745773140.0,1793.75,1795.71,1793.75,1795.29,130.8233
2025-04-27 17:00:00,1745773200.0,1795.29,1795.5,1792.86,1793.53,126.8648
2025-04-27 17:01:00,1745773260.0,1793.53,1794.95,1793.36,1794.8,131.5461
2025-04-27 17:02:00,1745773320.0,1794.8,1795.79,1794.06,1794.9,133.5272
2025-04-27 17:03:00,1745773380.0,1794.91,1795.49,1794.49,1794.49,76.1537
2025-04-27 17:04:00,1745773440.0,1794.49,1796.69,1794.49,1796.63,184.1247
2025-04-27 17:05:00,1745773500.0,1796.63,1797.6,1795.6,1797.6,175.1193
2025-04-27 17:06:00,1745773560.0,1797.6,1797.87,1796.7,1797.01,163.3661
2025-04-27 17:07:00,1745773620.0,1797.01,1798.4,1796.91,1798.25,98.8266
2025-04-27 17:08:00,1745773680.0,1798.25,1798.25,1797.07,1797.57,96.6748
2025-04-27 17:09:00,1745773740.0,1797.57,1797.9,1797.21,1797.9,73.5526
2025-04-27 17:10:00,1745773800.0,1797.9,1797.99,1797.12,1797.12,52.9724
2025-04-27 17:11:00,1745773860.0,1797.13,1798.4,1797.0,1798.4,148.3305
2025-04-27 17:12:00,1745773920.0,1798.4,1800.55,1797.6,1799.41,449.6563
2025-04-27 17:13:00,1745773980.0,1799.4,1800.29,1799.31,1800.19,81.5983
2025-04-27 17:14:00,1745774040.0,1800.19,1800.27,1799.19,1799.2,241.5535
2025-04-27 17:15:00,1745774100.0,1799.19,1801.89,1798.81,1801.4,345.8104
2025-04-27 17:16:00,1745774160.0,1801.41,1801.41,1799.82,1800.01,117.4326
2025-04-27 17:17:00,1745774220.0,1800.01,1800.01,1799.23,1799.68,45.7767
2025-04-27 17:18:00,1745774280.0,1799.68,1800.83,1798.81,1799.43,545.4134
2025-04-27 17:19:00,1745774340.0,1799.43,1799.43,1798.6,1799.18,111.4797
2025-04-27 17:20:00,1745774400.0,1799.2,1799.8,1798.61,1798.61,121.4803
2025-04-27 17:21:00,1745774460.0,1798.61,1799.41,1798.41,1799.41,83.4817
2025-04-27 17:22:00,1745774520.0,1799.4,1799.88,1799.25,1799.83,31.1674
2025-04-27 17:23:00,1745774580.0,1799.83,1799.88,1798.95,1799.35,51.0096
2025-04-27 17:24:00,1745774640.0,1799.34,1800.0,1799.13,1799.72,216.0544
2025-04-27 17:25:00,1745774700.0,1799.73,1799.73,1798.53,1799.45,135.7941
2025-04-27 17:26:00,1745774760.0,1799.45,1799.46,1798.49,1798.87,146.8831
2025-04-27 17:27:00,1745774820.0,1798.88,1799.6,1798.66,1798.81,113.9158
2025-04-27 17:28:00,1745774880.0,1798.82,1798.82,1797.3,1797.31,112.7659
2025-04-27 17:29:00,1745774940.0,1797.31,1797.6,1797.3,1797.5,65.457
2025-04-27 17:30:00,1745775000.0,1797.5,1797.7,1797.45,1797.69,97.0348
2025-04-27 17:31:00,1745775060.0,1797.7,1797.7,1797.38,1797.39,109.1051
2025-04-27 17:32:00,1745775120.0,1797.4,1798.3,1797.39,1797.63,116.7982
2025-04-27 17:33:00,1745775180.0,1797.64,1798.02,1796.9,1797.1,87.8008
2025-04-27 17:34:00,1745775240.0,1797.1,1797.23,1797.0,1797.22,20.341
2025-04-27 17:35:00,1745775300.0,1797.23,1797.23,1796.4,1796.56,65.8943
2025-04-27 17:36:00,1745775360.0,1796.56,1796.69,1796.1,1796.39,99.5777
2025-04-27 17:37:00,1745775420.0,1796.38,1796.39,1795.42,1795.53,98.592
2025-04-27 17:38:00,1745775480.0,1795.53,1795.8,1795.32,1795.39,102.8158
2025-04-27 17:39:00,1745775540.0,1795.4,1796.01,1795.39,1795.74,78.7251
2025-04-27 17:40:00,1745775600.0,1795.74,1796.5,1795.59,1796.24,82.5272
2025-04-27 17:41:00,1745775660.0,1796.25,1797.03,1796.25,1797.03,53.6584
2025-04-27 17:42:00,1745775720.0,1797.03,1797.54,1797.02,1797.22,52.6535
2025-04-27 17:43:00,1745775780.0,1797.22,1798.62,1797.21,1798.46,145.8515
2025-04-27 17:44:00,1745775840.0,1798.46,1798.48,1798.05,1798.05,64.0496
2025-04-27 17:45:00,1745775900.0,1798.06,1799.13,1798.06,1798.64,106.9834
2025-04-27 17:46:00,1745775960.0,1798.64,1798.64,1797.91,1797.91,41.3605
2025-04-27 17:47:00,1745776020.0,1797.92,1798.47,1797.7,1798.34,137.8279
2025-04-27 17:48:00,1745776080.0,1798.35,1799.5,1798.35,1799.5,85.1028
2025-04-27 17:49:00,1745776140.0,1799.5,1799.5,1798.9,1799.31,74.9365
2025-04-27 17:50:00,1745776200.0,1799.31,1800.38,1798.7,1800.09,133.1646
2025-04-27 17:51:00,1745776260.0,1800.09,1800.09,1799.31,1799.54,75.1835
2025-04-27 17:52:00,1745776320.0,1799.54,1800.55,1799.51,1799.9,114.4739
2025-04-27 17:53:00,1745776380.0,1799.9,1800.2,1799.37,1799.38,70.5517
2025-04-27 17:54:00,1745776440.0,1799.38,1799.77,1799.37,1799.44,71.797
2025-04-27 17:55:00,1745776500.0,1799.45,1799.47,1798.98,1799.0,102.2147
2025-04-27 17:56:00,1745776560.0,1799.0,1799.0,1798.2,1798.39,37.8969
2025-04-27 17:57:00,1745776620.0,1798.4,1798.72,1798.11,1798.37,132.8724
2025-04-27 17:58:00,1745776680.0,1798.38,1798.43,1798.11,1798.32,50.725
2025-04-27 17:59:00,1745776740.0,1798.33,1798.33,1798.11,1798.12,63.5352
2025-04-27 18:00:00,1745776800.0,1798.12,1798.4,1797.81,1798.22,95.7489
2025-04-27 18:01:00,1745776860.0,1798.23,1798.23,1797.12,1797.3,76.8083
2025-04-27 18:02:00,1745776920.0,1797.3,1798.08,1797.3,1797.67,90.9734
2025-04-27 18:03:00,1745776980.0,1797.68,1797.68,1797.08,1797.08,35.0663
2025-04-27 18:04:00,1745777040.0,1797.09,1798.82,1797.08,1798.81,169.9512
2025-04-27 18:05:00,1745777100.0,1798.82,1799.57,1798.7,1799.0,140.7698
2025-04-27 18:06:00,1745777160.0,1798.99,1800.2,1798.99,1799.8,67.2524
2025-04-27 18:07:00,1745777220.0,1799.8,1800.2,1799.8,1799.8,39.4832
2025-04-27 18:08:00,1745777280.0,1799.8,1800.02,1798.92,1799.19,289.0806
2025-04-27 18:09:00,1745777340.0,1799.19,1799.8,1798.31,1799.8,94.2033
2025-04-27 18:10:00,1745777400.0,1799.8,1800.41,1799.79,1800.0,73.9768
2025-04-27 18:11:00,1745777460.0,1800.0,1800.72,1799.89,1800.63,114.6663
2025-04-27 18:12:00,1745777520.0,1800.63,1800.65,1799.78,1799.78,67.487
2025-04-27 18:13:00,1745777580.0,1799.79,1799.83,1799.2,1799.82,108.9508
2025-04-27 18:14:00,1745777640.0,1799.82,1800.7,1799.6,1800.52,133.8308
2025-04-27 18:15:00,1745777700.0,1800.53,1802.09,1800.52,1801.82,312.9815
2025-04-27 18:16:00,1745777760.0,1801.82,1803.44,1801.82,1803.31,329.204
2025-04-27 18:17:00,1745777820.0,1803.3,1805.0,1802.34,1804.01,348.5171
2025-04-27 18:18:00,1745777880.0,1804.0,1804.0,1802.6,1802.6,57.2689
2025-04-27 18:19:00,1745777940.0,1802.6,1802.69,1801.05,1801.64,703.0659
2025-04-27 18:20:00,1745778000.0,1801.64,1801.84,1801.3,1801.84,72.9256
2025-04-27 18:21:00,1745778060.0,1801.84,1802.0,1801.84,1801.89,33.0483
2025-04-27 18:22:00,1745778120.0,1801.89,1803.54,1801.55,1803.52,181.6427
2025-04-27 18:23:00,1745778180.0,1803.52,1803.53,1802.68,1802.9,39.6025
2025-04-27 18:24:00,1745778240.0,1802.91,1803.32,1802.68,1803.3,42.9833
2025-04-27 18:25:00,1745778300.0,1803.3,1803.31,1802.68,1802.68,112.8696
2025-04-27 18:26:00,1745778360.0,1802.68,1802.69,1802.1,1802.1,17.5908
2025-04-27 18:27:00,1745778420.0,1802.1,1802.85,1801.89,1802.58,98.6897
2025-04-27 18:28:00,1745778480.0,1802.58,1802.59,1801.43,1801.57,279.8314
2025-04-27 18:29:00,1745778540.0,1801.56,1802.08,1801.56,1801.83,90.6286
2025-04-27 18:30:00,1745778600.0,1801.84,1802.5,1801.84,1802.5,61.8422
2025-04-27 18:31:00,1745778660.0,1802.5,1802.71,1802.22,1802.6,35.6901
2025-04-27 18:32:00,1745778720.0,1802.61,1803.29,1802.1,1802.11,67.7131
2025-04-27 18:33:00,1745778780.0,1802.1,1803.1,1802.0,1802.31,69.0196
2025-04-27 18:34:00,1745778840.0,1802.31,1804.25,1802.31,1803.11,200.2628
2025-04-27 18:35:00,1745778900.0,1803.12,1803.75,1802.9,1803.08,126.0164
2025-04-27 18:36:00,1745778960.0,1803.07,1803.7,1803.07,1803.53,50.7635
2025-04-27 18:37:00,1745779020.0,1803.53,1803.85,1803.52,1803.52,64.2821
2025-04-27 18:38:00,1745779080.0,1803.53,1803.83,1803.5,1803.64,100.2402
2025-04-27 18:39:00,1745779140.0,1803.65,1804.2,1803.65,1804.19,43.1833
2025-04-27 18:40:00,1745779200.0,1804.2,1806.12,1804.19,1804.94,240.8681
2025-04-27 18:41:00,1745779260.0,1804.94,1805.64,1804.94,1805.64,68.0016
2025-04-27 18:42:00,1745779320.0,1805.63,1808.47,1805.63,1806.4,416.1667
2025-04-27 18:43:00,1745779380.0,1806.4,1806.4,1805.63,1805.71,66.0796
2025-04-27 18:44:00,1745779440.0,1805.71,1805.86,1805.33,1805.86,80.3098
2025-04-27 18:45:00,1745779500.0,1805.86,1807.11,1805.85,1806.71,384.3275
2025-04-27 18:46:00,1745779560.0,1806.71,1806.71,1805.73,1806.2,159.0553
2025-04-27 18:47:00,1745779620.0,1806.21,1806.36,1805.7,1805.7,69.4744
2025-04-27 18:48:00,1745779680.0,1805.7,1805.93,1805.3,1805.31,108.0091
2025-04-27 18:49:00,1745779740.0,1805.31,1805.31,1804.78,1805.0,73.5798
2025-04-27 18:50:00,1745779800.0,1805.01,1805.31,1804.57,1804.9,113.5001
2025-04-27 18:51:00,1745779860.0,1804.89,1804.9,1803.81,1803.81,210.6285
2025-04-27 18:52:00,1745779920.0,1803.81,1805.13,1803.5,1805.12,270.1149
2025-04-27 18:53:00,1745779980.0,1805.12,1805.13,1804.73,1804.73,49.4695
2025-04-27 18:54:00,1745780040.0,1804.74,1804.97,1804.74,1804.76,25.608
2025-04-27 18:55:00,1745780100.0,1804.75,1804.76,1804.41,1804.42,20.7713
2025-04-27 18:56:00,1745780160.0,1804.42,1804.42,1804.32,1804.33,14.9997
2025-04-27 18:57:00,1745780220.0,1804.32,1804.6,1804.32,1804.44,85.666
2025-04-27 18:58:00,1745780280.0,1804.44,1804.44,1802.84,1802.98,278.0485
2025-04-27 18:59:00,1745780340.0,1802.98,1803.4,1802.98,1803.39,61.6844
2025-04-27 19:00:00,1745780400.0,1803.4,1804.2,1803.4,1803.9,126.4961
2025-04-27 19:01:00,1745780460.0,1803.91,1804.79,1803.7,1803.71,60.3057
2025-04-27 19:02:00,1745780520.0,1803.71,1803.8,1802.61,1802.98,169.5755
2025-04-27 19:03:00,1745780580.0,1802.98,1803.4,1802.95,1802.95,59.7343
2025-04-27 19:04:00,1745780640.0,1802.96,1803.24,1802.65,1802.84,68.0681
2025-04-27 19:05:00,1745780700.0,1802.84,1803.04,1802.59,1802.85,34.0214
2025-04-27 19:06:00,1745780760.0,1802.85,1804.2,1802.85,1804.04,71.4073
2025-04-27 19:07:00,1745780820.0,1804.04,1804.05,1803.89,1804.0,20.0517
2025-04-27 19:08:00,1745780880.0,1804.0,1804.0,1803.74,1803.78,49.2182
2025-04-27 19:09:00,1745780940.0,1803.78,1803.99,1803.7,1803.79,41.1768
2025-04-27 19:10:00,1745781000.0,1803.79,1803.8,1803.37,1803.37,43.4591
2025-04-27 19:11:00,1745781060.0,1803.37,1803.37,1803.13,1803.14,33.5418
2025-04-27 19:12:00,1745781120.0,1803.13,1803.43,1803.13,1803.25,52.3279
2025-04-27 19:13:00,1745781180.0,1803.24,1803.7,1802.84,1802.84,320.47
2025-04-27 19:14:00,1745781240.0,1802.85,1803.44,1802.84,1802.91,40.2544
2025-04-27 19:15:00,1745781300.0,1802.91,1803.1,1802.2,1803.1,183.4653
2025-04-27 19:16:00,1745781360.0,1803.09,1803.58,1801.93,1801.93,156.248
2025-04-27 19:17:00,1745781420.0,1801.94,1802.2,1801.33,1801.43,73.1781
2025-04-27 19:18:00,1745781480.0,1801.44,1801.83,1801.25,1801.82,64.8336
2025-04-27 19:19:00,1745781540.0,1801.83,1802.5,1801.82,1802.18,37.2129
2025-04-27 19:20:00,1745781600.0,1802.17,1802.18,1800.79,1801.29,131.6953
2025-04-27 19:21:00,1745781660.0,1801.29,1801.54,1801.28,1801.54,17.6884
2025-04-27 19:22:00,1745781720.0,1801.53,1802.85,1801.35,1802.8,215.3336
2025-04-27 19:23:00,1745781780.0,1802.79,1803.61,1802.7,1803.16,92.2177
2025-04-27 19:24:00,1745781840.0,1803.16,1803.59,1803.0,1803.17,203.3853
2025-04-27 19:25:00,1745781900.0,1803.17,1804.54,1803.17,1804.54,85.2991
2025-04-27 19:26:00,1745781960.0,1804.53,1804.97,1804.53,1804.96,50.3084
2025-04-27 19:27:00,1745782020.0,1804.97,1805.19,1804.72,1805.01,125.4613
2025-04-27 19:28:00,1745782080.0,1805.0,1805.27,1805.0,1805.26,84.0821
2025-04-27 19:29:00,1745782140.0,1805.27,1805.27,1804.9,1804.9,24.9527
2025-04-27 19:30:00,1745782200.0,1804.91,1805.28,1804.21,1804.42,144.1786
2025-04-27 19:31:00,1745782260.0,1804.43,1804.88,1803.41,1803.42,85.9758
2025-04-27 19:32:00,1745782320.0,1803.42,1804.17,1803.42,1804.09,67.5415
2025-04-27 19:33:00,1745782380.0,1804.08,1804.25,1803.65,1804.25,36.7716
2025-04-27 19:34:00,1745782440.0,1804.25,1805.17,1803.9,1805.17,98.2361
2025-04-27 19:35:00,1745782500.0,1805.17,1805.18,1804.21,1804.21,57.7057
2025-04-27 19:36:00,1745782560.0,1804.21,1804.38,1803.03,1803.03,224.0199
2025-04-27 19:37:00,1745782620.0,1803.04,1804.19,1803.03,1804.07,80.9698
2025-04-27 19:38:00,1745782680.0,1804.09,1804.19,1804.09,1804.1,27.1435
2025-04-27 19:39:00,1745782740.0,1804.11,1805.8,1804.11,1805.79,73.5161
2025-04-27 19:40:00,1745782800.0,1805.8,1805.91,1805.4,1805.86,108.1658
2025-04-27 19:41:00,1745782860.0,1805.85,1805.85,1805.3,1805.69,42.1564
2025-04-27 19:42:00,1745782920.0,1805.69,1805.69,1804.9,1804.9,31.4061
2025-04-27 19:43:00,1745782980.0,1804.9,1804.9,1803.71,1804.01,299.8436
2025-04-27 19:44:00,1745783040.0,1804.01,1804.6,1803.9,1804.43,62.3121
2025-04-27 19:45:00,1745783100.0,1804.43,1805.86,1804.42,1805.86,51.9158
2025-04-27 19:46:00,1745783160.0,1805.86,1806.07,1805.02,1805.03,94.637
2025-04-27 19:47:00,1745783220.0,1805.03,1806.18,1805.02,1806.18,51.3044
2025-04-27 19:48:00,1745783280.0,1806.18,1806.18,1805.72,1805.73,36.3954
2025-04-27 19:49:00,1745783340.0,1805.73,1805.86,1805.2,1805.2,74.3035
2025-04-27 19:50:00,1745783400.0,1805.21,1806.0,1805.06,1806.0,182.4779
2025-04-27 19:51:00,1745783460.0,1806.0,1806.68,1805.99,1806.67,29.2616
2025-04-27 19:52:00,1745783520.0,1806.68,1806.7,1806.56,1806.69,16.5173
2025-04-27 19:53:00,1745783580.0,1806.7,1806.75,1806.32,1806.36,95.3499
2025-04-27 19:54:00,1745783640.0,1806.36,1807.29,1806.36,1807.29,256.2883
2025-04-27 19:55:00,1745783700.0,1807.3,1807.39,1806.71,1807.01,134.2499
2025-04-27 19:56:00,1745783760.0,1807.01,1807.19,1806.59,1806.87,266.4151
2025-04-27 19:57:00,1745783820.0,1806.86,1807.04,1806.54,1806.78,63.2793
2025-04-27 19:58:00,1745783880.0,1806.77,1807.71,1806.77,1807.71,52.7624
2025-04-27 19:59:00,1745783940.0,1807.71,1808.4,1807.55,1808.01,263.5749
2025-04-27 20:00:00,1745784000.0,1808.01,1808.26,1806.01,1806.27,434.5022
2025-04-27 20:01:00,1745784060.0,1806.27,1806.3,1804.79,1805.55,425.625
2025-04-27 20:02:00,1745784120.0,1805.57,1805.79,1804.93,1805.57,106.3464
2025-04-27 20:03:00,1745784180.0,1805.58,1806.0,1804.85,1804.85,107.2882
2025-04-27 20:04:00,1745784240.0,1804.85,1804.86,1803.01,1803.02,134.7229
2025-04-27 20:05:00,1745784300.0,1803.02,1804.86,1803.02,1804.58,135.9241
2025-04-27 20:06:00,1745784360.0,1804.58,1805.6,1804.42,1805.21,38.1696
2025-04-27 20:07:00,1745784420.0,1805.21,1805.21,1803.54,1803.54,62.1353
2025-04-27 20:08:00,1745784480.0,1803.54,1803.91,1803.05,1803.91,145.9036
2025-04-27 20:09:00,1745784540.0,1803.91,1803.91,1801.5,1802.11,360.6555
2025-04-27 20:10:00,1745784600.0,1802.11,1802.32,1801.3,1801.3,77.1262
2025-04-27 20:11:00,1745784660.0,1801.3,1801.84,1801.3,1801.83,30.2229
2025-04-27 20:12:00,1745784720.0,1801.83,1802.08,1801.7,1801.98,42.1567
2025-04-27 20:13:00,1745784780.0,1801.97,1802.5,1801.9,1802.22,65.9799
2025-04-27 20:14:00,1745784840.0,1802.22,1802.74,1801.98,1802.74,41.5838
2025-04-27 20:15:00,1745784900.0,1802.74,1803.85,1802.73,1803.84,60.6695
2025-04-27 20:16:00,1745784960.0,1803.84,1803.85,1803.0,1803.2,61.3203
2025-04-27 20:17:00,1745785020.0,1803.21,1804.66,1802.75,1804.15,605.4771
2025-04-27 20:18:00,1745785080.0,1804.15,1804.3,1802.86,1803.09,165.4192
2025-04-27 20:19:00,1745785140.0,1803.09,1803.09,1802.59,1802.99,77.2677
2025-04-27 20:20:00,1745785200.0,1802.99,1803.0,1801.9,1801.91,29.9164
2025-04-27 20:21:00,1745785260.0,1801.91,1802.04,1801.09,1801.1,69.5391
2025-04-27 20:22:00,1745785320.0,1801.09,1801.57,1800.29,1801.05,242.4119
2025-04-27 20:23:00,1745785380.0,1801.05,1801.6,1800.3,1800.49,192.5388
2025-04-27 20:24:00,1745785440.0,1800.5,1801.1,1800.08,1800.13,227.5844
2025-04-27 20:25:00,1745785500.0,1800.12,1800.13,1799.47,1799.47,190.9312
2025-04-27 20:26:00,1745785560.0,1799.47,1799.47,1798.51,1799.29,125.5927
2025-04-27 20:27:00,1745785620.0,1799.29,1799.6,1799.29,1799.6,32.1651
2025-04-27 20:28:00,1745785680.0,1799.6,1799.6,1799.24,1799.48,42.9842
2025-04-27 20:29:00,1745785740.0,1799.49,1799.7,1799.48,1799.49,42.4681
2025-04-27 20:30:00,1745785800.0,1799.49,1800.49,1799.49,1800.36,53.3982
2025-04-27 20:31:00,1745785860.0,1800.35,1801.27,1800.01,1800.15,205.2614
2025-04-27 20:32:00,1745785920.0,1800.15,1800.45,1799.64,1799.64,98.1135
2025-04-27 20:33:00,1745785980.0,1799.64,1799.83,1799.51,1799.83,48.1517
2025-04-27 20:34:00,1745786040.0,1799.82,1801.19,1799.82,1801.19,54.097
2025-04-27 20:35:00,1745786100.0,1801.19,1801.6,1800.02,1800.02,70.9429
2025-04-27 20:36:00,1745786160.0,1800.03,1800.31,1799.94,1800.09,38.0638
2025-04-27 20:37:00,1745786220.0,1800.09,1800.6,1800.09,1800.6,39.6403
2025-04-27 20:38:00,1745786280.0,1800.59,1802.39,1800.59,1801.39,298.2037
2025-04-27 20:39:00,1745786340.0,1801.39,1802.3,1801.38,1801.9,58.2853
2025-04-27 20:40:00,1745786400.0,1801.91,1802.2,1801.53,1802.08,62.497
2025-04-27 20:41:00,1745786460.0,1802.09,1802.09,1800.88,1801.09,169.7902
2025-04-27 20:42:00,1745786520.0,1801.08,1801.84,1801.08,1801.84,41.7038
2025-04-27 20:43:00,1745786580.0,1801.83,1801.83,1800.4,1801.5,79.8147
2025-04-27 20:44:00,1745786640.0,1801.5,1801.5,1800.92,1800.92,23.8156
2025-04-27 20:45:00,1745786700.0,1800.92,1800.93,1800.06,1800.06,17.1648
2025-04-27 20:46:00,1745786760.0,1800.07,1800.83,1800.01,1800.82,26.1066
2025-04-27 20:47:00,1745786820.0,1800.83,1801.89,1800.83,1801.88,100.9421
2025-04-27 20:48:00,1745786880.0,1801.88,1804.5,1801.88,1804.49,137.8695
2025-04-27 20:49:00,1745786940.0,1804.49,1804.73,1804.01,1804.73,64.6798
2025-04-27 20:50:00,1745787000.0,1804.72,1804.86,1803.47,1803.47,143.2744
2025-04-27 20:51:00,1745787060.0,1803.47,1803.85,1803.03,1803.84,64.1161
2025-04-27 20:52:00,1745787120.0,1803.84,1803.85,1803.4,1803.4,34.2014
2025-04-27 20:53:00,1745787180.0,1803.4,1803.69,1803.35,1803.35,83.6455
2025-04-27 20:54:00,1745787240.0,1803.36,1803.69,1803.35,1803.69,19.6359
2025-04-27 20:55:00,1745787300.0,1803.69,1803.69,1803.36,1803.69,29.8038
2025-04-27 20:56:00,1745787360.0,1803.68,1803.85,1802.68,1802.68,55.471
2025-04-27 20:57:00,1745787420.0,1802.68,1803.2,1802.41,1803.05,68.7977
2025-04-27 20:58:00,1745787480.0,1803.06,1803.68,1803.05,1803.05,32.0381
2025-04-27 20:59:00,1745787540.0,1803.06,1803.06,1802.5,1802.5,37.8451
2025-04-27 21:00:00,1745787600.0,1802.51,1802.51,1802.01,1802.02,40.8715
2025-04-27 21:01:00,1745787660.0,1802.02,1802.02,1800.77,1800.77,62.8591
2025-04-27 21:02:00,1745787720.0,1800.78,1800.86,1800.51,1800.82,107.6204
2025-04-27 21:03:00,1745787780.0,1800.82,1800.83,1800.42,1800.42,30.1167
2025-04-27 21:04:00,1745787840.0,1800.43,1800.65,1799.21,1799.49,120.2948
2025-04-27 21:05:00,1745787900.0,1799.49,1799.9,1799.48,1799.69,39.8648
2025-04-27 21:06:00,1745787960.0,1799.7,1799.7,1799.38,1799.7,46.6611
2025-04-27 21:07:00,1745788020.0,1799.7,1800.5,1799.69,1800.01,64.518
2025-04-27 21:08:00,1745788080.0,1800.0,1800.01,1799.75,1799.9,35.1265
2025-04-27 21:09:00,1745788140.0,1799.89,1799.9,1799.38,1799.38,32.4264
2025-04-27 21:10:00,1745788200.0,1799.39,1799.39,1799.01,1799.07,36.8694
2025-04-27 21:11:00,1745788260.0,1799.08,1799.09,1799.07,1799.09,33.3
2025-04-27 21:12:00,1745788320.0,1799.09,1799.09,1798.81,1798.82,50.9445
2025-04-27 21:13:00,1745788380.0,1798.82,1798.82,1797.73,1797.75,168.5825
2025-04-27 21:14:00,1745788440.0,1797.74,1797.74,1796.14,1797.49,246.8402
2025-04-27 21:15:00,1745788500.0,1797.49,1798.82,1796.63,1798.82,149.5496
2025-04-27 21:16:00,1745788560.0,1798.82,1799.3,1798.81,1799.3,24.1109
2025-04-27 21:17:00,1745788620.0,1799.3,1799.67,1799.29,1799.6,32.3751
2025-04-27 21:18:00,1745788680.0,1799.59,1800.7,1799.21,1800.69,205.7515
2025-04-27 21:19:00,1745788740.0,1800.69,1800.89,1800.69,1800.89,33.9957
2025-04-27 21:20:00,1745788800.0,1800.89,1801.37,1800.88,1801.37,21.3894
2025-04-27 21:21:00,1745788860.0,1801.38,1801.84,1801.38,1801.68,63.6542
2025-04-27 21:22:00,1745788920.0,1801.68,1801.69,1800.8,1801.15,120.3995
2025-04-27 21:23:00,1745788980.0,1801.14,1801.8,1801.14,1801.44,114.0372
2025-04-27 21:24:00,1745789040.0,1801.44,1802.19,1801.44,1802.19,61.4096
2025-04-27 21:25:00,1745789100.0,1802.19,1803.21,1802.19,1803.2,71.3995
2025-04-27 21:26:00,1745789160.0,1803.2,1803.21,1803.05,1803.06,72.7917
2025-04-27 21:27:00,1745789220.0,1803.06,1803.06,1803.05,1803.05,14.8868
2025-04-27 21:28:00,1745789280.0,1803.06,1803.52,1803.05,1803.52,108.9354
2025-04-27 21:29:00,1745789340.0,1803.53,1803.85,1803.52,1803.85,10.4566
2025-04-27 21:30:00,1745789400.0,1803.85,1804.12,1803.84,1804.12,42.87
2025-04-27 21:31:00,1745789460.0,1804.12,1804.79,1804.11,1804.79,80.5152
2025-04-27 21:32:00,1745789520.0,1804.79,1805.13,1804.79,1805.13,57.6149
2025-04-27 21:33:00,1745789580.0,1805.13,1805.46,1804.61,1804.61,116.0463
2025-04-27 21:34:00,1745789640.0,1804.61,1804.62,1803.9,1803.9,139.7145
2025-04-27 21:35:00,1745789700.0,1803.91,1804.1,1803.42,1804.09,48.4461
2025-04-27 21:36:00,1745789760.0,1804.09,1804.44,1804.01,1804.44,28.3722
2025-04-27 21:37:00,1745789820.0,1804.44,1805.86,1804.43,1805.86,87.1522
2025-04-27 21:38:00,1745789880.0,1805.86,1806.29,1805.59,1806.28,65.5473
2025-04-27 21:39:00,1745789940.0,1806.28,1806.28,1805.85,1806.03,60.1511
2025-04-27 21:40:00,1745790000.0,1806.04,1806.48,1805.31,1805.75,156.4001
2025-04-27 21:41:00,1745790060.0,1805.75,1806.2,1805.74,1805.86,84.2726
2025-04-27 21:42:00,1745790120.0,1805.85,1806.08,1804.7,1805.7,129.0081
2025-04-27 21:43:00,1745790180.0,1805.7,1805.92,1805.47,1805.92,117.8728
2025-04-27 21:44:00,1745790240.0,1805.92,1807.0,1805.91,1806.73,251.6775
2025-04-27 21:45:00,1745790300.0,1806.73,1807.08,1805.56,1806.37,215.8525
2025-04-27 21:46:00,1745790360.0,1806.37,1806.38,1805.9,1805.91,30.0973
2025-04-27 21:47:00,1745790420.0,1805.9,1806.54,1805.9,1805.91,79.2325
2025-04-27 21:48:00,1745790480.0,1805.91,1807.3,1804.44,1805.87,286.6981
2025-04-27 21:49:00,1745790540.0,1805.87,1805.88,1804.38,1804.86,61.9001
2025-04-27 21:50:00,1745790600.0,1804.86,1805.86,1804.85,1805.54,62.4367
2025-04-27 21:51:00,1745790660.0,1805.54,1805.55,1804.85,1804.86,137.1786
2025-04-27 21:52:00,1745790720.0,1804.86,1804.86,1804.67,1804.68,24.967
2025-04-27 21:53:00,1745790780.0,1804.68,1804.68,1803.84,1803.97,56.4538
2025-04-27 21:54:00,1745790840.0,1803.97,1805.52,1803.97,1805.22,107.6675
2025-04-27 21:55:00,1745790900.0,1805.21,1805.22,1804.82,1804.83,30.3597
2025-04-27 21:56:00,1745790960.0,1804.82,1804.83,1804.03,1804.03,35.8332
2025-04-27 21:57:00,1745791020.0,1804.04,1804.5,1803.89,1804.44,74.2805
2025-04-27 21:58:00,1745791080.0,1804.43,1804.86,1804.43,1804.86,37.6426
2025-04-27 21:59:00,1745791140.0,1804.85,1804.85,1802.17,1803.0,218.4828
2025-04-27 22:00:00,1745791200.0,1803.0,1803.1,1802.1,1802.8,193.5934
2025-04-27 22:01:00,1745791260.0,1802.79,1803.2,1801.03,1801.62,160.662
2025-04-27 22:02:00,1745791320.0,1801.62,1801.78,1800.01,1800.31,234.0512
2025-04-27 22:03:00,1745791380.0,1800.31,1800.5,1797.69,1797.8,410.6357
2025-04-27 22:04:00,1745791440.0,1797.79,1798.28,1793.9,1795.12,1184.8022
2025-04-27 22:05:00,1745791500.0,1795.12,1795.12,1789.76,1793.43,2118.3496
2025-04-27 22:06:00,1745791560.0,1793.43,1795.99,1793.43,1795.99,387.6606
2025-04-27 22:07:00,1745791620.0,1795.99,1797.1,1795.72,1795.73,246.9396
2025-04-27 22:08:00,1745791680.0,1795.73,1795.73,1791.33,1791.34,312.0582
2025-04-27 22:09:00,1745791740.0,1791.34,1792.79,1791.34,1792.79,226.1026
2025-04-27 22:10:00,1745791800.0,1792.79,1793.33,1791.89,1792.94,157.4616
2025-04-27 22:11:00,1745791860.0,1792.95,1794.2,1791.77,1793.68,344.0211
2025-04-27 22:12:00,1745791920.0,1793.68,1794.39,1792.99,1792.99,129.8543
2025-04-27 22:13:00,1745791980.0,1792.99,1794.1,1791.84,1791.84,1368.8527
2025-04-27 22:14:00,1745792040.0,1791.84,1792.62,1789.72,1790.26,500.4219
2025-04-27 22:15:00,1745792100.0,1790.26,1791.08,1789.72,1790.2,237.6233
2025-04-27 22:16:00,1745792160.0,1790.21,1792.68,1789.78,1792.52,225.6805
2025-04-27 22:17:00,1745792220.0,1792.5,1792.72,1790.11,1790.77,298.0417
2025-04-27 22:18:00,1745792280.0,1790.77,1792.2,1790.27,1791.63,155.0237
2025-04-27 22:19:00,1745792340.0,1791.63,1794.13,1791.63,1794.13,167.932
2025-04-27 22:20:00,1745792400.0,1794.14,1794.14,1790.89,1790.89,238.3358
2025-04-27 22:21:00,1745792460.0,1790.89,1793.2,1790.0,1793.2,391.5941
2025-04-27 22:22:00,1745792520.0,1793.21,1793.93,1792.11,1793.32,101.6205
2025-04-27 22:23:00,1745792580.0,1793.32,1793.32,1792.1,1792.54,89.4472
2025-04-27 22:24:00,1745792640.0,1792.55,1792.99,1792.54,1792.55,81.1574
2025-04-27 22:25:00,1745792700.0,1792.55,1794.2,1792.54,1793.51,101.8017
2025-04-27 22:26:00,1745792760.0,1793.51,1794.54,1792.0,1792.01,269.2563
2025-04-27 22:27:00,1745792820.0,1792.01,1793.5,1792.0,1792.24,297.7801
2025-04-27 22:28:00,1745792880.0,1792.24,1792.24,1789.76,1790.42,446.3593
2025-04-27 22:29:00,1745792940.0,1790.43,1790.43,1788.52,1789.55,445.484
2025-04-27 22:30:00,1745793000.0,1789.55,1789.55,1786.21,1787.68,1120.9935
2025-04-27 22:31:00,1745793060.0,1787.69,1788.0,1786.47,1787.49,217.6784
2025-04-27 22:32:00,1745793120.0,1787.49,1787.49,1784.59,1787.04,1559.6395
2025-04-27 22:33:00,1745793180.0,1787.03,1789.26,1787.03,1789.11,170.3008
2025-04-27 22:34:00,1745793240.0,1789.09,1790.77,1788.83,1789.46,424.3915
2025-04-27 22:35:00,1745793300.0,1789.46,1791.2,1789.46,1790.72,157.531
2025-04-27 22:36:00,1745793360.0,1790.72,1791.4,1790.01,1790.76,140.5512
2025-04-27 22:37:00,1745793420.0,1790.77,1790.9,1788.75,1789.06,150.0896
2025-04-27 22:38:00,1745793480.0,1789.07,1789.8,1788.53,1789.14,174.8524
2025-04-27 22:39:00,1745793540.0,1789.13,1789.13,1788.0,1788.62,141.7191
2025-04-27 22:40:00,1745793600.0,1788.62,1790.63,1788.62,1789.99,99.3334
2025-04-27 22:41:00,1745793660.0,1789.98,1791.46,1789.84,1791.46,57.7969
2025-04-27 22:42:00,1745793720.0,1791.45,1792.6,1791.02,1792.29,163.7838
2025-04-27 22:43:00,1745793780.0,1792.3,1792.6,1791.75,1791.91,142.6467
2025-04-27 22:44:00,1745793840.0,1791.9,1792.78,1791.9,1792.78,58.9635
2025-04-27 22:45:00,1745793900.0,1792.78,1792.78,1791.1,1791.59,111.4339
2025-04-27 22:46:00,1745793960.0,1791.6,1792.0,1790.86,1791.45,176.8679
2025-04-27 22:47:00,1745794020.0,1791.44,1791.6,1790.9,1791.4,36.1456
2025-04-27 22:48:00,1745794080.0,1791.39,1792.93,1791.39,1792.86,97.2908
2025-04-27 22:49:00,1745794140.0,1792.86,1793.07,1792.59,1793.02,44.5666
2025-04-27 22:50:00,1745794200.0,1793.03,1793.79,1792.88,1793.4,158.2832
2025-04-27 22:51:00,1745794260.0,1793.39,1793.79,1792.57,1792.88,78.1587
2025-04-27 22:52:00,1745794320.0,1792.88,1793.7,1792.58,1793.17,315.1173
2025-04-27 22:53:00,1745794380.0,1793.16,1793.7,1792.61,1792.85,197.9336
2025-04-27 22:54:00,1745794440.0,1792.85,1794.87,1792.72,1794.87,171.1683
2025-04-27 22:55:00,1745794500.0,1794.87,1794.93,1793.95,1794.02,387.2537
2025-04-27 22:56:00,1745794560.0,1794.01,1794.4,1794.01,1794.32,79.7441
2025-04-27 22:57:00,1745794620.0,1794.32,1795.13,1794.32,1794.99,121.8173
2025-04-27 22:58:00,1745794680.0,1794.99,1794.99,1794.31,1794.53,98.6792
2025-04-27 22:59:00,1745794740.0,1794.48,1794.63,1794.3,1794.6,134.5575
2025-04-27 23:00:00,1745794800.0,1794.59,1794.6,1792.5,1793.06,284.1868
2025-04-27 23:01:00,1745794860.0,1793.06,1793.06,1791.41,1791.41,108.8093
2025-04-27 23:02:00,1745794920.0,1791.41,1792.86,1791.0,1792.86,72.3415
2025-04-27 23:03:00,1745794980.0,1792.86,1793.61,1791.65,1791.65,118.0073
2025-04-27 23:04:00,1745795040.0,1791.65,1793.7,1791.29,1792.56,293.8269
2025-04-27 23:05:00,1745795100.0,1792.56,1792.57,1791.4,1791.41,124.9793
2025-04-27 23:06:00,1745795160.0,1791.4,1792.2,1791.02,1791.02,123.1364
2025-04-27 23:07:00,1745795220.0,1791.02,1791.02,1789.2,1790.0,249.3182
2025-04-27 23:08:00,1745795280.0,1789.99,1790.99,1789.99,1790.01,41.9038
2025-04-27 23:09:00,1745795340.0,1790.0,1790.6,1789.18,1790.04,414.6871
2025-04-27 23:10:00,1745795400.0,1790.03,1792.14,1790.03,1791.32,557.4318
2025-04-27 23:11:00,1745795460.0,1791.31,1791.49,1790.32,1790.33,58.4286
2025-04-27 23:12:00,1745795520.0,1790.32,1791.0,1790.32,1791.0,40.6563
2025-04-27 23:13:00,1745795580.0,1790.99,1791.6,1789.22,1789.5,100.6949
2025-04-27 23:14:00,1745795640.0,1789.5,1790.34,1789.25,1789.58,91.3581
2025-04-27 23:15:00,1745795700.0,1789.58,1789.69,1788.41,1788.41,155.1948
2025-04-27 23:16:00,1745795760.0,1788.41,1790.52,1788.41,1790.52,252.3851
2025-04-27 23:17:00,1745795820.0,1790.54,1790.77,1789.1,1790.49,154.0007
2025-04-27 23:18:00,1745795880.0,1790.5,1791.5,1790.08,1791.5,494.1697
2025-04-27 23:19:00,1745795940.0,1791.5,1793.35,1791.42,1793.21,169.1218
2025-04-27 23:20:00,1745796000.0,1793.2,1793.43,1792.79,1793.06,114.9646
2025-04-27 23:21:00,1745796060.0,1793.06,1793.27,1791.42,1791.78,64.4071
2025-04-27 23:22:00,1745796120.0,1791.78,1791.92,1791.1,1791.78,37.2225
2025-04-27 23:23:00,1745796180.0,1791.77,1792.24,1791.6,1791.88,22.9937
2025-04-27 23:24:00,1745796240.0,1791.88,1791.88,1791.0,1791.71,83.5536
2025-04-27 23:25:00,1745796300.0,1791.71,1793.5,1791.23,1792.86,189.7629
2025-04-27 23:26:00,1745796360.0,1792.86,1793.27,1792.7,1793.26,71.1561
2025-04-27 23:27:00,1745796420.0,1793.26,1793.26,1791.84,1792.39,55.4548
2025-04-27 23:28:00,1745796480.0,1792.39,1793.5,1792.39,1793.2,49.3037
2025-04-27 23:29:00,1745796540.0,1793.19,1793.39,1792.37,1792.38,37.019
2025-04-27 23:30:00,1745796600.0,1792.37,1793.73,1792.19,1793.73,29.9356
2025-04-27 23:31:00,1745796660.0,1793.73,1793.73,1792.2,1792.79,73.969
2025-04-27 23:32:00,1745796720.0,1792.78,1793.71,1792.71,1793.59,103.5928
2025-04-27 23:33:00,1745796780.0,1793.6,1794.86,1792.85,1794.68,170.3853
2025-04-27 23:34:00,1745796840.0,1794.68,1795.04,1794.02,1794.83,119.7841
2025-04-27 23:35:00,1745796900.0,1794.84,1796.4,1794.83,1795.86,279.4506
2025-04-27 23:36:00,1745796960.0,1795.86,1796.16,1795.63,1795.87,99.7142
2025-04-27 23:37:00,1745797020.0,1795.87,1796.04,1795.18,1795.35,123.6074
2025-04-27 23:38:00,1745797080.0,1795.34,1795.41,1794.85,1795.17,50.2816
2025-04-27 23:39:00,1745797140.0,1795.17,1795.41,1794.85,1795.41,45.971
2025-04-27 23:40:00,1745797200.0,1795.41,1795.88,1794.87,1795.15,179.7898
2025-04-27 23:41:00,1745797260.0,1795.15,1795.16,1793.58,1793.87,45.0754
2025-04-27 23:42:00,1745797320.0,1793.87,1794.42,1793.86,1794.24,49.5158
2025-04-27 23:43:00,1745797380.0,1794.24,1794.24,1792.52,1792.53,124.1433
2025-04-27 23:44:00,1745797440.0,1792.52,1792.52,1791.47,1791.98,78.1173
2025-04-27 23:45:00,1745797500.0,1791.99,1793.64,1791.73,1793.3,152.7273
2025-04-27 23:46:00,1745797560.0,1793.3,1794.19,1792.78,1792.79,89.48
2025-04-27 23:47:00,1745797620.0,1792.79,1793.59,1792.78,1792.96,46.3951
2025-04-27 23:48:00,1745797680.0,1792.96,1793.39,1792.85,1792.86,61.4342
2025-04-27 23:49:00,1745797740.0,1792.86,1793.1,1791.53,1791.53,81.6568
2025-04-27 23:50:00,1745797800.0,1791.53,1792.2,1791.09,1792.2,117.94
2025-04-27 23:51:00,1745797860.0,1792.19,1792.7,1791.43,1792.7,170.8334
2025-04-27 23:52:00,1745797920.0,1792.7,1792.79,1792.18,1792.34,83.9436
2025-04-27 23:53:00,1745797980.0,1792.34,1792.7,1792.09,1792.49,15.7663
2025-04-27 23:54:00,1745798040.0,1792.49,1793.64,1792.15,1793.64,57.0541
2025-04-27 23:55:00,1745798100.0,1793.64,1793.7,1793.34,1793.59,29.1322
2025-04-27 23:56:00,1745798160.0,1793.6,1794.5,1793.59,1794.5,30.4094
2025-04-27 23:57:00,1745798220.0,1794.49,1794.49,1793.38,1793.7,124.6323
2025-04-27 23:58:00,1745798280.0,1793.7,1793.7,1791.43,1791.43,98.8967
2025-04-27 23:59:00,1745798340.0,1791.43,1791.46,1791.12,1791.29,64.0106
