Universal Time,Unix Time,Open,High,Low,Close,Volume
2024-07-01 00:00:00,1719792000.0,0.4761,0.4762,0.4759,0.476,181458.0
2024-07-01 00:01:00,1719792060.0,0.476,0.476,0.4758,0.476,245154.0
2024-07-01 00:02:00,1719792120.0,0.4759,0.4761,0.4759,0.4761,16311.0
2024-07-01 00:03:00,1719792180.0,0.4761,0.4761,0.4758,0.4758,74448.0
2024-07-01 00:04:00,1719792240.0,0.4758,0.4759,0.4758,0.4758,48674.0
2024-07-01 00:05:00,1719792300.0,0.4758,0.476,0.4758,0.476,61618.0
2024-07-01 00:06:00,1719792360.0,0.4759,0.476,0.4757,0.4757,67651.0
2024-07-01 00:07:00,1719792420.0,0.4757,0.4758,0.4757,0.4758,44832.0
2024-07-01 00:08:00,1719792480.0,0.4758,0.4758,0.4757,0.4758,30991.0
2024-07-01 00:09:00,1719792540.0,0.4758,0.4758,0.4755,0.4756,65595.0
2024-07-01 00:10:00,1719792600.0,0.4755,0.4758,0.4755,0.4757,90120.0
2024-07-01 00:11:00,1719792660.0,0.4757,0.4757,0.4756,0.4757,10575.0
2024-07-01 00:12:00,1719792720.0,0.4757,0.4757,0.4756,0.4757,12850.0
2024-07-01 00:13:00,1719792780.0,0.4757,0.4759,0.4757,0.4759,30151.0
2024-07-01 00:14:00,1719792840.0,0.4759,0.4759,0.4758,0.4759,7452.0
2024-07-01 00:15:00,1719792900.0,0.4759,0.4759,0.4757,0.4757,72278.0
2024-07-01 00:16:00,1719792960.0,0.4758,0.4761,0.4757,0.4761,114741.0
2024-07-01 00:17:00,1719793020.0,0.4762,0.4767,0.4762,0.4765,488670.0
2024-07-01 00:18:00,1719793080.0,0.4765,0.4768,0.4765,0.4768,90741.0
2024-07-01 00:19:00,1719793140.0,0.4767,0.4768,0.4765,0.4765,289898.0
2024-07-01 00:20:00,1719793200.0,0.4766,0.4767,0.4765,0.4765,180732.0
2024-07-01 00:21:00,1719793260.0,0.4766,0.4768,0.4766,0.4767,251967.0
2024-07-01 00:22:00,1719793320.0,0.4768,0.4769,0.4767,0.4768,62015.0
2024-07-01 00:23:00,1719793380.0,0.4768,0.4769,0.4768,0.4769,51381.0
2024-07-01 00:24:00,1719793440.0,0.4769,0.4769,0.4767,0.4767,54639.0
2024-07-01 00:25:00,1719793500.0,0.4767,0.4768,0.4767,0.4767,96192.0
2024-07-01 00:26:00,1719793560.0,0.4767,0.4768,0.4767,0.4767,32559.0
2024-07-01 00:27:00,1719793620.0,0.4767,0.4768,0.4767,0.4767,30524.0
2024-07-01 00:28:00,1719793680.0,0.4767,0.4768,0.4767,0.4768,10085.0
2024-07-01 00:29:00,1719793740.0,0.4767,0.4768,0.4767,0.4767,147154.0
2024-07-01 00:30:00,1719793800.0,0.4767,0.4768,0.4765,0.4766,250192.0
2024-07-01 00:31:00,1719793860.0,0.4765,0.4766,0.4765,0.4766,132845.0
2024-07-01 00:32:00,1719793920.0,0.4765,0.4766,0.4765,0.4766,86203.0
2024-07-01 00:33:00,1719793980.0,0.4766,0.4767,0.4765,0.4767,557070.0
2024-07-01 00:34:00,1719794040.0,0.4767,0.4767,0.4766,0.4767,9509.0
2024-07-01 00:35:00,1719794100.0,0.4767,0.4767,0.4765,0.4765,146406.0
2024-07-01 00:36:00,1719794160.0,0.4765,0.4766,0.4765,0.4766,23167.0
2024-07-01 00:37:00,1719794220.0,0.4766,0.4766,0.4765,0.4766,18343.0
2024-07-01 00:38:00,1719794280.0,0.4765,0.4766,0.4765,0.4765,24572.0
2024-07-01 00:39:00,1719794340.0,0.4765,0.4766,0.4765,0.4766,52268.0
2024-07-01 00:40:00,1719794400.0,0.4766,0.4769,0.4765,0.4769,664212.0
2024-07-01 00:41:00,1719794460.0,0.4769,0.4771,0.4768,0.477,330749.0
2024-07-01 00:42:00,1719794520.0,0.4771,0.4771,0.4768,0.4768,483037.0
2024-07-01 00:43:00,1719794580.0,0.4769,0.4769,0.4766,0.4768,414132.0
2024-07-01 00:44:00,1719794640.0,0.4768,0.4768,0.4767,0.4767,19120.0
2024-07-01 00:45:00,1719794700.0,0.4768,0.4769,0.4767,0.4768,64364.0
2024-07-01 00:46:00,1719794760.0,0.4768,0.4769,0.4768,0.4769,39655.0
2024-07-01 00:47:00,1719794820.0,0.4769,0.4769,0.4767,0.4767,191578.0
2024-07-01 00:48:00,1719794880.0,0.4767,0.4768,0.4764,0.4764,341518.0
2024-07-01 00:49:00,1719794940.0,0.4764,0.4764,0.476,0.476,458571.0
2024-07-01 00:50:00,1719795000.0,0.4761,0.4761,0.476,0.476,283374.0
2024-07-01 00:51:00,1719795060.0,0.4761,0.4763,0.4761,0.4762,779063.0
2024-07-01 00:52:00,1719795120.0,0.4761,0.4763,0.4761,0.4763,409493.0
2024-07-01 00:53:00,1719795180.0,0.4764,0.4764,0.4761,0.4762,398389.0
2024-07-01 00:54:00,1719795240.0,0.4762,0.4762,0.4761,0.4762,120835.0
2024-07-01 00:55:00,1719795300.0,0.4762,0.4762,0.4761,0.4762,60919.0
2024-07-01 00:56:00,1719795360.0,0.4761,0.4762,0.476,0.476,149081.0
2024-07-01 00:57:00,1719795420.0,0.476,0.4761,0.476,0.476,45508.0
2024-07-01 00:58:00,1719795480.0,0.476,0.4762,0.476,0.4761,485481.0
2024-07-01 00:59:00,1719795540.0,0.4761,0.4761,0.4759,0.476,184385.0
2024-07-01 01:00:00,1719795600.0,0.4759,0.476,0.4759,0.4759,34163.0
2024-07-01 01:01:00,1719795660.0,0.4759,0.476,0.4757,0.4758,384279.0
2024-07-01 01:02:00,1719795720.0,0.4757,0.4759,0.4756,0.4758,495633.0
2024-07-01 01:03:00,1719795780.0,0.4758,0.4759,0.4758,0.4758,45721.0
2024-07-01 01:04:00,1719795840.0,0.4759,0.476,0.4759,0.476,64086.0
2024-07-01 01:05:00,1719795900.0,0.476,0.4763,0.476,0.4763,89477.0
2024-07-01 01:06:00,1719795960.0,0.4762,0.4776,0.4762,0.4775,1695305.0
2024-07-01 01:07:00,1719796020.0,0.4776,0.4779,0.4775,0.4777,755291.0
2024-07-01 01:08:00,1719796080.0,0.4777,0.4777,0.4771,0.4772,182536.0
2024-07-01 01:09:00,1719796140.0,0.4773,0.4775,0.4772,0.4772,65534.0
2024-07-01 01:10:00,1719796200.0,0.4773,0.4778,0.477,0.4775,490293.0
2024-07-01 01:11:00,1719796260.0,0.4775,0.4784,0.4774,0.4783,590478.0
2024-07-01 01:12:00,1719796320.0,0.4783,0.4787,0.4781,0.4783,351209.0
2024-07-01 01:13:00,1719796380.0,0.4784,0.4784,0.4777,0.4777,189853.0
2024-07-01 01:14:00,1719796440.0,0.4776,0.4784,0.4775,0.4783,458876.0
2024-07-01 01:15:00,1719796500.0,0.4784,0.4786,0.4777,0.4779,376355.0
2024-07-01 01:16:00,1719796560.0,0.4779,0.4781,0.4777,0.4781,155521.0
2024-07-01 01:17:00,1719796620.0,0.4782,0.4786,0.4781,0.4786,273758.0
2024-07-01 01:18:00,1719796680.0,0.4786,0.4789,0.4786,0.4787,306597.0
2024-07-01 01:19:00,1719796740.0,0.4788,0.4789,0.4787,0.4788,103152.0
2024-07-01 01:20:00,1719796800.0,0.4788,0.479,0.4788,0.479,132155.0
2024-07-01 01:21:00,1719796860.0,0.479,0.479,0.4787,0.4787,340898.0
2024-07-01 01:22:00,1719796920.0,0.4788,0.4788,0.4787,0.4787,137464.0
2024-07-01 01:23:00,1719796980.0,0.4788,0.4788,0.4785,0.4786,112966.0
2024-07-01 01:24:00,1719797040.0,0.4786,0.4788,0.4786,0.4787,167843.0
2024-07-01 01:25:00,1719797100.0,0.4787,0.4788,0.4783,0.4785,234405.0
2024-07-01 01:26:00,1719797160.0,0.4785,0.4787,0.4785,0.4787,186324.0
2024-07-01 01:27:00,1719797220.0,0.4787,0.4788,0.4786,0.4786,58917.0
2024-07-01 01:28:00,1719797280.0,0.4786,0.4787,0.4785,0.4786,91071.0
2024-07-01 01:29:00,1719797340.0,0.4787,0.4788,0.4786,0.4787,19749.0
2024-07-01 01:30:00,1719797400.0,0.4788,0.479,0.4787,0.4789,121280.0
2024-07-01 01:31:00,1719797460.0,0.4789,0.4791,0.4789,0.4789,90148.0
2024-07-01 01:32:00,1719797520.0,0.479,0.479,0.4787,0.4788,80103.0
2024-07-01 01:33:00,1719797580.0,0.4789,0.4793,0.4787,0.4787,148823.0
2024-07-01 01:34:00,1719797640.0,0.4787,0.4788,0.4786,0.4787,60580.0
2024-07-01 01:35:00,1719797700.0,0.4787,0.4787,0.4784,0.4784,31290.0
2024-07-01 01:36:00,1719797760.0,0.4785,0.4786,0.4785,0.4785,85738.0
2024-07-01 01:37:00,1719797820.0,0.4785,0.4787,0.4784,0.4784,117058.0
2024-07-01 01:38:00,1719797880.0,0.4784,0.4788,0.4784,0.4788,172031.0
2024-07-01 01:39:00,1719797940.0,0.4788,0.479,0.4788,0.479,122886.0
2024-07-01 01:40:00,1719798000.0,0.4789,0.4791,0.4789,0.479,132176.0
2024-07-01 01:41:00,1719798060.0,0.4791,0.4792,0.479,0.4791,56963.0
2024-07-01 01:42:00,1719798120.0,0.479,0.4792,0.479,0.4791,56777.0
2024-07-01 01:43:00,1719798180.0,0.4792,0.4792,0.4789,0.479,91080.0
2024-07-01 01:44:00,1719798240.0,0.4789,0.479,0.4789,0.479,54405.0
2024-07-01 01:45:00,1719798300.0,0.479,0.479,0.4788,0.4789,117379.0
2024-07-01 01:46:00,1719798360.0,0.4788,0.4789,0.4787,0.4787,131293.0
2024-07-01 01:47:00,1719798420.0,0.4788,0.4788,0.4786,0.4786,133476.0
2024-07-01 01:48:00,1719798480.0,0.4786,0.4787,0.4786,0.4786,48681.0
2024-07-01 01:49:00,1719798540.0,0.4786,0.479,0.4786,0.4789,295656.0
2024-07-01 01:50:00,1719798600.0,0.479,0.479,0.4789,0.4789,41956.0
2024-07-01 01:51:00,1719798660.0,0.4789,0.4791,0.4789,0.4791,103562.0
2024-07-01 01:52:00,1719798720.0,0.4791,0.4791,0.479,0.479,56109.0
2024-07-01 01:53:00,1719798780.0,0.479,0.4791,0.479,0.4791,34413.0
2024-07-01 01:54:00,1719798840.0,0.4791,0.4792,0.479,0.4791,34208.0
2024-07-01 01:55:00,1719798900.0,0.4792,0.4795,0.4791,0.4794,460735.0
2024-07-01 01:56:00,1719798960.0,0.4795,0.4798,0.4794,0.4795,215684.0
2024-07-01 01:57:00,1719799020.0,0.4795,0.4798,0.4795,0.4797,138112.0
2024-07-01 01:58:00,1719799080.0,0.4797,0.4798,0.4795,0.4796,52498.0
2024-07-01 01:59:00,1719799140.0,0.4795,0.4796,0.4794,0.4795,67857.0
2024-07-01 02:00:00,1719799200.0,0.4795,0.4798,0.4795,0.4795,86404.0
2024-07-01 02:01:00,1719799260.0,0.4795,0.4795,0.4791,0.4792,298827.0
2024-07-01 02:02:00,1719799320.0,0.4793,0.4794,0.4792,0.4793,153570.0
2024-07-01 02:03:00,1719799380.0,0.4794,0.4795,0.4793,0.4793,88727.0
2024-07-01 02:04:00,1719799440.0,0.4793,0.4796,0.4793,0.4794,218822.0
2024-07-01 02:05:00,1719799500.0,0.4793,0.4795,0.4793,0.4794,34321.0
2024-07-01 02:06:00,1719799560.0,0.4794,0.4796,0.4794,0.4795,98223.0
2024-07-01 02:07:00,1719799620.0,0.4795,0.4796,0.4794,0.4796,70793.0
2024-07-01 02:08:00,1719799680.0,0.4796,0.4796,0.4794,0.4795,62722.0
2024-07-01 02:09:00,1719799740.0,0.4794,0.4795,0.4792,0.4792,149677.0
2024-07-01 02:10:00,1719799800.0,0.4792,0.4794,0.4791,0.4792,131823.0
2024-07-01 02:11:00,1719799860.0,0.4791,0.4792,0.4781,0.4785,1290795.0
2024-07-01 02:12:00,1719799920.0,0.4785,0.4785,0.478,0.4784,329046.0
2024-07-01 02:13:00,1719799980.0,0.4783,0.4785,0.4783,0.4784,12097.0
2024-07-01 02:14:00,1719800040.0,0.4784,0.4787,0.4784,0.4787,60937.0
2024-07-01 02:15:00,1719800100.0,0.4787,0.4787,0.4784,0.4784,28718.0
2024-07-01 02:16:00,1719800160.0,0.4785,0.4787,0.4784,0.4787,99014.0
2024-07-01 02:17:00,1719800220.0,0.4787,0.4789,0.4787,0.4787,74572.0
2024-07-01 02:18:00,1719800280.0,0.4788,0.479,0.4787,0.479,53379.0
2024-07-01 02:19:00,1719800340.0,0.479,0.479,0.4788,0.4789,45747.0
2024-07-01 02:20:00,1719800400.0,0.4789,0.4789,0.4788,0.4788,10267.0
2024-07-01 02:21:00,1719800460.0,0.4788,0.4789,0.4787,0.4787,78364.0
2024-07-01 02:22:00,1719800520.0,0.4788,0.4788,0.4787,0.4788,10940.0
2024-07-01 02:23:00,1719800580.0,0.4787,0.4788,0.4787,0.4788,10308.0
2024-07-01 02:24:00,1719800640.0,0.4787,0.4788,0.4787,0.4787,9510.0
2024-07-01 02:25:00,1719800700.0,0.4788,0.4788,0.4787,0.4788,13323.0
2024-07-01 02:26:00,1719800760.0,0.4788,0.4788,0.4787,0.4787,67485.0
2024-07-01 02:27:00,1719800820.0,0.4787,0.4788,0.4787,0.4787,47914.0
2024-07-01 02:28:00,1719800880.0,0.4787,0.4788,0.4787,0.4788,32394.0
2024-07-01 02:29:00,1719800940.0,0.4788,0.4788,0.4787,0.4787,73092.0
2024-07-01 02:30:00,1719801000.0,0.4788,0.4788,0.4784,0.4784,159816.0
2024-07-01 02:31:00,1719801060.0,0.4785,0.4785,0.4784,0.4785,16548.0
2024-07-01 02:32:00,1719801120.0,0.4785,0.4785,0.478,0.478,65263.0
2024-07-01 02:33:00,1719801180.0,0.478,0.4781,0.478,0.4781,64770.0
2024-07-01 02:34:00,1719801240.0,0.478,0.4781,0.4779,0.4779,55241.0
2024-07-01 02:35:00,1719801300.0,0.4779,0.4782,0.4779,0.4781,97353.0
2024-07-01 02:36:00,1719801360.0,0.4782,0.4782,0.478,0.478,159941.0
2024-07-01 02:37:00,1719801420.0,0.4781,0.4781,0.478,0.4781,13519.0
2024-07-01 02:38:00,1719801480.0,0.478,0.4781,0.478,0.4781,32091.0
2024-07-01 02:39:00,1719801540.0,0.478,0.4781,0.4779,0.478,267527.0
2024-07-01 02:40:00,1719801600.0,0.4779,0.4786,0.4779,0.4785,752350.0
2024-07-01 02:41:00,1719801660.0,0.4786,0.4789,0.4786,0.4788,458989.0
2024-07-01 02:42:00,1719801720.0,0.4788,0.4789,0.4786,0.4788,326093.0
2024-07-01 02:43:00,1719801780.0,0.4788,0.4791,0.4788,0.479,494355.0
2024-07-01 02:44:00,1719801840.0,0.479,0.479,0.4785,0.4787,257762.0
2024-07-01 02:45:00,1719801900.0,0.4786,0.4786,0.4782,0.4784,133108.0
2024-07-01 02:46:00,1719801960.0,0.4784,0.4784,0.4783,0.4783,17525.0
2024-07-01 02:47:00,1719802020.0,0.4784,0.4784,0.478,0.4782,67352.0
2024-07-01 02:48:00,1719802080.0,0.4782,0.4782,0.478,0.478,35320.0
2024-07-01 02:49:00,1719802140.0,0.478,0.4782,0.478,0.4781,37297.0
2024-07-01 02:50:00,1719802200.0,0.4782,0.4783,0.4782,0.4782,86931.0
2024-07-01 02:51:00,1719802260.0,0.4781,0.4782,0.4781,0.4782,12080.0
2024-07-01 02:52:00,1719802320.0,0.4781,0.4781,0.478,0.478,64126.0
2024-07-01 02:53:00,1719802380.0,0.4781,0.4781,0.478,0.478,25525.0
2024-07-01 02:54:00,1719802440.0,0.478,0.478,0.4778,0.4779,138582.0
2024-07-01 02:55:00,1719802500.0,0.4779,0.478,0.4776,0.4776,152975.0
2024-07-01 02:56:00,1719802560.0,0.4777,0.4778,0.4776,0.4777,38169.0
2024-07-01 02:57:00,1719802620.0,0.4778,0.4779,0.4778,0.4779,67489.0
2024-07-01 02:58:00,1719802680.0,0.4778,0.478,0.4778,0.478,14902.0
2024-07-01 02:59:00,1719802740.0,0.4779,0.478,0.4779,0.478,14136.0
2024-07-01 03:00:00,1719802800.0,0.4779,0.478,0.4778,0.4779,58500.0
2024-07-01 03:01:00,1719802860.0,0.4779,0.478,0.4778,0.478,24175.0
2024-07-01 03:02:00,1719802920.0,0.4779,0.478,0.4778,0.4779,49345.0
2024-07-01 03:03:00,1719802980.0,0.478,0.4781,0.4779,0.478,79379.0
2024-07-01 03:04:00,1719803040.0,0.478,0.4781,0.478,0.4781,14989.0
2024-07-01 03:05:00,1719803100.0,0.4781,0.4783,0.4781,0.4782,109753.0
2024-07-01 03:06:00,1719803160.0,0.4781,0.4782,0.478,0.4781,61982.0
2024-07-01 03:07:00,1719803220.0,0.4781,0.4782,0.478,0.4781,40182.0
2024-07-01 03:08:00,1719803280.0,0.4781,0.4782,0.4781,0.4782,19934.0
2024-07-01 03:09:00,1719803340.0,0.4782,0.4782,0.4781,0.4781,11540.0
2024-07-01 03:10:00,1719803400.0,0.4782,0.4784,0.4782,0.4784,54640.0
2024-07-01 03:11:00,1719803460.0,0.4784,0.4784,0.4783,0.4783,17932.0
2024-07-01 03:12:00,1719803520.0,0.4784,0.4784,0.4781,0.4781,66785.0
2024-07-01 03:13:00,1719803580.0,0.4782,0.4782,0.4781,0.4781,40085.0
2024-07-01 03:14:00,1719803640.0,0.4781,0.4781,0.478,0.4781,7624.0
2024-07-01 03:15:00,1719803700.0,0.478,0.4783,0.478,0.4782,79797.0
2024-07-01 03:16:00,1719803760.0,0.4782,0.4782,0.478,0.478,14060.0
2024-07-01 03:17:00,1719803820.0,0.4781,0.4781,0.478,0.4781,5009.0
2024-07-01 03:18:00,1719803880.0,0.478,0.4781,0.478,0.4781,6444.0
2024-07-01 03:19:00,1719803940.0,0.478,0.4781,0.478,0.4781,7872.0
2024-07-01 03:20:00,1719804000.0,0.478,0.4782,0.478,0.4782,36883.0
2024-07-01 03:21:00,1719804060.0,0.4781,0.4782,0.4781,0.4782,11494.0
2024-07-01 03:22:00,1719804120.0,0.4781,0.4782,0.4781,0.4781,6988.0
2024-07-01 03:23:00,1719804180.0,0.4781,0.4782,0.4781,0.4781,7620.0
2024-07-01 03:24:00,1719804240.0,0.4782,0.4782,0.4781,0.4782,9826.0
2024-07-01 03:25:00,1719804300.0,0.4781,0.4782,0.4781,0.4782,17611.0
2024-07-01 03:26:00,1719804360.0,0.4782,0.4783,0.4781,0.4783,22699.0
2024-07-01 03:27:00,1719804420.0,0.4783,0.4783,0.4782,0.4782,24972.0
2024-07-01 03:28:00,1719804480.0,0.4783,0.4783,0.4782,0.4782,16887.0
2024-07-01 03:29:00,1719804540.0,0.4782,0.4783,0.4782,0.4783,11492.0
2024-07-01 03:30:00,1719804600.0,0.4783,0.4783,0.478,0.478,89979.0
2024-07-01 03:31:00,1719804660.0,0.478,0.4781,0.4779,0.4781,109031.0
2024-07-01 03:32:00,1719804720.0,0.478,0.4781,0.478,0.478,41915.0
2024-07-01 03:33:00,1719804780.0,0.478,0.4781,0.4779,0.4781,105690.0
2024-07-01 03:34:00,1719804840.0,0.4781,0.4782,0.4781,0.4782,17020.0
2024-07-01 03:35:00,1719804900.0,0.4782,0.4782,0.4779,0.4779,113484.0
2024-07-01 03:36:00,1719804960.0,0.4779,0.4779,0.4777,0.4777,93143.0
2024-07-01 03:37:00,1719805020.0,0.4778,0.4779,0.4774,0.4779,163128.0
2024-07-01 03:38:00,1719805080.0,0.4779,0.4779,0.4777,0.4777,35741.0
2024-07-01 03:39:00,1719805140.0,0.4777,0.4778,0.4777,0.4777,61321.0
2024-07-01 03:40:00,1719805200.0,0.4777,0.478,0.4777,0.478,83875.0
2024-07-01 03:41:00,1719805260.0,0.4779,0.478,0.4777,0.4777,88020.0
2024-07-01 03:42:00,1719805320.0,0.4778,0.4778,0.4777,0.4778,35656.0
2024-07-01 03:43:00,1719805380.0,0.4777,0.4779,0.4777,0.4779,51300.0
2024-07-01 03:44:00,1719805440.0,0.4779,0.4779,0.4778,0.4779,45611.0
2024-07-01 03:45:00,1719805500.0,0.4778,0.4782,0.4778,0.4781,229284.0
2024-07-01 03:46:00,1719805560.0,0.4782,0.4782,0.4781,0.4782,7834.0
2024-07-01 03:47:00,1719805620.0,0.4782,0.4782,0.4781,0.4782,6745.0
2024-07-01 03:48:00,1719805680.0,0.4781,0.4783,0.4781,0.4783,25334.0
2024-07-01 03:49:00,1719805740.0,0.4782,0.4783,0.4782,0.4783,32212.0
2024-07-01 03:50:00,1719805800.0,0.4782,0.4783,0.4782,0.4783,10308.0
2024-07-01 03:51:00,1719805860.0,0.4782,0.4784,0.4782,0.4783,118410.0
2024-07-01 03:52:00,1719805920.0,0.4782,0.4792,0.4782,0.4791,1073569.0
2024-07-01 03:53:00,1719805980.0,0.4791,0.4794,0.4789,0.4789,272147.0
2024-07-01 03:54:00,1719806040.0,0.4789,0.479,0.4788,0.4788,73588.0
2024-07-01 03:55:00,1719806100.0,0.4788,0.4789,0.4788,0.4789,18409.0
2024-07-01 03:56:00,1719806160.0,0.4788,0.4789,0.4786,0.4787,85230.0
2024-07-01 03:57:00,1719806220.0,0.4787,0.4787,0.4786,0.4787,80299.0
2024-07-01 03:58:00,1719806280.0,0.4786,0.4787,0.4786,0.4787,10572.0
2024-07-01 03:59:00,1719806340.0,0.4786,0.4787,0.4786,0.4787,54125.0
2024-07-01 04:00:00,1719806400.0,0.4786,0.4788,0.4786,0.4786,69443.0
2024-07-01 04:01:00,1719806460.0,0.4787,0.4787,0.4784,0.4785,46652.0
2024-07-01 04:02:00,1719806520.0,0.4784,0.4785,0.4784,0.4784,12189.0
2024-07-01 04:03:00,1719806580.0,0.4784,0.4785,0.4784,0.4785,46148.0
2024-07-01 04:04:00,1719806640.0,0.4785,0.4785,0.4783,0.4784,94475.0
2024-07-01 04:05:00,1719806700.0,0.4784,0.4785,0.4784,0.4785,35508.0
2024-07-01 04:06:00,1719806760.0,0.4784,0.4787,0.4784,0.4787,236582.0
2024-07-01 04:07:00,1719806820.0,0.4786,0.4788,0.4786,0.4788,57514.0
2024-07-01 04:08:00,1719806880.0,0.4787,0.4791,0.4787,0.479,157958.0
2024-07-01 04:09:00,1719806940.0,0.4791,0.4792,0.479,0.4792,70689.0
2024-07-01 04:10:00,1719807000.0,0.4792,0.4792,0.4789,0.4789,41742.0
2024-07-01 04:11:00,1719807060.0,0.479,0.479,0.4789,0.479,27238.0
2024-07-01 04:12:00,1719807120.0,0.479,0.479,0.4789,0.479,26052.0
2024-07-01 04:13:00,1719807180.0,0.4789,0.479,0.4788,0.4789,59614.0
2024-07-01 04:14:00,1719807240.0,0.4788,0.4789,0.4788,0.4789,15415.0
2024-07-01 04:15:00,1719807300.0,0.4789,0.479,0.4788,0.4789,110323.0
2024-07-01 04:16:00,1719807360.0,0.4789,0.479,0.4788,0.4789,37298.0
2024-07-01 04:17:00,1719807420.0,0.4789,0.4789,0.4787,0.4788,31951.0
2024-07-01 04:18:00,1719807480.0,0.4788,0.4788,0.4786,0.4786,28858.0
2024-07-01 04:19:00,1719807540.0,0.4786,0.4787,0.4785,0.4786,43950.0
2024-07-01 04:20:00,1719807600.0,0.4786,0.4788,0.4785,0.4788,81613.0
2024-07-01 04:21:00,1719807660.0,0.4787,0.4788,0.4786,0.4786,95015.0
2024-07-01 04:22:00,1719807720.0,0.4786,0.4787,0.4784,0.4784,88708.0
2024-07-01 04:23:00,1719807780.0,0.4784,0.4784,0.4783,0.4783,15500.0
2024-07-01 04:24:00,1719807840.0,0.4784,0.4785,0.4784,0.4784,30836.0
2024-07-01 04:25:00,1719807900.0,0.4785,0.4785,0.4783,0.4783,48450.0
2024-07-01 04:26:00,1719807960.0,0.4783,0.4785,0.4783,0.4785,56943.0
2024-07-01 04:27:00,1719808020.0,0.4784,0.4785,0.4783,0.4784,52370.0
2024-07-01 04:28:00,1719808080.0,0.4783,0.4784,0.4783,0.4783,20175.0
2024-07-01 04:29:00,1719808140.0,0.4783,0.4784,0.4782,0.4782,29185.0
2024-07-01 04:30:00,1719808200.0,0.4783,0.4783,0.4782,0.4782,39741.0
2024-07-01 04:31:00,1719808260.0,0.4782,0.4783,0.478,0.478,54310.0
2024-07-01 04:32:00,1719808320.0,0.4781,0.4781,0.478,0.478,36951.0
2024-07-01 04:33:00,1719808380.0,0.4781,0.4782,0.478,0.4782,37581.0
2024-07-01 04:34:00,1719808440.0,0.4781,0.4782,0.4781,0.4782,12530.0
2024-07-01 04:35:00,1719808500.0,0.4781,0.4782,0.4781,0.4782,23286.0
2024-07-01 04:36:00,1719808560.0,0.4782,0.4782,0.478,0.478,65322.0
2024-07-01 04:37:00,1719808620.0,0.478,0.478,0.4779,0.478,26334.0
2024-07-01 04:38:00,1719808680.0,0.478,0.4781,0.4779,0.478,38422.0
2024-07-01 04:39:00,1719808740.0,0.478,0.4781,0.478,0.4781,6173.0
2024-07-01 04:40:00,1719808800.0,0.4781,0.4783,0.478,0.4782,63045.0
2024-07-01 04:41:00,1719808860.0,0.4782,0.4783,0.4782,0.4783,30947.0
2024-07-01 04:42:00,1719808920.0,0.4782,0.4783,0.4782,0.4783,6485.0
2024-07-01 04:43:00,1719808980.0,0.4783,0.4783,0.4782,0.4783,22437.0
2024-07-01 04:44:00,1719809040.0,0.4783,0.4783,0.4782,0.4783,13344.0
2024-07-01 04:45:00,1719809100.0,0.4782,0.4784,0.4782,0.4784,79453.0
2024-07-01 04:46:00,1719809160.0,0.4783,0.4784,0.4783,0.4784,17901.0
2024-07-01 04:47:00,1719809220.0,0.4783,0.4785,0.4783,0.4784,65249.0
2024-07-01 04:48:00,1719809280.0,0.4785,0.4786,0.4785,0.4786,24762.0
2024-07-01 04:49:00,1719809340.0,0.4785,0.4785,0.4784,0.4784,123660.0
2024-07-01 04:50:00,1719809400.0,0.4783,0.4784,0.4783,0.4783,52213.0
2024-07-01 04:51:00,1719809460.0,0.4783,0.4784,0.4783,0.4783,23818.0
2024-07-01 04:52:00,1719809520.0,0.4784,0.4784,0.4783,0.4783,13655.0
2024-07-01 04:53:00,1719809580.0,0.4783,0.4784,0.4783,0.4784,13147.0
2024-07-01 04:54:00,1719809640.0,0.4784,0.4784,0.4783,0.4784,26512.0
2024-07-01 04:55:00,1719809700.0,0.4783,0.4784,0.4783,0.4784,16134.0
2024-07-01 04:56:00,1719809760.0,0.4784,0.4784,0.4783,0.4783,13805.0
2024-07-01 04:57:00,1719809820.0,0.4784,0.4784,0.4783,0.4784,11181.0
2024-07-01 04:58:00,1719809880.0,0.4784,0.4784,0.4783,0.4784,44505.0
2024-07-01 04:59:00,1719809940.0,0.4783,0.4784,0.4783,0.4784,36250.0
2024-07-01 05:00:00,1719810000.0,0.4784,0.4785,0.4783,0.4785,248129.0
2024-07-01 05:01:00,1719810060.0,0.4784,0.4785,0.4784,0.4784,5571.0
2024-07-01 05:02:00,1719810120.0,0.4784,0.4785,0.4784,0.4784,14883.0
2024-07-01 05:03:00,1719810180.0,0.4784,0.4785,0.4784,0.4785,26941.0
2024-07-01 05:04:00,1719810240.0,0.4785,0.4785,0.4784,0.4784,54365.0
2024-07-01 05:05:00,1719810300.0,0.4784,0.4785,0.4784,0.4785,16902.0
2024-07-01 05:06:00,1719810360.0,0.4785,0.4785,0.4784,0.4784,23997.0
2024-07-01 05:07:00,1719810420.0,0.4785,0.4785,0.4784,0.4785,8635.0
2024-07-01 05:08:00,1719810480.0,0.4785,0.4785,0.4784,0.4785,7787.0
2024-07-01 05:09:00,1719810540.0,0.4784,0.4786,0.4784,0.4786,59464.0
2024-07-01 05:10:00,1719810600.0,0.4786,0.4786,0.4785,0.4785,34547.0
2024-07-01 05:11:00,1719810660.0,0.4785,0.4786,0.4785,0.4785,32898.0
2024-07-01 05:12:00,1719810720.0,0.4785,0.4786,0.4785,0.4785,31870.0
2024-07-01 05:13:00,1719810780.0,0.4785,0.4786,0.4785,0.4786,16646.0
2024-07-01 05:14:00,1719810840.0,0.4785,0.4786,0.4785,0.4785,18157.0
2024-07-01 05:15:00,1719810900.0,0.4785,0.4786,0.4785,0.4786,31500.0
2024-07-01 05:16:00,1719810960.0,0.4786,0.4786,0.4785,0.4785,31430.0
2024-07-01 05:17:00,1719811020.0,0.4786,0.4786,0.4785,0.4785,26934.0
2024-07-01 05:18:00,1719811080.0,0.4786,0.4786,0.4785,0.4785,6928.0
2024-07-01 05:19:00,1719811140.0,0.4786,0.4789,0.4785,0.4789,246682.0
2024-07-01 05:20:00,1719811200.0,0.4789,0.4791,0.4788,0.4791,182142.0
2024-07-01 05:21:00,1719811260.0,0.4791,0.4794,0.479,0.4793,334936.0
2024-07-01 05:22:00,1719811320.0,0.4793,0.4794,0.4791,0.4793,237395.0
2024-07-01 05:23:00,1719811380.0,0.4793,0.4794,0.4789,0.479,154027.0
2024-07-01 05:24:00,1719811440.0,0.479,0.479,0.4789,0.4789,25573.0
2024-07-01 05:25:00,1719811500.0,0.479,0.479,0.4787,0.4787,57049.0
2024-07-01 05:26:00,1719811560.0,0.4788,0.4788,0.4786,0.4786,70722.0
2024-07-01 05:27:00,1719811620.0,0.4785,0.4785,0.4784,0.4784,34721.0
2024-07-01 05:28:00,1719811680.0,0.4785,0.4785,0.4784,0.4785,8956.0
2024-07-01 05:29:00,1719811740.0,0.4784,0.479,0.4784,0.479,184818.0
2024-07-01 05:30:00,1719811800.0,0.4789,0.479,0.4789,0.479,127151.0
2024-07-01 05:31:00,1719811860.0,0.479,0.479,0.4787,0.4789,79756.0
2024-07-01 05:32:00,1719811920.0,0.4789,0.479,0.4788,0.4788,76933.0
2024-07-01 05:33:00,1719811980.0,0.4788,0.4789,0.4787,0.4788,34368.0
2024-07-01 05:34:00,1719812040.0,0.4788,0.4788,0.4787,0.4788,4667.0
2024-07-01 05:35:00,1719812100.0,0.4788,0.4789,0.4786,0.4789,247663.0
2024-07-01 05:36:00,1719812160.0,0.4789,0.4789,0.4788,0.4788,21803.0
2024-07-01 05:37:00,1719812220.0,0.4789,0.479,0.4789,0.479,44422.0
2024-07-01 05:38:00,1719812280.0,0.4789,0.479,0.4788,0.4788,63454.0
2024-07-01 05:39:00,1719812340.0,0.4789,0.479,0.4788,0.4789,47312.0
2024-07-01 05:40:00,1719812400.0,0.479,0.479,0.4789,0.4789,33354.0
2024-07-01 05:41:00,1719812460.0,0.479,0.479,0.4789,0.479,42448.0
2024-07-01 05:42:00,1719812520.0,0.479,0.479,0.4787,0.4787,78937.0
2024-07-01 05:43:00,1719812580.0,0.4788,0.4788,0.4786,0.4787,20899.0
2024-07-01 05:44:00,1719812640.0,0.4787,0.4787,0.4786,0.4787,17936.0
2024-07-01 05:45:00,1719812700.0,0.4787,0.4788,0.4786,0.4788,38179.0
2024-07-01 05:46:00,1719812760.0,0.4788,0.4788,0.4786,0.4786,60382.0
2024-07-01 05:47:00,1719812820.0,0.4786,0.4787,0.4785,0.4785,37835.0
2024-07-01 05:48:00,1719812880.0,0.4785,0.4785,0.4784,0.4784,30315.0
2024-07-01 05:49:00,1719812940.0,0.4784,0.4785,0.4784,0.4784,6858.0
2024-07-01 05:50:00,1719813000.0,0.4784,0.4785,0.4784,0.4784,15001.0
2024-07-01 05:51:00,1719813060.0,0.4785,0.4785,0.4784,0.4785,22414.0
2024-07-01 05:52:00,1719813120.0,0.4785,0.4785,0.4784,0.4784,18547.0
2024-07-01 05:53:00,1719813180.0,0.4784,0.4785,0.4784,0.4785,21146.0
2024-07-01 05:54:00,1719813240.0,0.4784,0.4785,0.4784,0.4784,13235.0
2024-07-01 05:55:00,1719813300.0,0.4785,0.4785,0.4784,0.4784,13882.0
2024-07-01 05:56:00,1719813360.0,0.4784,0.4785,0.4784,0.4784,20924.0
2024-07-01 05:57:00,1719813420.0,0.4785,0.4785,0.4784,0.4785,34693.0
2024-07-01 05:58:00,1719813480.0,0.4785,0.4786,0.4784,0.4786,24671.0
2024-07-01 05:59:00,1719813540.0,0.4786,0.4786,0.4785,0.4785,28143.0
2024-07-01 06:00:00,1719813600.0,0.4785,0.4786,0.4785,0.4785,26577.0
2024-07-01 06:01:00,1719813660.0,0.4785,0.4786,0.4784,0.4785,125605.0
2024-07-01 06:02:00,1719813720.0,0.4784,0.4785,0.4784,0.4784,42400.0
2024-07-01 06:03:00,1719813780.0,0.4784,0.4785,0.4784,0.4785,12125.0
2024-07-01 06:04:00,1719813840.0,0.4785,0.4785,0.4783,0.4784,42771.0
2024-07-01 06:05:00,1719813900.0,0.4784,0.4785,0.4783,0.4785,64709.0
2024-07-01 06:06:00,1719813960.0,0.4785,0.4786,0.4785,0.4786,18412.0
2024-07-01 06:07:00,1719814020.0,0.4785,0.4786,0.4785,0.4785,7849.0
2024-07-01 06:08:00,1719814080.0,0.4786,0.4786,0.4784,0.4784,45772.0
2024-07-01 06:09:00,1719814140.0,0.4784,0.4785,0.4784,0.4785,18751.0
2024-07-01 06:10:00,1719814200.0,0.4785,0.4785,0.4784,0.4784,156358.0
2024-07-01 06:11:00,1719814260.0,0.4784,0.4785,0.4783,0.4784,165413.0
2024-07-01 06:12:00,1719814320.0,0.4783,0.4785,0.4783,0.4784,219017.0
2024-07-01 06:13:00,1719814380.0,0.4784,0.4785,0.4784,0.4784,50325.0
2024-07-01 06:14:00,1719814440.0,0.4784,0.4785,0.4784,0.4785,14574.0
2024-07-01 06:15:00,1719814500.0,0.4784,0.4785,0.4783,0.4783,178032.0
2024-07-01 06:16:00,1719814560.0,0.4783,0.4784,0.4782,0.4782,137585.0
2024-07-01 06:17:00,1719814620.0,0.4782,0.4783,0.4782,0.4782,7770.0
2024-07-01 06:18:00,1719814680.0,0.4783,0.4783,0.4782,0.4782,63262.0
2024-07-01 06:19:00,1719814740.0,0.4782,0.4783,0.4781,0.4781,190762.0
2024-07-01 06:20:00,1719814800.0,0.4781,0.4782,0.478,0.478,96954.0
2024-07-01 06:21:00,1719814860.0,0.4781,0.4783,0.478,0.4783,592733.0
2024-07-01 06:22:00,1719814920.0,0.4782,0.4783,0.4781,0.4781,242157.0
2024-07-01 06:23:00,1719814980.0,0.4781,0.4782,0.478,0.478,270900.0
2024-07-01 06:24:00,1719815040.0,0.478,0.4781,0.4779,0.4779,196114.0
2024-07-01 06:25:00,1719815100.0,0.4779,0.478,0.4779,0.478,132697.0
2024-07-01 06:26:00,1719815160.0,0.4779,0.478,0.4779,0.4779,17924.0
2024-07-01 06:27:00,1719815220.0,0.4779,0.478,0.4778,0.4778,253557.0
2024-07-01 06:28:00,1719815280.0,0.4778,0.4779,0.4776,0.4776,216446.0
2024-07-01 06:29:00,1719815340.0,0.4776,0.4777,0.4775,0.4775,243787.0
2024-07-01 06:30:00,1719815400.0,0.4776,0.4776,0.4775,0.4776,304650.0
2024-07-01 06:31:00,1719815460.0,0.4775,0.4776,0.4774,0.4775,155052.0
2024-07-01 06:32:00,1719815520.0,0.4774,0.4775,0.4774,0.4774,119579.0
2024-07-01 06:33:00,1719815580.0,0.4774,0.4775,0.4774,0.4774,106309.0
2024-07-01 06:34:00,1719815640.0,0.4774,0.4775,0.4773,0.4773,203984.0
2024-07-01 06:35:00,1719815700.0,0.4774,0.4774,0.4773,0.4773,132222.0
2024-07-01 06:36:00,1719815760.0,0.4773,0.4774,0.4773,0.4773,178117.0
2024-07-01 06:37:00,1719815820.0,0.4773,0.4774,0.4773,0.4774,261045.0
2024-07-01 06:38:00,1719815880.0,0.4774,0.4774,0.4773,0.4773,182339.0
2024-07-01 06:39:00,1719815940.0,0.4773,0.4774,0.4773,0.4774,215797.0
2024-07-01 06:40:00,1719816000.0,0.4773,0.4774,0.4773,0.4773,207384.0
2024-07-01 06:41:00,1719816060.0,0.4773,0.4774,0.477,0.477,561328.0
2024-07-01 06:42:00,1719816120.0,0.477,0.4771,0.4769,0.4769,374993.0
2024-07-01 06:43:00,1719816180.0,0.477,0.477,0.4768,0.477,1235521.0
2024-07-01 06:44:00,1719816240.0,0.477,0.4771,0.4769,0.4769,254631.0
2024-07-01 06:45:00,1719816300.0,0.477,0.477,0.4769,0.4769,80195.0
2024-07-01 06:46:00,1719816360.0,0.4769,0.477,0.4768,0.4768,111285.0
2024-07-01 06:47:00,1719816420.0,0.4768,0.4769,0.4768,0.4769,71747.0
2024-07-01 06:48:00,1719816480.0,0.4769,0.4769,0.4768,0.4768,12100.0
2024-07-01 06:49:00,1719816540.0,0.4769,0.4769,0.4768,0.4769,9722.0
2024-07-01 06:50:00,1719816600.0,0.4768,0.4771,0.4768,0.477,401495.0
2024-07-01 06:51:00,1719816660.0,0.477,0.4779,0.477,0.4779,322203.0
2024-07-01 06:52:00,1719816720.0,0.4778,0.478,0.4778,0.478,252941.0
2024-07-01 06:53:00,1719816780.0,0.4779,0.478,0.4779,0.478,315070.0
2024-07-01 06:54:00,1719816840.0,0.478,0.4782,0.478,0.4781,278795.0
2024-07-01 06:55:00,1719816900.0,0.4782,0.4783,0.4781,0.4783,193974.0
2024-07-01 06:56:00,1719816960.0,0.4783,0.4784,0.4782,0.4784,272284.0
2024-07-01 06:57:00,1719817020.0,0.4784,0.4785,0.4783,0.4784,445517.0
2024-07-01 06:58:00,1719817080.0,0.4784,0.4786,0.4783,0.4785,388395.0
2024-07-01 06:59:00,1719817140.0,0.4786,0.4786,0.4785,0.4785,367660.0
2024-07-01 07:00:00,1719817200.0,0.4785,0.4786,0.4785,0.4785,346756.0
2024-07-01 07:01:00,1719817260.0,0.4785,0.4787,0.4785,0.4786,376294.0
2024-07-01 07:02:00,1719817320.0,0.4786,0.4786,0.4784,0.4785,692718.0
2024-07-01 07:03:00,1719817380.0,0.4784,0.4787,0.4784,0.4786,507515.0
2024-07-01 07:04:00,1719817440.0,0.4786,0.4787,0.4786,0.4787,282318.0
2024-07-01 07:05:00,1719817500.0,0.4787,0.4788,0.4787,0.4787,577270.0
2024-07-01 07:06:00,1719817560.0,0.4787,0.4788,0.4786,0.4786,324079.0
2024-07-01 07:07:00,1719817620.0,0.4787,0.4787,0.4786,0.4786,105853.0
2024-07-01 07:08:00,1719817680.0,0.4786,0.4787,0.4783,0.4783,387918.0
2024-07-01 07:09:00,1719817740.0,0.4783,0.4784,0.4782,0.4782,285435.0
2024-07-01 07:10:00,1719817800.0,0.4782,0.4782,0.478,0.4781,1129448.0
2024-07-01 07:11:00,1719817860.0,0.4781,0.4787,0.4781,0.4785,251513.0
2024-07-01 07:12:00,1719817920.0,0.4786,0.4786,0.4785,0.4786,24275.0
2024-07-01 07:13:00,1719817980.0,0.4786,0.4786,0.4785,0.4785,80785.0
2024-07-01 07:14:00,1719818040.0,0.4786,0.4786,0.4785,0.4786,27508.0
2024-07-01 07:15:00,1719818100.0,0.4786,0.4786,0.4785,0.4785,38765.0
2024-07-01 07:16:00,1719818160.0,0.4785,0.4786,0.4785,0.4785,61368.0
2024-07-01 07:17:00,1719818220.0,0.4785,0.4786,0.4785,0.4785,136269.0
2024-07-01 07:18:00,1719818280.0,0.4785,0.4786,0.4783,0.4784,290133.0
2024-07-01 07:19:00,1719818340.0,0.4783,0.4784,0.4781,0.4782,177293.0
2024-07-01 07:20:00,1719818400.0,0.4782,0.4782,0.4781,0.4781,280611.0
2024-07-01 07:21:00,1719818460.0,0.4781,0.4782,0.478,0.478,202806.0
2024-07-01 07:22:00,1719818520.0,0.478,0.4781,0.478,0.478,209312.0
2024-07-01 07:23:00,1719818580.0,0.478,0.4781,0.478,0.4781,141655.0
2024-07-01 07:24:00,1719818640.0,0.478,0.478,0.4779,0.478,116637.0
2024-07-01 07:25:00,1719818700.0,0.478,0.478,0.4779,0.4779,143365.0
2024-07-01 07:26:00,1719818760.0,0.4779,0.4782,0.4779,0.4782,626541.0
2024-07-01 07:27:00,1719818820.0,0.4781,0.4782,0.4781,0.4781,34613.0
2024-07-01 07:28:00,1719818880.0,0.4781,0.4806,0.478,0.4795,2337649.0
2024-07-01 07:29:00,1719818940.0,0.4795,0.4799,0.4794,0.4799,746528.0
2024-07-01 07:30:00,1719819000.0,0.4798,0.4802,0.4798,0.4802,342846.0
2024-07-01 07:31:00,1719819060.0,0.4803,0.481,0.4803,0.4809,361075.0
2024-07-01 07:32:00,1719819120.0,0.4809,0.4814,0.4809,0.4812,624203.0
2024-07-01 07:33:00,1719819180.0,0.4813,0.4814,0.4813,0.4814,279631.0
2024-07-01 07:34:00,1719819240.0,0.4814,0.4817,0.4813,0.4816,245408.0
2024-07-01 07:35:00,1719819300.0,0.4817,0.4821,0.4816,0.482,768555.0
2024-07-01 07:36:00,1719819360.0,0.482,0.4822,0.482,0.4821,260834.0
2024-07-01 07:37:00,1719819420.0,0.4821,0.4823,0.4821,0.4822,169044.0
2024-07-01 07:38:00,1719819480.0,0.4822,0.4823,0.4821,0.4821,235540.0
2024-07-01 07:39:00,1719819540.0,0.4821,0.4822,0.4809,0.4809,347944.0
2024-07-01 07:40:00,1719819600.0,0.4809,0.481,0.48,0.48,485321.0
2024-07-01 07:41:00,1719819660.0,0.48,0.4805,0.48,0.4805,217276.0
2024-07-01 07:42:00,1719819720.0,0.4804,0.4808,0.4804,0.4805,191778.0
2024-07-01 07:43:00,1719819780.0,0.4805,0.4807,0.4805,0.4807,27037.0
2024-07-01 07:44:00,1719819840.0,0.4807,0.4807,0.4806,0.4806,18532.0
2024-07-01 07:45:00,1719819900.0,0.4807,0.4807,0.4806,0.4807,44967.0
2024-07-01 07:46:00,1719819960.0,0.4806,0.4813,0.4806,0.4812,345304.0
2024-07-01 07:47:00,1719820020.0,0.4812,0.4813,0.4812,0.4812,11866.0
2024-07-01 07:48:00,1719820080.0,0.4813,0.4813,0.4811,0.4811,47421.0
2024-07-01 07:49:00,1719820140.0,0.4811,0.4811,0.4807,0.4807,44452.0
2024-07-01 07:50:00,1719820200.0,0.4808,0.4808,0.4803,0.4803,84495.0
2024-07-01 07:51:00,1719820260.0,0.4804,0.4804,0.4801,0.4801,27205.0
2024-07-01 07:52:00,1719820320.0,0.4802,0.4805,0.4802,0.4803,142045.0
2024-07-01 07:53:00,1719820380.0,0.4803,0.4805,0.4803,0.4804,241268.0
2024-07-01 07:54:00,1719820440.0,0.4804,0.4805,0.4803,0.4804,41020.0
2024-07-01 07:55:00,1719820500.0,0.4803,0.4803,0.4797,0.48,398928.0
2024-07-01 07:56:00,1719820560.0,0.48,0.4801,0.4798,0.4798,131604.0
2024-07-01 07:57:00,1719820620.0,0.4798,0.4799,0.4795,0.4797,193932.0
2024-07-01 07:58:00,1719820680.0,0.4798,0.4799,0.4797,0.4798,35240.0
2024-07-01 07:59:00,1719820740.0,0.4798,0.4801,0.4798,0.48,136263.0
2024-07-01 08:00:00,1719820800.0,0.4801,0.4801,0.4797,0.48,120942.0
2024-07-01 08:01:00,1719820860.0,0.48,0.4801,0.4799,0.4801,96155.0
2024-07-01 08:02:00,1719820920.0,0.4801,0.4804,0.4801,0.4804,170751.0
2024-07-01 08:03:00,1719820980.0,0.4804,0.4804,0.4799,0.4799,219951.0
2024-07-01 08:04:00,1719821040.0,0.48,0.4802,0.4799,0.4801,91789.0
2024-07-01 08:05:00,1719821100.0,0.4802,0.4802,0.4799,0.48,138341.0
2024-07-01 08:06:00,1719821160.0,0.48,0.4808,0.48,0.4805,233938.0
2024-07-01 08:07:00,1719821220.0,0.4805,0.4806,0.4803,0.4805,213479.0
2024-07-01 08:08:00,1719821280.0,0.4805,0.4805,0.4804,0.4805,27794.0
2024-07-01 08:09:00,1719821340.0,0.4804,0.4808,0.4804,0.4806,99291.0
2024-07-01 08:10:00,1719821400.0,0.4806,0.4807,0.4798,0.4802,1276208.0
2024-07-01 08:11:00,1719821460.0,0.4802,0.4802,0.4799,0.4799,74646.0
2024-07-01 08:12:00,1719821520.0,0.4799,0.4799,0.4797,0.4798,170297.0
2024-07-01 08:13:00,1719821580.0,0.4797,0.4798,0.4795,0.4796,25968.0
2024-07-01 08:14:00,1719821640.0,0.4796,0.48,0.4796,0.48,156608.0
2024-07-01 08:15:00,1719821700.0,0.4799,0.48,0.4796,0.4797,44831.0
2024-07-01 08:16:00,1719821760.0,0.4796,0.4798,0.4796,0.4798,26699.0
2024-07-01 08:17:00,1719821820.0,0.4798,0.4799,0.4797,0.4799,26509.0
2024-07-01 08:18:00,1719821880.0,0.4799,0.4801,0.4798,0.4799,253234.0
2024-07-01 08:19:00,1719821940.0,0.48,0.4801,0.4799,0.48,50739.0
2024-07-01 08:20:00,1719822000.0,0.48,0.4801,0.4794,0.4794,168766.0
2024-07-01 08:21:00,1719822060.0,0.4795,0.4795,0.4791,0.4792,51506.0
2024-07-01 08:22:00,1719822120.0,0.4792,0.4792,0.4789,0.4792,129356.0
2024-07-01 08:23:00,1719822180.0,0.4792,0.4792,0.4788,0.4789,127290.0
2024-07-01 08:24:00,1719822240.0,0.479,0.4794,0.479,0.4794,306345.0
2024-07-01 08:25:00,1719822300.0,0.4794,0.4796,0.4792,0.4795,182257.0
2024-07-01 08:26:00,1719822360.0,0.4795,0.4798,0.4795,0.4798,41698.0
2024-07-01 08:27:00,1719822420.0,0.4798,0.4798,0.4797,0.4798,25738.0
2024-07-01 08:28:00,1719822480.0,0.4798,0.4799,0.4798,0.4799,59673.0
2024-07-01 08:29:00,1719822540.0,0.4798,0.4799,0.4796,0.4797,42652.0
2024-07-01 08:30:00,1719822600.0,0.4797,0.4797,0.4793,0.4796,259899.0
2024-07-01 08:31:00,1719822660.0,0.4796,0.4797,0.4796,0.4797,9646.0
2024-07-01 08:32:00,1719822720.0,0.4796,0.4798,0.4796,0.4797,156548.0
2024-07-01 08:33:00,1719822780.0,0.4797,0.4799,0.4796,0.4799,52491.0
2024-07-01 08:34:00,1719822840.0,0.4798,0.48,0.4798,0.48,26748.0
2024-07-01 08:35:00,1719822900.0,0.48,0.48,0.4799,0.4799,8895.0
2024-07-01 08:36:00,1719822960.0,0.48,0.48,0.4797,0.4798,143838.0
2024-07-01 08:37:00,1719823020.0,0.4797,0.4797,0.4793,0.4793,131104.0
2024-07-01 08:38:00,1719823080.0,0.4793,0.4796,0.4791,0.4795,355306.0
2024-07-01 08:39:00,1719823140.0,0.4795,0.4796,0.4795,0.4796,79281.0
2024-07-01 08:40:00,1719823200.0,0.4795,0.4795,0.4787,0.4787,110846.0
2024-07-01 08:41:00,1719823260.0,0.4788,0.4788,0.4786,0.4786,107581.0
2024-07-01 08:42:00,1719823320.0,0.4787,0.479,0.4787,0.4787,104214.0
2024-07-01 08:43:00,1719823380.0,0.4787,0.4788,0.4785,0.4787,75021.0
2024-07-01 08:44:00,1719823440.0,0.4787,0.4791,0.4787,0.479,133746.0
2024-07-01 08:45:00,1719823500.0,0.4791,0.4794,0.4791,0.4794,58028.0
2024-07-01 08:46:00,1719823560.0,0.4794,0.4796,0.4793,0.4796,124712.0
2024-07-01 08:47:00,1719823620.0,0.4795,0.48,0.4795,0.4799,87973.0
2024-07-01 08:48:00,1719823680.0,0.48,0.48,0.4798,0.4798,35862.0
2024-07-01 08:49:00,1719823740.0,0.4798,0.4799,0.4796,0.4799,295410.0
2024-07-01 08:50:00,1719823800.0,0.4799,0.4799,0.4798,0.4799,22561.0
2024-07-01 08:51:00,1719823860.0,0.4799,0.4803,0.4799,0.4803,72399.0
2024-07-01 08:52:00,1719823920.0,0.4802,0.4804,0.4802,0.4803,39248.0
2024-07-01 08:53:00,1719823980.0,0.4804,0.4805,0.4803,0.4804,93112.0
2024-07-01 08:54:00,1719824040.0,0.4804,0.4805,0.48,0.48,161509.0
2024-07-01 08:55:00,1719824100.0,0.4799,0.4801,0.4799,0.48,103291.0
2024-07-01 08:56:00,1719824160.0,0.48,0.4802,0.48,0.4802,48302.0
2024-07-01 08:57:00,1719824220.0,0.4801,0.4801,0.4799,0.48,79900.0
2024-07-01 08:58:00,1719824280.0,0.4799,0.4801,0.4799,0.4801,26558.0
2024-07-01 08:59:00,1719824340.0,0.4801,0.4801,0.4799,0.48,54548.0
2024-07-01 09:00:00,1719824400.0,0.48,0.4802,0.48,0.4801,225450.0
2024-07-01 09:01:00,1719824460.0,0.4802,0.4803,0.4801,0.4802,168809.0
2024-07-01 09:02:00,1719824520.0,0.4802,0.4802,0.4801,0.4802,102788.0
2024-07-01 09:03:00,1719824580.0,0.4801,0.4802,0.4801,0.4802,27227.0
2024-07-01 09:04:00,1719824640.0,0.4802,0.4803,0.4801,0.4803,38764.0
2024-07-01 09:05:00,1719824700.0,0.4803,0.4803,0.4802,0.4803,24621.0
2024-07-01 09:06:00,1719824760.0,0.4803,0.4803,0.4802,0.4803,12252.0
2024-07-01 09:07:00,1719824820.0,0.4803,0.4803,0.4802,0.4803,71743.0
2024-07-01 09:08:00,1719824880.0,0.4803,0.4803,0.4801,0.4802,196083.0
2024-07-01 09:09:00,1719824940.0,0.4801,0.4802,0.48,0.4801,117753.0
2024-07-01 09:10:00,1719825000.0,0.4801,0.4801,0.48,0.4801,34500.0
2024-07-01 09:11:00,1719825060.0,0.48,0.4807,0.48,0.4806,582832.0
2024-07-01 09:12:00,1719825120.0,0.4807,0.4808,0.4806,0.4807,240795.0
2024-07-01 09:13:00,1719825180.0,0.4807,0.4809,0.4807,0.4809,146044.0
2024-07-01 09:14:00,1719825240.0,0.4809,0.4809,0.4806,0.4806,88747.0
2024-07-01 09:15:00,1719825300.0,0.4806,0.4807,0.4805,0.4806,61579.0
2024-07-01 09:16:00,1719825360.0,0.4806,0.4807,0.4805,0.4807,57573.0
2024-07-01 09:17:00,1719825420.0,0.4806,0.4807,0.4806,0.4807,32718.0
2024-07-01 09:18:00,1719825480.0,0.4807,0.4808,0.4806,0.4807,114784.0
2024-07-01 09:19:00,1719825540.0,0.4807,0.4807,0.4805,0.4806,74528.0
2024-07-01 09:20:00,1719825600.0,0.4806,0.4806,0.48,0.4801,80536.0
2024-07-01 09:21:00,1719825660.0,0.4801,0.4803,0.4801,0.4802,215258.0
2024-07-01 09:22:00,1719825720.0,0.4802,0.4802,0.4796,0.4798,156549.0
2024-07-01 09:23:00,1719825780.0,0.4797,0.4799,0.4797,0.4799,68682.0
2024-07-01 09:24:00,1719825840.0,0.4799,0.4801,0.4799,0.4801,48163.0
2024-07-01 09:25:00,1719825900.0,0.4801,0.4801,0.48,0.4801,20560.0
2024-07-01 09:26:00,1719825960.0,0.4801,0.4803,0.4801,0.4803,71913.0
2024-07-01 09:27:00,1719826020.0,0.4803,0.4803,0.4802,0.4803,9560.0
2024-07-01 09:28:00,1719826080.0,0.4802,0.4806,0.4802,0.4806,118965.0
2024-07-01 09:29:00,1719826140.0,0.4806,0.4806,0.4805,0.4806,11292.0
2024-07-01 09:30:00,1719826200.0,0.4806,0.4809,0.4805,0.4808,42348.0
2024-07-01 09:31:00,1719826260.0,0.4809,0.481,0.4809,0.4809,31344.0
2024-07-01 09:32:00,1719826320.0,0.4809,0.481,0.4809,0.481,13529.0
2024-07-01 09:33:00,1719826380.0,0.4809,0.4812,0.4809,0.4811,97251.0
2024-07-01 09:34:00,1719826440.0,0.4811,0.4814,0.4811,0.4814,43105.0
2024-07-01 09:35:00,1719826500.0,0.4814,0.4814,0.4811,0.4812,186051.0
2024-07-01 09:36:00,1719826560.0,0.4811,0.4812,0.4811,0.4812,39013.0
2024-07-01 09:37:00,1719826620.0,0.4811,0.4812,0.4811,0.4811,39506.0
2024-07-01 09:38:00,1719826680.0,0.4811,0.4812,0.481,0.4812,157282.0
2024-07-01 09:39:00,1719826740.0,0.4811,0.4812,0.4809,0.481,35241.0
2024-07-01 09:40:00,1719826800.0,0.481,0.4811,0.4809,0.481,39624.0
2024-07-01 09:41:00,1719826860.0,0.481,0.481,0.4809,0.481,38105.0
2024-07-01 09:42:00,1719826920.0,0.481,0.481,0.4809,0.481,12949.0
2024-07-01 09:43:00,1719826980.0,0.481,0.4811,0.4809,0.481,156554.0
2024-07-01 09:44:00,1719827040.0,0.481,0.481,0.4809,0.4809,25479.0
2024-07-01 09:45:00,1719827100.0,0.481,0.4815,0.4809,0.4814,97966.0
2024-07-01 09:46:00,1719827160.0,0.4814,0.4816,0.4814,0.4814,165002.0
2024-07-01 09:47:00,1719827220.0,0.4814,0.4815,0.4814,0.4814,13418.0
2024-07-01 09:48:00,1719827280.0,0.4814,0.4815,0.4814,0.4814,83978.0
2024-07-01 09:49:00,1719827340.0,0.4814,0.4817,0.4814,0.4816,37768.0
2024-07-01 09:50:00,1719827400.0,0.4816,0.4818,0.4816,0.4816,77180.0
2024-07-01 09:51:00,1719827460.0,0.4816,0.4817,0.4813,0.4814,85093.0
2024-07-01 09:52:00,1719827520.0,0.4814,0.4814,0.4812,0.4813,58406.0
2024-07-01 09:53:00,1719827580.0,0.4812,0.4813,0.481,0.4811,54762.0
2024-07-01 09:54:00,1719827640.0,0.481,0.4811,0.481,0.4811,53524.0
2024-07-01 09:55:00,1719827700.0,0.481,0.4811,0.481,0.4811,64672.0
2024-07-01 09:56:00,1719827760.0,0.4811,0.4811,0.4809,0.4809,89104.0
2024-07-01 09:57:00,1719827820.0,0.4809,0.481,0.4806,0.4807,74465.0
2024-07-01 09:58:00,1719827880.0,0.4807,0.4808,0.4806,0.4808,183661.0
2024-07-01 09:59:00,1719827940.0,0.4807,0.4812,0.4807,0.4812,131136.0
2024-07-01 10:00:00,1719828000.0,0.4812,0.4812,0.481,0.481,158760.0
2024-07-01 10:01:00,1719828060.0,0.4811,0.4812,0.4811,0.4812,23649.0
2024-07-01 10:02:00,1719828120.0,0.4812,0.4814,0.4812,0.4814,63602.0
2024-07-01 10:03:00,1719828180.0,0.4814,0.4816,0.4814,0.4816,142429.0
2024-07-01 10:04:00,1719828240.0,0.4815,0.4816,0.4814,0.4814,107817.0
2024-07-01 10:05:00,1719828300.0,0.4815,0.4815,0.4813,0.4813,70346.0
2024-07-01 10:06:00,1719828360.0,0.4813,0.4815,0.4781,0.4799,2543184.0
2024-07-01 10:07:00,1719828420.0,0.48,0.4802,0.4798,0.4801,333996.0
2024-07-01 10:08:00,1719828480.0,0.4802,0.4807,0.4802,0.4804,295039.0
2024-07-01 10:09:00,1719828540.0,0.4805,0.4805,0.4803,0.4803,133763.0
2024-07-01 10:10:00,1719828600.0,0.4803,0.4804,0.4802,0.4802,156982.0
2024-07-01 10:11:00,1719828660.0,0.4802,0.4803,0.4802,0.4803,81319.0
2024-07-01 10:12:00,1719828720.0,0.4803,0.4803,0.4802,0.4803,8112.0
2024-07-01 10:13:00,1719828780.0,0.4802,0.4803,0.4802,0.4802,22784.0
2024-07-01 10:14:00,1719828840.0,0.4803,0.4803,0.4801,0.4802,187435.0
2024-07-01 10:15:00,1719828900.0,0.4801,0.4802,0.4801,0.4802,118250.0
2024-07-01 10:16:00,1719828960.0,0.4802,0.4802,0.4801,0.4801,31318.0
2024-07-01 10:17:00,1719829020.0,0.4801,0.4802,0.4801,0.4802,161707.0
2024-07-01 10:18:00,1719829080.0,0.4802,0.4802,0.4801,0.4801,40884.0
2024-07-01 10:19:00,1719829140.0,0.4801,0.4802,0.48,0.48,139975.0
2024-07-01 10:20:00,1719829200.0,0.48,0.4801,0.4799,0.4799,182110.0
2024-07-01 10:21:00,1719829260.0,0.48,0.4804,0.48,0.4802,1089041.0
2024-07-01 10:22:00,1719829320.0,0.4802,0.4803,0.48,0.48,289940.0
2024-07-01 10:23:00,1719829380.0,0.48,0.4804,0.4799,0.4803,905017.0
2024-07-01 10:24:00,1719829440.0,0.4803,0.4805,0.4802,0.4804,402995.0
2024-07-01 10:25:00,1719829500.0,0.4804,0.4806,0.4804,0.4806,429578.0
2024-07-01 10:26:00,1719829560.0,0.4806,0.4809,0.4805,0.4807,550963.0
2024-07-01 10:27:00,1719829620.0,0.4807,0.481,0.4807,0.4809,394557.0
2024-07-01 10:28:00,1719829680.0,0.481,0.4811,0.4809,0.4811,342993.0
2024-07-01 10:29:00,1719829740.0,0.481,0.4812,0.481,0.481,462541.0
2024-07-01 10:30:00,1719829800.0,0.481,0.4812,0.4809,0.4812,454730.0
2024-07-01 10:31:00,1719829860.0,0.4812,0.4814,0.4812,0.4814,372321.0
2024-07-01 10:32:00,1719829920.0,0.4814,0.4815,0.4813,0.4815,339540.0
2024-07-01 10:33:00,1719829980.0,0.4815,0.4815,0.4812,0.4812,824408.0
2024-07-01 10:34:00,1719830040.0,0.4812,0.4812,0.481,0.481,295159.0
2024-07-01 10:35:00,1719830100.0,0.481,0.4811,0.4809,0.481,279263.0
2024-07-01 10:36:00,1719830160.0,0.4809,0.481,0.4808,0.4809,211582.0
2024-07-01 10:37:00,1719830220.0,0.4808,0.4809,0.4807,0.4807,261485.0
2024-07-01 10:38:00,1719830280.0,0.4807,0.4808,0.4807,0.4807,219192.0
2024-07-01 10:39:00,1719830340.0,0.4806,0.4807,0.4805,0.4805,768139.0
2024-07-01 10:40:00,1719830400.0,0.4805,0.4807,0.4805,0.4806,199877.0
2024-07-01 10:41:00,1719830460.0,0.4806,0.4807,0.4804,0.4804,413897.0
2024-07-01 10:42:00,1719830520.0,0.4804,0.4805,0.4803,0.4805,302323.0
2024-07-01 10:43:00,1719830580.0,0.4804,0.4805,0.4797,0.48,1142495.0
2024-07-01 10:44:00,1719830640.0,0.4801,0.4801,0.4799,0.4799,473236.0
2024-07-01 10:45:00,1719830700.0,0.48,0.4801,0.4799,0.4801,386622.0
2024-07-01 10:46:00,1719830760.0,0.48,0.4801,0.48,0.4801,13707.0
2024-07-01 10:47:00,1719830820.0,0.4801,0.4804,0.4801,0.4803,115861.0
2024-07-01 10:48:00,1719830880.0,0.4803,0.4804,0.4802,0.4802,165978.0
2024-07-01 10:49:00,1719830940.0,0.4802,0.4803,0.4801,0.4802,191254.0
2024-07-01 10:50:00,1719831000.0,0.4803,0.4804,0.4802,0.4803,50906.0
2024-07-01 10:51:00,1719831060.0,0.4803,0.4804,0.4803,0.4804,13587.0
2024-07-01 10:52:00,1719831120.0,0.4803,0.4804,0.4803,0.4803,49104.0
2024-07-01 10:53:00,1719831180.0,0.4803,0.4804,0.4802,0.4802,222296.0
2024-07-01 10:54:00,1719831240.0,0.4802,0.4803,0.4799,0.4799,383944.0
2024-07-01 10:55:00,1719831300.0,0.4799,0.48,0.4799,0.4799,139228.0
2024-07-01 10:56:00,1719831360.0,0.4799,0.48,0.4797,0.4797,334236.0
2024-07-01 10:57:00,1719831420.0,0.4797,0.48,0.4796,0.48,734171.0
2024-07-01 10:58:00,1719831480.0,0.4801,0.4801,0.4799,0.48,181847.0
2024-07-01 10:59:00,1719831540.0,0.4799,0.48,0.4797,0.4797,278450.0
2024-07-01 11:00:00,1719831600.0,0.4797,0.4798,0.4796,0.4797,373723.0
2024-07-01 11:01:00,1719831660.0,0.4798,0.483,0.4797,0.4829,3149869.0
2024-07-01 11:02:00,1719831720.0,0.483,0.483,0.4827,0.4829,1133042.0
2024-07-01 11:03:00,1719831780.0,0.4829,0.4849,0.4829,0.4842,1636942.0
2024-07-01 11:04:00,1719831840.0,0.4841,0.4842,0.483,0.4831,633298.0
2024-07-01 11:05:00,1719831900.0,0.4832,0.4832,0.4829,0.4831,221786.0
2024-07-01 11:06:00,1719831960.0,0.4831,0.4831,0.4824,0.4826,247432.0
2024-07-01 11:07:00,1719832020.0,0.4825,0.4829,0.4824,0.4829,294791.0
2024-07-01 11:08:00,1719832080.0,0.483,0.4832,0.4829,0.4831,372563.0
2024-07-01 11:09:00,1719832140.0,0.4831,0.4835,0.483,0.4833,536412.0
2024-07-01 11:10:00,1719832200.0,0.4832,0.4839,0.4832,0.4836,1085502.0
2024-07-01 11:11:00,1719832260.0,0.4836,0.484,0.483,0.4831,449826.0
2024-07-01 11:12:00,1719832320.0,0.4831,0.4835,0.483,0.4831,299263.0
2024-07-01 11:13:00,1719832380.0,0.483,0.4832,0.483,0.4831,158493.0
2024-07-01 11:14:00,1719832440.0,0.4832,0.4832,0.4829,0.483,197996.0
2024-07-01 11:15:00,1719832500.0,0.4829,0.483,0.4829,0.483,25263.0
2024-07-01 11:16:00,1719832560.0,0.483,0.4832,0.4829,0.483,50354.0
2024-07-01 11:17:00,1719832620.0,0.4831,0.4831,0.4829,0.483,212999.0
2024-07-01 11:18:00,1719832680.0,0.4831,0.4831,0.4826,0.4826,206480.0
2024-07-01 11:19:00,1719832740.0,0.4826,0.4827,0.4823,0.4825,129980.0
2024-07-01 11:20:00,1719832800.0,0.4825,0.4825,0.4819,0.4821,120574.0
2024-07-01 11:21:00,1719832860.0,0.4821,0.4823,0.4817,0.4823,194933.0
2024-07-01 11:22:00,1719832920.0,0.4823,0.4823,0.4814,0.4821,672138.0
2024-07-01 11:23:00,1719832980.0,0.4822,0.4825,0.4822,0.4824,71477.0
2024-07-01 11:24:00,1719833040.0,0.4825,0.4826,0.4824,0.4825,89223.0
2024-07-01 11:25:00,1719833100.0,0.4825,0.4827,0.4825,0.4826,138868.0
2024-07-01 11:26:00,1719833160.0,0.4826,0.4829,0.4826,0.4829,199962.0
2024-07-01 11:27:00,1719833220.0,0.4829,0.4829,0.4828,0.4829,15184.0
2024-07-01 11:28:00,1719833280.0,0.4828,0.4829,0.4825,0.4827,251217.0
2024-07-01 11:29:00,1719833340.0,0.4827,0.4829,0.4827,0.4829,115296.0
2024-07-01 11:30:00,1719833400.0,0.4829,0.4829,0.4827,0.4828,242929.0
2024-07-01 11:31:00,1719833460.0,0.4828,0.4831,0.4828,0.4829,170003.0
2024-07-01 11:32:00,1719833520.0,0.483,0.483,0.482,0.4823,274449.0
2024-07-01 11:33:00,1719833580.0,0.4823,0.4832,0.4823,0.4825,711413.0
2024-07-01 11:34:00,1719833640.0,0.4825,0.4826,0.4824,0.4825,132865.0
2024-07-01 11:35:00,1719833700.0,0.4825,0.4826,0.4824,0.4824,118042.0
2024-07-01 11:36:00,1719833760.0,0.4825,0.4826,0.4824,0.4825,92763.0
2024-07-01 11:37:00,1719833820.0,0.4826,0.4826,0.4825,0.4826,310275.0
2024-07-01 11:38:00,1719833880.0,0.4826,0.4827,0.4825,0.4826,73875.0
2024-07-01 11:39:00,1719833940.0,0.4827,0.4827,0.4825,0.4826,273428.0
2024-07-01 11:40:00,1719834000.0,0.4826,0.4826,0.4825,0.4825,14322.0
2024-07-01 11:41:00,1719834060.0,0.4825,0.4825,0.4818,0.482,702811.0
2024-07-01 11:42:00,1719834120.0,0.4819,0.482,0.4818,0.4819,335796.0
2024-07-01 11:43:00,1719834180.0,0.4818,0.4823,0.4818,0.4823,281800.0
2024-07-01 11:44:00,1719834240.0,0.4823,0.4823,0.4814,0.4815,492861.0
2024-07-01 11:45:00,1719834300.0,0.4815,0.4815,0.4813,0.4813,127203.0
2024-07-01 11:46:00,1719834360.0,0.4813,0.4814,0.4808,0.4809,619768.0
2024-07-01 11:47:00,1719834420.0,0.4808,0.4809,0.4805,0.4806,796638.0
2024-07-01 11:48:00,1719834480.0,0.4807,0.4809,0.4804,0.4805,465987.0
2024-07-01 11:49:00,1719834540.0,0.4806,0.4806,0.4802,0.4802,309773.0
2024-07-01 11:50:00,1719834600.0,0.4803,0.4805,0.4799,0.4799,653824.0
2024-07-01 11:51:00,1719834660.0,0.48,0.48,0.4797,0.4797,890442.0
2024-07-01 11:52:00,1719834720.0,0.4797,0.48,0.4796,0.4799,514593.0
2024-07-01 11:53:00,1719834780.0,0.48,0.48,0.4794,0.4799,1029357.0
2024-07-01 11:54:00,1719834840.0,0.4799,0.4799,0.4793,0.4794,798488.0
2024-07-01 11:55:00,1719834900.0,0.4794,0.4796,0.4792,0.4793,1219227.0
2024-07-01 11:56:00,1719834960.0,0.4793,0.4797,0.4792,0.4793,1225124.0
2024-07-01 11:57:00,1719835020.0,0.4793,0.4796,0.479,0.4793,803868.0
2024-07-01 11:58:00,1719835080.0,0.4793,0.4794,0.4791,0.4793,554587.0
2024-07-01 11:59:00,1719835140.0,0.4793,0.4794,0.4792,0.4793,1270069.0
2024-07-01 12:00:00,1719835200.0,0.4794,0.48,0.4793,0.4793,1197709.0
2024-07-01 12:01:00,1719835260.0,0.4793,0.4795,0.479,0.4794,1290862.0
2024-07-01 12:02:00,1719835320.0,0.4794,0.4797,0.4793,0.4794,574284.0
2024-07-01 12:03:00,1719835380.0,0.4794,0.4795,0.4794,0.4795,197554.0
2024-07-01 12:04:00,1719835440.0,0.4795,0.4805,0.4794,0.4804,932885.0
2024-07-01 12:05:00,1719835500.0,0.4804,0.4816,0.4804,0.4809,1546872.0
2024-07-01 12:06:00,1719835560.0,0.481,0.482,0.4809,0.4818,1036067.0
2024-07-01 12:07:00,1719835620.0,0.4817,0.4819,0.4814,0.4815,262772.0
2024-07-01 12:08:00,1719835680.0,0.4815,0.4816,0.4814,0.4816,93184.0
2024-07-01 12:09:00,1719835740.0,0.4816,0.4823,0.4815,0.482,364543.0
2024-07-01 12:10:00,1719835800.0,0.4819,0.482,0.4815,0.4816,308850.0
2024-07-01 12:11:00,1719835860.0,0.4817,0.4818,0.4815,0.4817,62544.0
2024-07-01 12:12:00,1719835920.0,0.4817,0.4818,0.4816,0.4817,97875.0
2024-07-01 12:13:00,1719835980.0,0.4817,0.4818,0.4815,0.4815,151325.0
2024-07-01 12:14:00,1719836040.0,0.4815,0.4816,0.4814,0.4814,223832.0
2024-07-01 12:15:00,1719836100.0,0.4814,0.4815,0.4813,0.4813,610906.0
2024-07-01 12:16:00,1719836160.0,0.4814,0.4818,0.4814,0.4818,190909.0
2024-07-01 12:17:00,1719836220.0,0.4817,0.4818,0.481,0.4811,529565.0
2024-07-01 12:18:00,1719836280.0,0.481,0.4811,0.481,0.4811,25940.0
2024-07-01 12:19:00,1719836340.0,0.4811,0.4811,0.4808,0.481,378971.0
2024-07-01 12:20:00,1719836400.0,0.4811,0.4816,0.4811,0.4816,402770.0
2024-07-01 12:21:00,1719836460.0,0.4816,0.4818,0.4811,0.4812,446587.0
2024-07-01 12:22:00,1719836520.0,0.4812,0.4816,0.4812,0.4816,246793.0
2024-07-01 12:23:00,1719836580.0,0.4816,0.4818,0.4815,0.4817,201781.0
2024-07-01 12:24:00,1719836640.0,0.4818,0.4818,0.4812,0.4812,106010.0
2024-07-01 12:25:00,1719836700.0,0.4813,0.4815,0.4812,0.4813,168912.0
2024-07-01 12:26:00,1719836760.0,0.4814,0.4815,0.4813,0.4815,57675.0
2024-07-01 12:27:00,1719836820.0,0.4814,0.4818,0.4814,0.4818,88754.0
2024-07-01 12:28:00,1719836880.0,0.4818,0.482,0.4817,0.4819,347720.0
2024-07-01 12:29:00,1719836940.0,0.4819,0.4819,0.4816,0.4816,137377.0
2024-07-01 12:30:00,1719837000.0,0.4816,0.4816,0.4813,0.4814,72849.0
2024-07-01 12:31:00,1719837060.0,0.4813,0.4817,0.4813,0.4817,84378.0
2024-07-01 12:32:00,1719837120.0,0.4817,0.4819,0.4814,0.4814,259713.0
2024-07-01 12:33:00,1719837180.0,0.4814,0.4814,0.481,0.481,180114.0
2024-07-01 12:34:00,1719837240.0,0.481,0.4811,0.4809,0.481,17887.0
2024-07-01 12:35:00,1719837300.0,0.4809,0.4811,0.4809,0.4811,77230.0
2024-07-01 12:36:00,1719837360.0,0.481,0.4814,0.4809,0.4814,174423.0
2024-07-01 12:37:00,1719837420.0,0.4813,0.4814,0.4813,0.4813,13569.0
2024-07-01 12:38:00,1719837480.0,0.4813,0.4814,0.4813,0.4813,41005.0
2024-07-01 12:39:00,1719837540.0,0.4813,0.4814,0.4813,0.4813,45081.0
2024-07-01 12:40:00,1719837600.0,0.4813,0.4815,0.4812,0.4815,267828.0
2024-07-01 12:41:00,1719837660.0,0.4815,0.4817,0.4814,0.4814,320447.0
2024-07-01 12:42:00,1719837720.0,0.4813,0.4814,0.4813,0.4813,61548.0
2024-07-01 12:43:00,1719837780.0,0.4814,0.4815,0.4813,0.4813,151387.0
2024-07-01 12:44:00,1719837840.0,0.4814,0.4814,0.4813,0.4813,38987.0
2024-07-01 12:45:00,1719837900.0,0.4814,0.4816,0.4813,0.4815,31656.0
2024-07-01 12:46:00,1719837960.0,0.4815,0.4816,0.4815,0.4815,10129.0
2024-07-01 12:47:00,1719838020.0,0.4815,0.4817,0.4815,0.4817,146147.0
2024-07-01 12:48:00,1719838080.0,0.4816,0.4817,0.4816,0.4817,17620.0
2024-07-01 12:49:00,1719838140.0,0.4816,0.4817,0.4816,0.4816,34579.0
2024-07-01 12:50:00,1719838200.0,0.4816,0.4817,0.4815,0.4816,45488.0
2024-07-01 12:51:00,1719838260.0,0.4816,0.4817,0.4813,0.4814,144540.0
2024-07-01 12:52:00,1719838320.0,0.4813,0.4815,0.4813,0.4814,57448.0
2024-07-01 12:53:00,1719838380.0,0.4815,0.4815,0.4814,0.4814,54484.0
2024-07-01 12:54:00,1719838440.0,0.4815,0.4815,0.4813,0.4813,50607.0
2024-07-01 12:55:00,1719838500.0,0.4813,0.4814,0.4813,0.4813,55438.0
2024-07-01 12:56:00,1719838560.0,0.4813,0.4814,0.4812,0.4813,98792.0
2024-07-01 12:57:00,1719838620.0,0.4812,0.4817,0.4812,0.4817,254029.0
2024-07-01 12:58:00,1719838680.0,0.4817,0.482,0.4816,0.482,151498.0
2024-07-01 12:59:00,1719838740.0,0.482,0.482,0.4819,0.482,169418.0
2024-07-01 13:00:00,1719838800.0,0.4819,0.4821,0.4818,0.4819,171084.0
2024-07-01 13:01:00,1719838860.0,0.482,0.4822,0.482,0.4822,160732.0
2024-07-01 13:02:00,1719838920.0,0.4821,0.4823,0.4821,0.4823,165877.0
2024-07-01 13:03:00,1719838980.0,0.4823,0.4827,0.4823,0.4824,218131.0
2024-07-01 13:04:00,1719839040.0,0.4824,0.4824,0.4815,0.4817,358598.0
2024-07-01 13:05:00,1719839100.0,0.4817,0.4818,0.4814,0.4815,113365.0
2024-07-01 13:06:00,1719839160.0,0.4815,0.4817,0.4814,0.4814,119606.0
2024-07-01 13:07:00,1719839220.0,0.4815,0.4816,0.4815,0.4816,28294.0
2024-07-01 13:08:00,1719839280.0,0.4816,0.4818,0.4815,0.4817,85930.0
2024-07-01 13:09:00,1719839340.0,0.4816,0.4817,0.4813,0.4813,67610.0
2024-07-01 13:10:00,1719839400.0,0.4812,0.4813,0.4812,0.4813,24000.0
2024-07-01 13:11:00,1719839460.0,0.4812,0.4813,0.4812,0.4812,82064.0
2024-07-01 13:12:00,1719839520.0,0.4812,0.4813,0.481,0.4812,261084.0
2024-07-01 13:13:00,1719839580.0,0.4811,0.4812,0.4811,0.4811,45174.0
2024-07-01 13:14:00,1719839640.0,0.4812,0.4813,0.4811,0.4812,178483.0
2024-07-01 13:15:00,1719839700.0,0.4812,0.4812,0.4805,0.481,418823.0
2024-07-01 13:16:00,1719839760.0,0.481,0.481,0.4805,0.4805,134962.0
2024-07-01 13:17:00,1719839820.0,0.4805,0.4807,0.4805,0.4806,146960.0
2024-07-01 13:18:00,1719839880.0,0.4807,0.4808,0.4805,0.4806,96449.0
2024-07-01 13:19:00,1719839940.0,0.4806,0.4808,0.4805,0.4807,140100.0
2024-07-01 13:20:00,1719840000.0,0.4807,0.4808,0.4807,0.4807,57121.0
2024-07-01 13:21:00,1719840060.0,0.4808,0.4809,0.4808,0.4809,35387.0
2024-07-01 13:22:00,1719840120.0,0.4808,0.4809,0.4808,0.4809,23483.0
2024-07-01 13:23:00,1719840180.0,0.4808,0.4808,0.4805,0.4806,194826.0
2024-07-01 13:24:00,1719840240.0,0.4807,0.4808,0.4807,0.4808,92012.0
2024-07-01 13:25:00,1719840300.0,0.4808,0.481,0.4808,0.4808,104289.0
2024-07-01 13:26:00,1719840360.0,0.4808,0.4809,0.4807,0.4809,109978.0
2024-07-01 13:27:00,1719840420.0,0.4809,0.481,0.4808,0.4809,30778.0
2024-07-01 13:28:00,1719840480.0,0.4808,0.4814,0.4808,0.4814,295741.0
2024-07-01 13:29:00,1719840540.0,0.4813,0.4819,0.4813,0.4817,208826.0
2024-07-01 13:30:00,1719840600.0,0.4817,0.4821,0.4816,0.482,146105.0
2024-07-01 13:31:00,1719840660.0,0.482,0.4822,0.4818,0.4821,250883.0
2024-07-01 13:32:00,1719840720.0,0.4821,0.4821,0.4812,0.4814,474912.0
2024-07-01 13:33:00,1719840780.0,0.4815,0.4817,0.4814,0.4814,121955.0
2024-07-01 13:34:00,1719840840.0,0.4815,0.4815,0.481,0.4811,131987.0
2024-07-01 13:35:00,1719840900.0,0.4811,0.4811,0.4807,0.4809,337703.0
2024-07-01 13:36:00,1719840960.0,0.4809,0.4812,0.4808,0.4812,106060.0
2024-07-01 13:37:00,1719841020.0,0.4811,0.4813,0.481,0.481,123687.0
2024-07-01 13:38:00,1719841080.0,0.4811,0.4814,0.481,0.4813,89248.0
2024-07-01 13:39:00,1719841140.0,0.4813,0.4814,0.4812,0.4812,172783.0
2024-07-01 13:40:00,1719841200.0,0.4812,0.4813,0.4812,0.4812,11945.0
2024-07-01 13:41:00,1719841260.0,0.4812,0.4812,0.4809,0.481,254718.0
2024-07-01 13:42:00,1719841320.0,0.481,0.481,0.4805,0.4805,90990.0
2024-07-01 13:43:00,1719841380.0,0.4805,0.4806,0.4804,0.4806,109580.0
2024-07-01 13:44:00,1719841440.0,0.4806,0.4806,0.4804,0.4806,69338.0
2024-07-01 13:45:00,1719841500.0,0.4805,0.4808,0.4804,0.4807,227249.0
2024-07-01 13:46:00,1719841560.0,0.4807,0.4808,0.4801,0.4804,404280.0
2024-07-01 13:47:00,1719841620.0,0.4805,0.4805,0.4799,0.4799,76293.0
2024-07-01 13:48:00,1719841680.0,0.4799,0.4805,0.4798,0.4804,138022.0
2024-07-01 13:49:00,1719841740.0,0.4805,0.4807,0.4801,0.4801,139826.0
2024-07-01 13:50:00,1719841800.0,0.48,0.4801,0.4794,0.4794,255702.0
2024-07-01 13:51:00,1719841860.0,0.4793,0.4798,0.4793,0.4796,308681.0
2024-07-01 13:52:00,1719841920.0,0.4796,0.4798,0.4792,0.4797,205965.0
2024-07-01 13:53:00,1719841980.0,0.4797,0.4803,0.4797,0.4802,296243.0
2024-07-01 13:54:00,1719842040.0,0.4802,0.4805,0.4802,0.4802,104220.0
2024-07-01 13:55:00,1719842100.0,0.4802,0.4803,0.48,0.4802,124104.0
2024-07-01 13:56:00,1719842160.0,0.4802,0.4803,0.4797,0.4798,110762.0
2024-07-01 13:57:00,1719842220.0,0.4799,0.4803,0.4798,0.4803,113785.0
2024-07-01 13:58:00,1719842280.0,0.4802,0.4806,0.4802,0.4805,107793.0
2024-07-01 13:59:00,1719842340.0,0.4804,0.4806,0.4804,0.4805,22225.0
2024-07-01 14:00:00,1719842400.0,0.4806,0.4813,0.4805,0.4808,405693.0
2024-07-01 14:01:00,1719842460.0,0.4809,0.4811,0.4807,0.4808,70883.0
2024-07-01 14:02:00,1719842520.0,0.4807,0.4808,0.4805,0.4805,68750.0
2024-07-01 14:03:00,1719842580.0,0.4805,0.4806,0.4802,0.4803,140596.0
2024-07-01 14:04:00,1719842640.0,0.4802,0.4803,0.4802,0.4802,19957.0
2024-07-01 14:05:00,1719842700.0,0.4802,0.4812,0.4802,0.481,139048.0
2024-07-01 14:06:00,1719842760.0,0.4811,0.4814,0.4809,0.4814,296226.0
2024-07-01 14:07:00,1719842820.0,0.4814,0.4815,0.4811,0.4812,105496.0
2024-07-01 14:08:00,1719842880.0,0.4811,0.4816,0.4811,0.4815,259952.0
2024-07-01 14:09:00,1719842940.0,0.4816,0.4818,0.4815,0.4817,193535.0
2024-07-01 14:10:00,1719843000.0,0.4816,0.4817,0.4806,0.4807,322175.0
2024-07-01 14:11:00,1719843060.0,0.4807,0.4808,0.4795,0.4799,604333.0
2024-07-01 14:12:00,1719843120.0,0.4799,0.4799,0.4795,0.4798,164078.0
2024-07-01 14:13:00,1719843180.0,0.4798,0.4805,0.4798,0.4802,219190.0
2024-07-01 14:14:00,1719843240.0,0.4802,0.4803,0.4798,0.4799,70190.0
2024-07-01 14:15:00,1719843300.0,0.4799,0.4803,0.4798,0.4803,73522.0
2024-07-01 14:16:00,1719843360.0,0.4803,0.4806,0.4802,0.4803,77080.0
2024-07-01 14:17:00,1719843420.0,0.4802,0.4806,0.4802,0.4804,76493.0
2024-07-01 14:18:00,1719843480.0,0.4805,0.4807,0.4803,0.4805,64766.0
2024-07-01 14:19:00,1719843540.0,0.4805,0.4808,0.4805,0.4807,95778.0
2024-07-01 14:20:00,1719843600.0,0.4807,0.4807,0.4801,0.4801,69003.0
2024-07-01 14:21:00,1719843660.0,0.4801,0.4801,0.4798,0.4798,121243.0
2024-07-01 14:22:00,1719843720.0,0.4798,0.4801,0.4796,0.4801,176062.0
2024-07-01 14:23:00,1719843780.0,0.4801,0.4807,0.4801,0.4807,109632.0
2024-07-01 14:24:00,1719843840.0,0.4807,0.4807,0.48,0.48,183148.0
2024-07-01 14:25:00,1719843900.0,0.4799,0.4802,0.4798,0.4798,169093.0
2024-07-01 14:26:00,1719843960.0,0.4797,0.4799,0.4797,0.4798,123002.0
2024-07-01 14:27:00,1719844020.0,0.4799,0.4799,0.4796,0.4798,52155.0
2024-07-01 14:28:00,1719844080.0,0.4798,0.4801,0.4798,0.48,142089.0
2024-07-01 14:29:00,1719844140.0,0.4801,0.4802,0.48,0.4801,61367.0
2024-07-01 14:30:00,1719844200.0,0.4801,0.4801,0.4799,0.4799,43165.0
2024-07-01 14:31:00,1719844260.0,0.48,0.4804,0.48,0.4802,194835.0
2024-07-01 14:32:00,1719844320.0,0.4802,0.4803,0.4802,0.4802,71565.0
2024-07-01 14:33:00,1719844380.0,0.4802,0.4802,0.4801,0.4801,90406.0
2024-07-01 14:34:00,1719844440.0,0.4802,0.4803,0.4798,0.4798,278867.0
2024-07-01 14:35:00,1719844500.0,0.4799,0.48,0.4797,0.4799,112440.0
2024-07-01 14:36:00,1719844560.0,0.4799,0.4803,0.4799,0.4802,50048.0
2024-07-01 14:37:00,1719844620.0,0.4802,0.4803,0.4801,0.4801,133673.0
2024-07-01 14:38:00,1719844680.0,0.4802,0.4805,0.4801,0.4804,36556.0
2024-07-01 14:39:00,1719844740.0,0.4805,0.4806,0.4804,0.4806,39217.0
2024-07-01 14:40:00,1719844800.0,0.4805,0.4808,0.4805,0.4808,25329.0
2024-07-01 14:41:00,1719844860.0,0.4808,0.4809,0.4806,0.4806,290960.0
2024-07-01 14:42:00,1719844920.0,0.4806,0.4809,0.4806,0.4809,26706.0
2024-07-01 14:43:00,1719844980.0,0.4808,0.481,0.4808,0.4808,48563.0
2024-07-01 14:44:00,1719845040.0,0.4809,0.4809,0.4807,0.4807,45994.0
2024-07-01 14:45:00,1719845100.0,0.4807,0.4808,0.4804,0.4805,39948.0
2024-07-01 14:46:00,1719845160.0,0.4804,0.4805,0.4801,0.4801,159395.0
2024-07-01 14:47:00,1719845220.0,0.4801,0.4804,0.4801,0.4803,50812.0
2024-07-01 14:48:00,1719845280.0,0.4803,0.4807,0.4803,0.4803,155441.0
2024-07-01 14:49:00,1719845340.0,0.4803,0.4804,0.4801,0.4802,21878.0
2024-07-01 14:50:00,1719845400.0,0.4802,0.4805,0.4801,0.4804,226221.0
2024-07-01 14:51:00,1719845460.0,0.4805,0.4805,0.4804,0.4805,48011.0
2024-07-01 14:52:00,1719845520.0,0.4804,0.4805,0.4803,0.4804,90019.0
2024-07-01 14:53:00,1719845580.0,0.4803,0.4804,0.4803,0.4804,33689.0
2024-07-01 14:54:00,1719845640.0,0.4803,0.4805,0.4803,0.4803,89276.0
2024-07-01 14:55:00,1719845700.0,0.4803,0.4804,0.4802,0.4803,80991.0
2024-07-01 14:56:00,1719845760.0,0.4804,0.4805,0.4803,0.4805,84716.0
2024-07-01 14:57:00,1719845820.0,0.4806,0.4807,0.4805,0.4805,209938.0
2024-07-01 14:58:00,1719845880.0,0.4805,0.4805,0.4804,0.4805,58597.0
2024-07-01 14:59:00,1719845940.0,0.4805,0.4805,0.4804,0.4805,25541.0
2024-07-01 15:00:00,1719846000.0,0.4804,0.4805,0.4804,0.4805,23404.0
2024-07-01 15:01:00,1719846060.0,0.4805,0.4805,0.4803,0.4804,105628.0
2024-07-01 15:02:00,1719846120.0,0.4803,0.4805,0.4803,0.4805,201974.0
2024-07-01 15:03:00,1719846180.0,0.4804,0.4805,0.4804,0.4804,30918.0
2024-07-01 15:04:00,1719846240.0,0.4805,0.4809,0.4804,0.4808,271602.0
2024-07-01 15:05:00,1719846300.0,0.4808,0.4812,0.4808,0.4812,187759.0
2024-07-01 15:06:00,1719846360.0,0.4811,0.4813,0.4811,0.4812,324388.0
2024-07-01 15:07:00,1719846420.0,0.4812,0.4815,0.4812,0.4815,67318.0
2024-07-01 15:08:00,1719846480.0,0.4815,0.4815,0.481,0.4811,243443.0
2024-07-01 15:09:00,1719846540.0,0.4811,0.4813,0.4811,0.4812,28869.0
2024-07-01 15:10:00,1719846600.0,0.4812,0.4813,0.4811,0.4813,134936.0
2024-07-01 15:11:00,1719846660.0,0.4813,0.4819,0.4813,0.4818,129583.0
2024-07-01 15:12:00,1719846720.0,0.4819,0.4819,0.4817,0.4818,49742.0
2024-07-01 15:13:00,1719846780.0,0.4817,0.4826,0.4817,0.4825,332644.0
2024-07-01 15:14:00,1719846840.0,0.4825,0.4827,0.4824,0.4825,127405.0
2024-07-01 15:15:00,1719846900.0,0.4825,0.4827,0.4781,0.4802,3551600.0
2024-07-01 15:16:00,1719846960.0,0.4802,0.4803,0.4799,0.4802,382744.0
2024-07-01 15:17:00,1719847020.0,0.4801,0.4802,0.4794,0.4795,435862.0
2024-07-01 15:18:00,1719847080.0,0.4796,0.4796,0.4792,0.4792,271739.0
2024-07-01 15:19:00,1719847140.0,0.4791,0.4791,0.4788,0.4791,243386.0
2024-07-01 15:20:00,1719847200.0,0.479,0.4791,0.4786,0.4788,296996.0
2024-07-01 15:21:00,1719847260.0,0.4787,0.4792,0.4787,0.4791,74457.0
2024-07-01 15:22:00,1719847320.0,0.479,0.4793,0.479,0.4793,50130.0
2024-07-01 15:23:00,1719847380.0,0.4793,0.4793,0.479,0.479,88312.0
2024-07-01 15:24:00,1719847440.0,0.479,0.4791,0.4785,0.4787,192738.0
2024-07-01 15:25:00,1719847500.0,0.4788,0.4789,0.4786,0.4786,43935.0
2024-07-01 15:26:00,1719847560.0,0.4786,0.4789,0.4786,0.4788,144881.0
2024-07-01 15:27:00,1719847620.0,0.4787,0.4789,0.4787,0.4788,66787.0
2024-07-01 15:28:00,1719847680.0,0.4788,0.4793,0.4786,0.4793,181764.0
2024-07-01 15:29:00,1719847740.0,0.4793,0.4794,0.4793,0.4794,46267.0
2024-07-01 15:30:00,1719847800.0,0.4794,0.4794,0.4787,0.4788,131895.0
2024-07-01 15:31:00,1719847860.0,0.4787,0.4788,0.4785,0.4787,90714.0
2024-07-01 15:32:00,1719847920.0,0.4787,0.4792,0.4787,0.479,149136.0
2024-07-01 15:33:00,1719847980.0,0.4791,0.4793,0.479,0.4793,105027.0
2024-07-01 15:34:00,1719848040.0,0.4793,0.4796,0.4793,0.4796,59258.0
2024-07-01 15:35:00,1719848100.0,0.4796,0.4797,0.4793,0.4794,64470.0
2024-07-01 15:36:00,1719848160.0,0.4794,0.4794,0.4792,0.4793,169402.0
2024-07-01 15:37:00,1719848220.0,0.4794,0.4795,0.4791,0.4793,77820.0
2024-07-01 15:38:00,1719848280.0,0.4794,0.4796,0.4793,0.4794,61782.0
2024-07-01 15:39:00,1719848340.0,0.4793,0.4793,0.479,0.479,79502.0
2024-07-01 15:40:00,1719848400.0,0.479,0.4794,0.479,0.4794,68524.0
2024-07-01 15:41:00,1719848460.0,0.4794,0.4794,0.4792,0.4792,62616.0
2024-07-01 15:42:00,1719848520.0,0.4792,0.4792,0.479,0.479,25073.0
2024-07-01 15:43:00,1719848580.0,0.479,0.4792,0.479,0.4791,45398.0
2024-07-01 15:44:00,1719848640.0,0.479,0.4791,0.4789,0.4789,55636.0
2024-07-01 15:45:00,1719848700.0,0.4789,0.479,0.4788,0.4789,38188.0
2024-07-01 15:46:00,1719848760.0,0.479,0.4791,0.4789,0.479,13202.0
2024-07-01 15:47:00,1719848820.0,0.479,0.4793,0.479,0.4792,32978.0
2024-07-01 15:48:00,1719848880.0,0.4792,0.4793,0.479,0.4793,133965.0
2024-07-01 15:49:00,1719848940.0,0.4794,0.4796,0.4794,0.4796,189891.0
2024-07-01 15:50:00,1719849000.0,0.4796,0.4801,0.4796,0.48,218538.0
2024-07-01 15:51:00,1719849060.0,0.48,0.48,0.4796,0.4796,37777.0
2024-07-01 15:52:00,1719849120.0,0.4797,0.4798,0.4796,0.4796,49315.0
2024-07-01 15:53:00,1719849180.0,0.4796,0.4798,0.4796,0.4798,37275.0
2024-07-01 15:54:00,1719849240.0,0.4797,0.4798,0.4797,0.4797,64628.0
2024-07-01 15:55:00,1719849300.0,0.4797,0.4797,0.4795,0.4795,188803.0
2024-07-01 15:56:00,1719849360.0,0.4794,0.4795,0.4794,0.4794,66930.0
2024-07-01 15:57:00,1719849420.0,0.4794,0.4796,0.4794,0.4795,45259.0
2024-07-01 15:58:00,1719849480.0,0.4796,0.4796,0.4795,0.4795,9071.0
2024-07-01 15:59:00,1719849540.0,0.4795,0.48,0.4795,0.4799,184778.0
2024-07-01 16:00:00,1719849600.0,0.48,0.4801,0.4799,0.4801,40066.0
2024-07-01 16:01:00,1719849660.0,0.48,0.4803,0.48,0.4801,33758.0
2024-07-01 16:02:00,1719849720.0,0.4801,0.4802,0.4798,0.4798,78360.0
2024-07-01 16:03:00,1719849780.0,0.4798,0.4799,0.4794,0.4795,81297.0
2024-07-01 16:04:00,1719849840.0,0.4794,0.4794,0.4789,0.4792,244164.0
2024-07-01 16:05:00,1719849900.0,0.4792,0.4793,0.4789,0.479,123942.0
2024-07-01 16:06:00,1719849960.0,0.479,0.4791,0.4788,0.4788,76160.0
2024-07-01 16:07:00,1719850020.0,0.4789,0.4791,0.4789,0.4791,72385.0
2024-07-01 16:08:00,1719850080.0,0.4791,0.4795,0.4791,0.4795,93133.0
2024-07-01 16:09:00,1719850140.0,0.4796,0.4798,0.4796,0.4798,116590.0
2024-07-01 16:10:00,1719850200.0,0.4798,0.4798,0.4795,0.4795,165112.0
2024-07-01 16:11:00,1719850260.0,0.4795,0.4798,0.4795,0.4797,63357.0
2024-07-01 16:12:00,1719850320.0,0.4797,0.4797,0.4795,0.4795,27298.0
2024-07-01 16:13:00,1719850380.0,0.4795,0.4798,0.4795,0.4797,149914.0
2024-07-01 16:14:00,1719850440.0,0.4797,0.4799,0.4797,0.4798,43106.0
2024-07-01 16:15:00,1719850500.0,0.4798,0.4799,0.4797,0.4797,270044.0
2024-07-01 16:16:00,1719850560.0,0.4797,0.4798,0.4796,0.4798,50502.0
2024-07-01 16:17:00,1719850620.0,0.4798,0.4799,0.4797,0.4799,28393.0
2024-07-01 16:18:00,1719850680.0,0.4799,0.48,0.4799,0.4799,76141.0
2024-07-01 16:19:00,1719850740.0,0.48,0.4801,0.4799,0.4799,104909.0
2024-07-01 16:20:00,1719850800.0,0.48,0.48,0.4798,0.4799,37169.0
2024-07-01 16:21:00,1719850860.0,0.4799,0.48,0.4797,0.4797,69693.0
2024-07-01 16:22:00,1719850920.0,0.4798,0.4798,0.4797,0.4798,52299.0
2024-07-01 16:23:00,1719850980.0,0.4799,0.4799,0.4796,0.4796,51143.0
2024-07-01 16:24:00,1719851040.0,0.4795,0.4797,0.4795,0.4797,24277.0
2024-07-01 16:25:00,1719851100.0,0.4797,0.4797,0.4796,0.4797,52958.0
2024-07-01 16:26:00,1719851160.0,0.4797,0.4798,0.4794,0.4795,75795.0
2024-07-01 16:27:00,1719851220.0,0.4794,0.4796,0.4794,0.4796,18452.0
2024-07-01 16:28:00,1719851280.0,0.4795,0.4796,0.4795,0.4795,14964.0
2024-07-01 16:29:00,1719851340.0,0.4795,0.4796,0.4795,0.4795,12889.0
2024-07-01 16:30:00,1719851400.0,0.4796,0.4797,0.4794,0.4795,99830.0
2024-07-01 16:31:00,1719851460.0,0.4796,0.4798,0.4796,0.4796,37825.0
2024-07-01 16:32:00,1719851520.0,0.4797,0.48,0.4797,0.4798,54937.0
2024-07-01 16:33:00,1719851580.0,0.4798,0.4802,0.4798,0.48,60763.0
2024-07-01 16:34:00,1719851640.0,0.4801,0.4802,0.4797,0.4797,57134.0
2024-07-01 16:35:00,1719851700.0,0.4797,0.4799,0.4797,0.4798,94846.0
2024-07-01 16:36:00,1719851760.0,0.4799,0.4799,0.4797,0.4798,106337.0
2024-07-01 16:37:00,1719851820.0,0.4798,0.4798,0.4797,0.4797,55508.0
2024-07-01 16:38:00,1719851880.0,0.4798,0.4799,0.4797,0.4798,92526.0
2024-07-01 16:39:00,1719851940.0,0.4799,0.4799,0.4795,0.4795,353458.0
2024-07-01 16:40:00,1719852000.0,0.4794,0.4794,0.479,0.479,257802.0
2024-07-01 16:41:00,1719852060.0,0.479,0.4791,0.4787,0.4788,239579.0
2024-07-01 16:42:00,1719852120.0,0.4788,0.4793,0.4787,0.4792,321282.0
2024-07-01 16:43:00,1719852180.0,0.4792,0.4792,0.4791,0.4792,84971.0
2024-07-01 16:44:00,1719852240.0,0.4792,0.4792,0.4791,0.4791,49234.0
2024-07-01 16:45:00,1719852300.0,0.4791,0.4792,0.4791,0.4791,93098.0
2024-07-01 16:46:00,1719852360.0,0.4792,0.4792,0.4791,0.4792,18219.0
2024-07-01 16:47:00,1719852420.0,0.4791,0.4791,0.4786,0.479,562995.0
2024-07-01 16:48:00,1719852480.0,0.479,0.4792,0.4789,0.4792,44747.0
2024-07-01 16:49:00,1719852540.0,0.4791,0.4793,0.4791,0.4791,31077.0
2024-07-01 16:50:00,1719852600.0,0.4791,0.4791,0.479,0.4791,43229.0
2024-07-01 16:51:00,1719852660.0,0.4791,0.4792,0.4791,0.4791,14891.0
2024-07-01 16:52:00,1719852720.0,0.479,0.4791,0.479,0.4791,19726.0
2024-07-01 16:53:00,1719852780.0,0.4792,0.4795,0.479,0.4792,259764.0
2024-07-01 16:54:00,1719852840.0,0.4791,0.4793,0.4791,0.4793,89839.0
2024-07-01 16:55:00,1719852900.0,0.4792,0.4793,0.479,0.479,64924.0
2024-07-01 16:56:00,1719852960.0,0.4791,0.4791,0.479,0.4791,54738.0
2024-07-01 16:57:00,1719853020.0,0.479,0.4791,0.479,0.4791,33397.0
2024-07-01 16:58:00,1719853080.0,0.479,0.4791,0.4789,0.479,61865.0
2024-07-01 16:59:00,1719853140.0,0.4791,0.4791,0.4788,0.4788,112539.0
2024-07-01 17:00:00,1719853200.0,0.4788,0.4789,0.4787,0.4788,103255.0
2024-07-01 17:01:00,1719853260.0,0.4787,0.4788,0.4783,0.4787,389513.0
2024-07-01 17:02:00,1719853320.0,0.4787,0.4791,0.4787,0.479,42598.0
2024-07-01 17:03:00,1719853380.0,0.479,0.4792,0.4789,0.4791,87061.0
2024-07-01 17:04:00,1719853440.0,0.4791,0.4792,0.479,0.479,88771.0
2024-07-01 17:05:00,1719853500.0,0.479,0.4791,0.4789,0.479,44220.0
2024-07-01 17:06:00,1719853560.0,0.4789,0.4791,0.4789,0.479,66832.0
2024-07-01 17:07:00,1719853620.0,0.479,0.4791,0.4789,0.4791,36968.0
2024-07-01 17:08:00,1719853680.0,0.479,0.4791,0.4789,0.4789,36387.0
2024-07-01 17:09:00,1719853740.0,0.4789,0.479,0.4786,0.4786,60267.0
2024-07-01 17:10:00,1719853800.0,0.4786,0.4786,0.4783,0.4783,84742.0
2024-07-01 17:11:00,1719853860.0,0.4784,0.4786,0.4783,0.4784,243188.0
2024-07-01 17:12:00,1719853920.0,0.4785,0.4785,0.4784,0.4785,52754.0
2024-07-01 17:13:00,1719853980.0,0.4785,0.4786,0.4784,0.4786,71134.0
2024-07-01 17:14:00,1719854040.0,0.4785,0.4786,0.4782,0.4782,142412.0
2024-07-01 17:15:00,1719854100.0,0.4782,0.4783,0.4778,0.478,248512.0
2024-07-01 17:16:00,1719854160.0,0.4779,0.4782,0.4779,0.478,283418.0
2024-07-01 17:17:00,1719854220.0,0.4779,0.478,0.4778,0.4779,104930.0
2024-07-01 17:18:00,1719854280.0,0.4779,0.4781,0.4778,0.4781,153902.0
2024-07-01 17:19:00,1719854340.0,0.4781,0.4781,0.4777,0.4778,89152.0
2024-07-01 17:20:00,1719854400.0,0.4777,0.478,0.4777,0.478,77510.0
2024-07-01 17:21:00,1719854460.0,0.478,0.478,0.4779,0.4779,24425.0
2024-07-01 17:22:00,1719854520.0,0.478,0.478,0.4776,0.4777,136269.0
2024-07-01 17:23:00,1719854580.0,0.4776,0.4777,0.4774,0.4774,275100.0
2024-07-01 17:24:00,1719854640.0,0.4774,0.4781,0.4774,0.478,489286.0
2024-07-01 17:25:00,1719854700.0,0.478,0.4782,0.478,0.4781,78065.0
2024-07-01 17:26:00,1719854760.0,0.4781,0.4784,0.478,0.4784,52868.0
2024-07-01 17:27:00,1719854820.0,0.4783,0.4788,0.4783,0.4788,42825.0
2024-07-01 17:28:00,1719854880.0,0.4788,0.4789,0.4787,0.4787,50830.0
2024-07-01 17:29:00,1719854940.0,0.4788,0.4789,0.4787,0.4788,63991.0
2024-07-01 17:30:00,1719855000.0,0.4787,0.4788,0.4786,0.4788,57258.0
2024-07-01 17:31:00,1719855060.0,0.4788,0.4788,0.4786,0.4788,77701.0
2024-07-01 17:32:00,1719855120.0,0.4788,0.4791,0.4788,0.479,118035.0
2024-07-01 17:33:00,1719855180.0,0.4791,0.4792,0.4789,0.4791,109903.0
2024-07-01 17:34:00,1719855240.0,0.4791,0.4792,0.4789,0.4789,69658.0
2024-07-01 17:35:00,1719855300.0,0.4789,0.4789,0.4786,0.4786,209087.0
2024-07-01 17:36:00,1719855360.0,0.4786,0.4789,0.4786,0.4787,190186.0
2024-07-01 17:37:00,1719855420.0,0.4787,0.4788,0.4785,0.4786,251260.0
2024-07-01 17:38:00,1719855480.0,0.4787,0.4787,0.4785,0.4785,101623.0
2024-07-01 17:39:00,1719855540.0,0.4785,0.4786,0.4785,0.4786,58465.0
2024-07-01 17:40:00,1719855600.0,0.4785,0.479,0.4785,0.4789,227664.0
2024-07-01 17:41:00,1719855660.0,0.479,0.4793,0.4789,0.479,154552.0
2024-07-01 17:42:00,1719855720.0,0.479,0.4791,0.4789,0.479,100249.0
2024-07-01 17:43:00,1719855780.0,0.4789,0.4791,0.4788,0.4791,67151.0
2024-07-01 17:44:00,1719855840.0,0.4791,0.4793,0.4791,0.4793,118957.0
2024-07-01 17:45:00,1719855900.0,0.4793,0.4794,0.4793,0.4793,100519.0
2024-07-01 17:46:00,1719855960.0,0.4793,0.4794,0.4791,0.4792,42821.0
2024-07-01 17:47:00,1719856020.0,0.4792,0.4793,0.4792,0.4793,26745.0
2024-07-01 17:48:00,1719856080.0,0.4793,0.4793,0.4792,0.4792,16173.0
2024-07-01 17:49:00,1719856140.0,0.4793,0.4793,0.479,0.479,75118.0
2024-07-01 17:50:00,1719856200.0,0.479,0.4791,0.4789,0.479,69486.0
2024-07-01 17:51:00,1719856260.0,0.479,0.4791,0.4789,0.479,114778.0
2024-07-01 17:52:00,1719856320.0,0.4789,0.4791,0.4789,0.479,141363.0
2024-07-01 17:53:00,1719856380.0,0.479,0.4791,0.4789,0.4789,153359.0
2024-07-01 17:54:00,1719856440.0,0.4789,0.479,0.4789,0.4789,109331.0
2024-07-01 17:55:00,1719856500.0,0.4789,0.4791,0.4789,0.479,157604.0
2024-07-01 17:56:00,1719856560.0,0.479,0.4792,0.479,0.4792,136744.0
2024-07-01 17:57:00,1719856620.0,0.4792,0.4793,0.4791,0.4792,31036.0
2024-07-01 17:58:00,1719856680.0,0.4793,0.4793,0.4792,0.4793,4999.0
2024-07-01 17:59:00,1719856740.0,0.4792,0.4793,0.4791,0.4791,25721.0
2024-07-01 18:00:00,1719856800.0,0.4792,0.4793,0.4791,0.4791,30340.0
2024-07-01 18:01:00,1719856860.0,0.4791,0.4793,0.4787,0.479,524791.0
2024-07-01 18:02:00,1719856920.0,0.479,0.4791,0.4788,0.4791,273156.0
2024-07-01 18:03:00,1719856980.0,0.479,0.4792,0.4789,0.4792,54848.0
2024-07-01 18:04:00,1719857040.0,0.4792,0.4792,0.4791,0.4792,9764.0
2024-07-01 18:05:00,1719857100.0,0.4791,0.4792,0.479,0.479,67285.0
2024-07-01 18:06:00,1719857160.0,0.4791,0.4791,0.479,0.4791,38727.0
2024-07-01 18:07:00,1719857220.0,0.4791,0.4791,0.4788,0.4789,54247.0
2024-07-01 18:08:00,1719857280.0,0.4789,0.4789,0.4788,0.4788,15462.0
2024-07-01 18:09:00,1719857340.0,0.4789,0.4789,0.4786,0.4788,89901.0
2024-07-01 18:10:00,1719857400.0,0.4788,0.4788,0.4787,0.4788,20853.0
2024-07-01 18:11:00,1719857460.0,0.4787,0.4787,0.4785,0.4787,54532.0
2024-07-01 18:12:00,1719857520.0,0.4786,0.4786,0.4785,0.4786,62296.0
2024-07-01 18:13:00,1719857580.0,0.4785,0.4786,0.4784,0.4784,27674.0
2024-07-01 18:14:00,1719857640.0,0.4784,0.4785,0.4783,0.4783,29117.0
2024-07-01 18:15:00,1719857700.0,0.4783,0.4784,0.4783,0.4784,36317.0
2024-07-01 18:16:00,1719857760.0,0.4783,0.4784,0.4782,0.4784,62192.0
2024-07-01 18:17:00,1719857820.0,0.4784,0.4786,0.4784,0.4785,53560.0
2024-07-01 18:18:00,1719857880.0,0.4786,0.4788,0.4785,0.4787,162745.0
2024-07-01 18:19:00,1719857940.0,0.4787,0.4791,0.4787,0.4791,164351.0
2024-07-01 18:20:00,1719858000.0,0.4791,0.4792,0.479,0.4792,43747.0
2024-07-01 18:21:00,1719858060.0,0.4791,0.4792,0.479,0.479,105017.0
2024-07-01 18:22:00,1719858120.0,0.479,0.4793,0.4789,0.4792,58294.0
2024-07-01 18:23:00,1719858180.0,0.4792,0.4793,0.479,0.4791,34433.0
2024-07-01 18:24:00,1719858240.0,0.479,0.4791,0.4787,0.4787,45036.0
2024-07-01 18:25:00,1719858300.0,0.4788,0.4788,0.4784,0.4785,111409.0
2024-07-01 18:26:00,1719858360.0,0.4784,0.4784,0.4777,0.4779,296012.0
2024-07-01 18:27:00,1719858420.0,0.4779,0.4779,0.4774,0.4778,117101.0
2024-07-01 18:28:00,1719858480.0,0.4778,0.4781,0.4778,0.4779,54784.0
2024-07-01 18:29:00,1719858540.0,0.4779,0.4779,0.4777,0.4779,56632.0
2024-07-01 18:30:00,1719858600.0,0.4778,0.4778,0.4775,0.4776,49332.0
2024-07-01 18:31:00,1719858660.0,0.4777,0.4779,0.4777,0.4777,66373.0
2024-07-01 18:32:00,1719858720.0,0.4777,0.4778,0.4774,0.4774,73241.0
2024-07-01 18:33:00,1719858780.0,0.4775,0.4777,0.4775,0.4776,55301.0
2024-07-01 18:34:00,1719858840.0,0.4776,0.4776,0.4772,0.4773,62344.0
2024-07-01 18:35:00,1719858900.0,0.4773,0.4775,0.477,0.4774,185685.0
2024-07-01 18:36:00,1719858960.0,0.4774,0.4776,0.4774,0.4775,105658.0
2024-07-01 18:37:00,1719859020.0,0.4774,0.4775,0.4772,0.4773,169537.0
2024-07-01 18:38:00,1719859080.0,0.4772,0.4774,0.4771,0.4772,43182.0
2024-07-01 18:39:00,1719859140.0,0.4771,0.4772,0.477,0.4772,59174.0
2024-07-01 18:40:00,1719859200.0,0.4772,0.4772,0.4771,0.4772,6391.0
2024-07-01 18:41:00,1719859260.0,0.4772,0.4775,0.4772,0.4775,36226.0
2024-07-01 18:42:00,1719859320.0,0.4774,0.4775,0.4772,0.4773,43440.0
2024-07-01 18:43:00,1719859380.0,0.4773,0.4773,0.4772,0.4773,6928.0
2024-07-01 18:44:00,1719859440.0,0.4773,0.4774,0.4772,0.4773,39543.0
2024-07-01 18:45:00,1719859500.0,0.4774,0.4775,0.4774,0.4775,41952.0
2024-07-01 18:46:00,1719859560.0,0.4775,0.4775,0.4773,0.4774,39357.0
2024-07-01 18:47:00,1719859620.0,0.4774,0.4774,0.4772,0.4772,20099.0
2024-07-01 18:48:00,1719859680.0,0.4772,0.4774,0.4772,0.4774,40722.0
2024-07-01 18:49:00,1719859740.0,0.4774,0.4775,0.4773,0.4775,17924.0
2024-07-01 18:50:00,1719859800.0,0.4775,0.4775,0.4774,0.4775,71519.0
2024-07-01 18:51:00,1719859860.0,0.4775,0.4777,0.4775,0.4775,77291.0
2024-07-01 18:52:00,1719859920.0,0.4775,0.4777,0.4775,0.4776,30969.0
2024-07-01 18:53:00,1719859980.0,0.4777,0.4777,0.4775,0.4776,83699.0
2024-07-01 18:54:00,1719860040.0,0.4777,0.4777,0.4776,0.4776,16596.0
2024-07-01 18:55:00,1719860100.0,0.4777,0.4777,0.4775,0.4775,27379.0
2024-07-01 18:56:00,1719860160.0,0.4776,0.4776,0.4775,0.4776,15244.0
2024-07-01 18:57:00,1719860220.0,0.4776,0.4777,0.4775,0.4777,34230.0
2024-07-01 18:58:00,1719860280.0,0.4777,0.4778,0.4776,0.4778,16631.0
2024-07-01 18:59:00,1719860340.0,0.4778,0.4778,0.4776,0.4777,75433.0
2024-07-01 19:00:00,1719860400.0,0.4776,0.4777,0.4774,0.4774,134553.0
2024-07-01 19:01:00,1719860460.0,0.4774,0.4775,0.4774,0.4774,25429.0
2024-07-01 19:02:00,1719860520.0,0.4773,0.4774,0.4772,0.4772,39530.0
2024-07-01 19:03:00,1719860580.0,0.4772,0.4774,0.4772,0.4773,35160.0
2024-07-01 19:04:00,1719860640.0,0.4774,0.4774,0.4773,0.4774,19646.0
2024-07-01 19:05:00,1719860700.0,0.4773,0.4776,0.4773,0.4776,89157.0
2024-07-01 19:06:00,1719860760.0,0.4775,0.4779,0.4775,0.4779,57315.0
2024-07-01 19:07:00,1719860820.0,0.4779,0.478,0.4778,0.4778,37125.0
2024-07-01 19:08:00,1719860880.0,0.4778,0.4779,0.4778,0.4778,10358.0
2024-07-01 19:09:00,1719860940.0,0.4779,0.4779,0.4778,0.4779,24988.0
2024-07-01 19:10:00,1719861000.0,0.4778,0.4781,0.4778,0.4778,193765.0
2024-07-01 19:11:00,1719861060.0,0.4777,0.4778,0.4777,0.4778,18617.0
2024-07-01 19:12:00,1719861120.0,0.4778,0.4778,0.4777,0.4777,9453.0
2024-07-01 19:13:00,1719861180.0,0.4777,0.4778,0.4777,0.4778,3363.0
2024-07-01 19:14:00,1719861240.0,0.4778,0.4778,0.4776,0.4776,69547.0
2024-07-01 19:15:00,1719861300.0,0.4775,0.4776,0.4774,0.4775,58254.0
2024-07-01 19:16:00,1719861360.0,0.4775,0.4775,0.4773,0.4773,41250.0
2024-07-01 19:17:00,1719861420.0,0.4773,0.4775,0.4773,0.4775,106657.0
2024-07-01 19:18:00,1719861480.0,0.4775,0.4776,0.4774,0.4774,25330.0
2024-07-01 19:19:00,1719861540.0,0.4774,0.4775,0.4774,0.4775,8511.0
2024-07-01 19:20:00,1719861600.0,0.4775,0.4775,0.4773,0.4774,23384.0
2024-07-01 19:21:00,1719861660.0,0.4774,0.4776,0.4774,0.4776,68749.0
2024-07-01 19:22:00,1719861720.0,0.4776,0.4778,0.4776,0.4778,28226.0
2024-07-01 19:23:00,1719861780.0,0.4777,0.4778,0.4776,0.4777,21082.0
2024-07-01 19:24:00,1719861840.0,0.4777,0.4777,0.4776,0.4777,37918.0
2024-07-01 19:25:00,1719861900.0,0.4776,0.4777,0.4775,0.4775,143515.0
2024-07-01 19:26:00,1719861960.0,0.4775,0.4776,0.4772,0.4773,67814.0
2024-07-01 19:27:00,1719862020.0,0.4773,0.4774,0.4772,0.4773,44785.0
2024-07-01 19:28:00,1719862080.0,0.4773,0.4774,0.4772,0.4774,12242.0
2024-07-01 19:29:00,1719862140.0,0.4773,0.4773,0.4771,0.4771,76880.0
2024-07-01 19:30:00,1719862200.0,0.4771,0.4772,0.4771,0.4772,49334.0
2024-07-01 19:31:00,1719862260.0,0.4772,0.4774,0.477,0.4771,46860.0
2024-07-01 19:32:00,1719862320.0,0.4771,0.4772,0.477,0.477,126276.0
2024-07-01 19:33:00,1719862380.0,0.477,0.4772,0.477,0.4772,63837.0
2024-07-01 19:34:00,1719862440.0,0.4773,0.4775,0.4772,0.4775,32575.0
2024-07-01 19:35:00,1719862500.0,0.4774,0.4774,0.4773,0.4774,79862.0
2024-07-01 19:36:00,1719862560.0,0.4774,0.4774,0.4769,0.4769,24248.0
2024-07-01 19:37:00,1719862620.0,0.477,0.477,0.4766,0.4769,204004.0
2024-07-01 19:38:00,1719862680.0,0.477,0.4771,0.4769,0.477,68641.0
2024-07-01 19:39:00,1719862740.0,0.4769,0.477,0.4769,0.4769,16973.0
2024-07-01 19:40:00,1719862800.0,0.4769,0.477,0.4768,0.477,58858.0
2024-07-01 19:41:00,1719862860.0,0.477,0.4771,0.4769,0.4771,7373.0
2024-07-01 19:42:00,1719862920.0,0.477,0.4771,0.4768,0.4768,60566.0
2024-07-01 19:43:00,1719862980.0,0.4767,0.4768,0.4766,0.4766,27470.0
2024-07-01 19:44:00,1719863040.0,0.4767,0.4768,0.4766,0.4768,18960.0
2024-07-01 19:45:00,1719863100.0,0.4767,0.4769,0.4767,0.4769,97859.0
2024-07-01 19:46:00,1719863160.0,0.4769,0.4774,0.4765,0.4771,804771.0
2024-07-01 19:47:00,1719863220.0,0.4771,0.4778,0.4771,0.4777,291829.0
2024-07-01 19:48:00,1719863280.0,0.4776,0.4778,0.4774,0.4775,292666.0
2024-07-01 19:49:00,1719863340.0,0.4775,0.4776,0.4772,0.4772,183603.0
2024-07-01 19:50:00,1719863400.0,0.4772,0.4774,0.477,0.4772,196436.0
2024-07-01 19:51:00,1719863460.0,0.4772,0.4773,0.4771,0.4773,66445.0
2024-07-01 19:52:00,1719863520.0,0.4772,0.4774,0.4772,0.4772,39056.0
2024-07-01 19:53:00,1719863580.0,0.4773,0.4773,0.477,0.477,37629.0
2024-07-01 19:54:00,1719863640.0,0.4771,0.4771,0.477,0.477,70097.0
2024-07-01 19:55:00,1719863700.0,0.477,0.4771,0.4768,0.4768,19394.0
2024-07-01 19:56:00,1719863760.0,0.4769,0.4769,0.4768,0.4769,5744.0
2024-07-01 19:57:00,1719863820.0,0.4769,0.4769,0.4768,0.4769,6707.0
2024-07-01 19:58:00,1719863880.0,0.4769,0.477,0.4768,0.477,28998.0
2024-07-01 19:59:00,1719863940.0,0.477,0.4773,0.4769,0.4771,136650.0
2024-07-01 20:00:00,1719864000.0,0.477,0.477,0.4769,0.477,34179.0
2024-07-01 20:01:00,1719864060.0,0.477,0.477,0.4769,0.477,25035.0
2024-07-01 20:02:00,1719864120.0,0.477,0.477,0.4769,0.477,22324.0
2024-07-01 20:03:00,1719864180.0,0.4769,0.477,0.4769,0.477,46340.0
2024-07-01 20:04:00,1719864240.0,0.477,0.4771,0.4769,0.4769,35728.0
2024-07-01 20:05:00,1719864300.0,0.477,0.477,0.4769,0.4769,46583.0
2024-07-01 20:06:00,1719864360.0,0.4769,0.477,0.4769,0.477,50081.0
2024-07-01 20:07:00,1719864420.0,0.4769,0.477,0.4769,0.477,19085.0
2024-07-01 20:08:00,1719864480.0,0.4769,0.477,0.4769,0.477,17285.0
2024-07-01 20:09:00,1719864540.0,0.477,0.4771,0.4769,0.4771,71500.0
2024-07-01 20:10:00,1719864600.0,0.4771,0.4771,0.477,0.4771,12910.0
2024-07-01 20:11:00,1719864660.0,0.477,0.4771,0.477,0.4771,23240.0
2024-07-01 20:12:00,1719864720.0,0.4771,0.4771,0.4769,0.477,15699.0
2024-07-01 20:13:00,1719864780.0,0.477,0.477,0.4769,0.4769,10254.0
2024-07-01 20:14:00,1719864840.0,0.477,0.477,0.4769,0.477,22542.0
2024-07-01 20:15:00,1719864900.0,0.4769,0.477,0.4769,0.477,21023.0
2024-07-01 20:16:00,1719864960.0,0.477,0.4771,0.477,0.477,6005.0
2024-07-01 20:17:00,1719865020.0,0.477,0.4771,0.477,0.477,17593.0
2024-07-01 20:18:00,1719865080.0,0.477,0.4773,0.477,0.4773,350409.0
2024-07-01 20:19:00,1719865140.0,0.4773,0.4776,0.4773,0.4774,311919.0
2024-07-01 20:20:00,1719865200.0,0.4775,0.4775,0.4773,0.4774,14292.0
2024-07-01 20:21:00,1719865260.0,0.4774,0.4774,0.4773,0.4774,14579.0
2024-07-01 20:22:00,1719865320.0,0.4774,0.4775,0.4774,0.4774,18712.0
2024-07-01 20:23:00,1719865380.0,0.4774,0.4775,0.4773,0.4773,16592.0
2024-07-01 20:24:00,1719865440.0,0.4774,0.4774,0.4773,0.4774,29632.0
2024-07-01 20:25:00,1719865500.0,0.4774,0.4774,0.4773,0.4774,16502.0
2024-07-01 20:26:00,1719865560.0,0.4773,0.4774,0.4773,0.4774,6212.0
2024-07-01 20:27:00,1719865620.0,0.4774,0.4774,0.4773,0.4774,11478.0
2024-07-01 20:28:00,1719865680.0,0.4774,0.4774,0.4773,0.4774,17333.0
2024-07-01 20:29:00,1719865740.0,0.4774,0.4774,0.4773,0.4774,33344.0
2024-07-01 20:30:00,1719865800.0,0.4773,0.4774,0.4771,0.4772,24932.0
2024-07-01 20:31:00,1719865860.0,0.4772,0.4772,0.477,0.477,35570.0
2024-07-01 20:32:00,1719865920.0,0.477,0.4771,0.477,0.477,14593.0
2024-07-01 20:33:00,1719865980.0,0.4771,0.4772,0.477,0.4772,37221.0
2024-07-01 20:34:00,1719866040.0,0.4773,0.4774,0.4772,0.4774,22915.0
2024-07-01 20:35:00,1719866100.0,0.4773,0.4774,0.4773,0.4773,6128.0
2024-07-01 20:36:00,1719866160.0,0.4774,0.4774,0.4773,0.4774,27030.0
2024-07-01 20:37:00,1719866220.0,0.4774,0.4774,0.4773,0.4774,20191.0
2024-07-01 20:38:00,1719866280.0,0.4773,0.4774,0.4773,0.4774,6307.0
2024-07-01 20:39:00,1719866340.0,0.4774,0.4774,0.4771,0.4771,117609.0
2024-07-01 20:40:00,1719866400.0,0.4771,0.4773,0.477,0.4772,84030.0
2024-07-01 20:41:00,1719866460.0,0.4773,0.4773,0.4771,0.4772,24839.0
2024-07-01 20:42:00,1719866520.0,0.4771,0.4772,0.4771,0.4772,30443.0
2024-07-01 20:43:00,1719866580.0,0.4773,0.4774,0.4773,0.4773,25756.0
2024-07-01 20:44:00,1719866640.0,0.4773,0.4774,0.4773,0.4774,11937.0
2024-07-01 20:45:00,1719866700.0,0.4773,0.4776,0.4773,0.4775,41550.0
2024-07-01 20:46:00,1719866760.0,0.4775,0.4775,0.4774,0.4775,18665.0
2024-07-01 20:47:00,1719866820.0,0.4775,0.4776,0.4774,0.4776,37681.0
2024-07-01 20:48:00,1719866880.0,0.4776,0.4776,0.4775,0.4776,10501.0
2024-07-01 20:49:00,1719866940.0,0.4776,0.4776,0.4775,0.4775,10765.0
2024-07-01 20:50:00,1719867000.0,0.4776,0.4776,0.4775,0.4775,13093.0
2024-07-01 20:51:00,1719867060.0,0.4776,0.4776,0.4775,0.4776,25289.0
2024-07-01 20:52:00,1719867120.0,0.4776,0.4776,0.4774,0.4775,170618.0
2024-07-01 20:53:00,1719867180.0,0.4775,0.4776,0.4774,0.4776,65660.0
2024-07-01 20:54:00,1719867240.0,0.4776,0.4777,0.4776,0.4777,15048.0
2024-07-01 20:55:00,1719867300.0,0.4777,0.4777,0.4775,0.4776,54864.0
2024-07-01 20:56:00,1719867360.0,0.4775,0.4776,0.4775,0.4776,11128.0
2024-07-01 20:57:00,1719867420.0,0.4776,0.4776,0.4775,0.4776,17863.0
2024-07-01 20:58:00,1719867480.0,0.4776,0.4776,0.4775,0.4776,13813.0
2024-07-01 20:59:00,1719867540.0,0.4776,0.4776,0.4775,0.4776,42522.0
2024-07-01 21:00:00,1719867600.0,0.4776,0.4776,0.4775,0.4776,34952.0
2024-07-01 21:01:00,1719867660.0,0.4776,0.4776,0.4775,0.4776,22775.0
2024-07-01 21:02:00,1719867720.0,0.4775,0.4776,0.4775,0.4776,15470.0
2024-07-01 21:03:00,1719867780.0,0.4776,0.4778,0.4776,0.4778,124964.0
2024-07-01 21:04:00,1719867840.0,0.4777,0.4778,0.4777,0.4777,23461.0
2024-07-01 21:05:00,1719867900.0,0.4778,0.4779,0.4777,0.4779,72244.0
2024-07-01 21:06:00,1719867960.0,0.4779,0.4779,0.4778,0.4779,5214.0
2024-07-01 21:07:00,1719868020.0,0.4779,0.4779,0.4778,0.4779,11408.0
2024-07-01 21:08:00,1719868080.0,0.4779,0.4779,0.4778,0.4779,10659.0
2024-07-01 21:09:00,1719868140.0,0.4779,0.4779,0.4778,0.4778,44862.0
2024-07-01 21:10:00,1719868200.0,0.4779,0.4779,0.4778,0.4779,75707.0
2024-07-01 21:11:00,1719868260.0,0.4779,0.478,0.4778,0.478,33578.0
2024-07-01 21:12:00,1719868320.0,0.478,0.478,0.4779,0.478,19879.0
2024-07-01 21:13:00,1719868380.0,0.478,0.478,0.4779,0.478,17028.0
2024-07-01 21:14:00,1719868440.0,0.478,0.478,0.4779,0.478,50993.0
2024-07-01 21:15:00,1719868500.0,0.478,0.478,0.4779,0.478,5243.0
2024-07-01 21:16:00,1719868560.0,0.478,0.478,0.4779,0.478,6301.0
2024-07-01 21:17:00,1719868620.0,0.478,0.478,0.4779,0.478,28565.0
2024-07-01 21:18:00,1719868680.0,0.478,0.478,0.4778,0.4779,100108.0
2024-07-01 21:19:00,1719868740.0,0.4778,0.4778,0.4777,0.4778,14966.0
2024-07-01 21:20:00,1719868800.0,0.4778,0.4778,0.4777,0.4777,30281.0
2024-07-01 21:21:00,1719868860.0,0.4777,0.4777,0.4776,0.4776,22136.0
2024-07-01 21:22:00,1719868920.0,0.4777,0.4777,0.4776,0.4776,13676.0
2024-07-01 21:23:00,1719868980.0,0.4777,0.4777,0.4776,0.4777,11123.0
2024-07-01 21:24:00,1719869040.0,0.4777,0.4777,0.4776,0.4776,10316.0
2024-07-01 21:25:00,1719869100.0,0.4776,0.4776,0.4772,0.4772,260052.0
2024-07-01 21:26:00,1719869160.0,0.4773,0.4773,0.4771,0.4772,18640.0
2024-07-01 21:27:00,1719869220.0,0.4771,0.4772,0.4771,0.4771,15946.0
2024-07-01 21:28:00,1719869280.0,0.4772,0.4772,0.4771,0.4772,25151.0
2024-07-01 21:29:00,1719869340.0,0.4772,0.4772,0.4771,0.4772,22956.0
2024-07-01 21:30:00,1719869400.0,0.4772,0.4772,0.4771,0.4772,16022.0
2024-07-01 21:31:00,1719869460.0,0.4771,0.4772,0.4771,0.4772,6552.0
2024-07-01 21:32:00,1719869520.0,0.4772,0.4772,0.4771,0.4772,33983.0
2024-07-01 21:33:00,1719869580.0,0.4772,0.4772,0.4771,0.4772,40598.0
2024-07-01 21:34:00,1719869640.0,0.4772,0.4772,0.4771,0.4772,6672.0
2024-07-01 21:35:00,1719869700.0,0.4772,0.4772,0.477,0.4771,42927.0
2024-07-01 21:36:00,1719869760.0,0.477,0.4771,0.477,0.477,6079.0
2024-07-01 21:37:00,1719869820.0,0.477,0.4771,0.477,0.4771,6202.0
2024-07-01 21:38:00,1719869880.0,0.4771,0.4771,0.477,0.477,12598.0
2024-07-01 21:39:00,1719869940.0,0.477,0.4773,0.477,0.4773,77277.0
2024-07-01 21:40:00,1719870000.0,0.4773,0.4774,0.4773,0.4774,133214.0
2024-07-01 21:41:00,1719870060.0,0.4773,0.4776,0.4773,0.4776,90402.0
2024-07-01 21:42:00,1719870120.0,0.4776,0.4777,0.4775,0.4777,10775.0
2024-07-01 21:43:00,1719870180.0,0.4776,0.4778,0.4776,0.4777,60101.0
2024-07-01 21:44:00,1719870240.0,0.4777,0.478,0.4777,0.4779,50057.0
2024-07-01 21:45:00,1719870300.0,0.4779,0.4782,0.4779,0.4782,105322.0
2024-07-01 21:46:00,1719870360.0,0.4782,0.4782,0.4781,0.4782,15706.0
2024-07-01 21:47:00,1719870420.0,0.4782,0.4785,0.4781,0.4784,43970.0
2024-07-01 21:48:00,1719870480.0,0.4784,0.4785,0.4782,0.4783,131445.0
2024-07-01 21:49:00,1719870540.0,0.4782,0.4783,0.4782,0.4782,17207.0
2024-07-01 21:50:00,1719870600.0,0.4782,0.4783,0.4782,0.4782,14595.0
2024-07-01 21:51:00,1719870660.0,0.4782,0.4783,0.4782,0.4783,25463.0
2024-07-01 21:52:00,1719870720.0,0.4782,0.4783,0.4781,0.4782,215514.0
2024-07-01 21:53:00,1719870780.0,0.4781,0.4783,0.4781,0.4782,29631.0
2024-07-01 21:54:00,1719870840.0,0.4782,0.4783,0.4782,0.4783,36553.0
2024-07-01 21:55:00,1719870900.0,0.4783,0.479,0.4783,0.4789,665635.0
2024-07-01 21:56:00,1719870960.0,0.4788,0.4789,0.4785,0.4785,72030.0
2024-07-01 21:57:00,1719871020.0,0.4786,0.4786,0.4785,0.4786,12747.0
2024-07-01 21:58:00,1719871080.0,0.4786,0.4786,0.4785,0.4785,19432.0
2024-07-01 21:59:00,1719871140.0,0.4786,0.4786,0.4785,0.4786,100290.0
2024-07-01 22:00:00,1719871200.0,0.4786,0.4786,0.4785,0.4785,15075.0
2024-07-01 22:01:00,1719871260.0,0.4785,0.4786,0.4783,0.4783,338335.0
2024-07-01 22:02:00,1719871320.0,0.4784,0.4784,0.4783,0.4784,21417.0
2024-07-01 22:03:00,1719871380.0,0.4783,0.4785,0.4783,0.4785,266025.0
2024-07-01 22:04:00,1719871440.0,0.4785,0.4787,0.4785,0.4787,42682.0
2024-07-01 22:05:00,1719871500.0,0.4787,0.4788,0.4785,0.4785,172829.0
2024-07-01 22:06:00,1719871560.0,0.4786,0.4786,0.4785,0.4786,8076.0
2024-07-01 22:07:00,1719871620.0,0.4785,0.4785,0.4783,0.4783,30046.0
2024-07-01 22:08:00,1719871680.0,0.4783,0.4785,0.4783,0.4785,37310.0
2024-07-01 22:09:00,1719871740.0,0.4785,0.4786,0.4784,0.4786,52205.0
2024-07-01 22:10:00,1719871800.0,0.4786,0.4787,0.4785,0.4786,33538.0
2024-07-01 22:11:00,1719871860.0,0.4786,0.4787,0.4786,0.4786,16168.0
2024-07-01 22:12:00,1719871920.0,0.4786,0.4786,0.4782,0.4782,92942.0
2024-07-01 22:13:00,1719871980.0,0.4782,0.4782,0.478,0.4781,48215.0
2024-07-01 22:14:00,1719872040.0,0.4781,0.4781,0.4779,0.478,49039.0
2024-07-01 22:15:00,1719872100.0,0.478,0.4781,0.478,0.4781,38666.0
2024-07-01 22:16:00,1719872160.0,0.4781,0.4781,0.478,0.4781,8909.0
2024-07-01 22:17:00,1719872220.0,0.478,0.4783,0.478,0.4783,167625.0
2024-07-01 22:18:00,1719872280.0,0.4782,0.4783,0.4781,0.4781,58915.0
2024-07-01 22:19:00,1719872340.0,0.4781,0.4782,0.4781,0.4782,12366.0
2024-07-01 22:20:00,1719872400.0,0.4781,0.4783,0.478,0.4782,90435.0
2024-07-01 22:21:00,1719872460.0,0.4782,0.4783,0.478,0.478,81117.0
2024-07-01 22:22:00,1719872520.0,0.478,0.4781,0.478,0.4781,8640.0
2024-07-01 22:23:00,1719872580.0,0.478,0.478,0.4773,0.4774,555994.0
2024-07-01 22:24:00,1719872640.0,0.4774,0.4774,0.4754,0.4763,1854764.0
2024-07-01 22:25:00,1719872700.0,0.4763,0.4767,0.4761,0.4762,373902.0
2024-07-01 22:26:00,1719872760.0,0.4761,0.4766,0.476,0.4765,140569.0
2024-07-01 22:27:00,1719872820.0,0.4765,0.477,0.4765,0.4769,150348.0
2024-07-01 22:28:00,1719872880.0,0.4768,0.4769,0.4764,0.4764,251031.0
2024-07-01 22:29:00,1719872940.0,0.4765,0.477,0.4765,0.477,44034.0
2024-07-01 22:30:00,1719873000.0,0.477,0.477,0.4762,0.4763,401286.0
2024-07-01 22:31:00,1719873060.0,0.4763,0.4764,0.4761,0.4763,78482.0
2024-07-01 22:32:00,1719873120.0,0.4762,0.4768,0.4762,0.4768,28122.0
2024-07-01 22:33:00,1719873180.0,0.4767,0.4769,0.4766,0.4768,57399.0
2024-07-01 22:34:00,1719873240.0,0.4768,0.4768,0.4764,0.4765,173336.0
2024-07-01 22:35:00,1719873300.0,0.4765,0.4765,0.4764,0.4765,28823.0
2024-07-01 22:36:00,1719873360.0,0.4765,0.4767,0.4765,0.4767,79465.0
2024-07-01 22:37:00,1719873420.0,0.4766,0.4768,0.4766,0.4767,50400.0
2024-07-01 22:38:00,1719873480.0,0.4767,0.4769,0.4767,0.4769,87722.0
2024-07-01 22:39:00,1719873540.0,0.4768,0.477,0.4768,0.477,24817.0
2024-07-01 22:40:00,1719873600.0,0.4769,0.4769,0.4768,0.4769,83577.0
2024-07-01 22:41:00,1719873660.0,0.4769,0.477,0.4769,0.477,13597.0
2024-07-01 22:42:00,1719873720.0,0.4769,0.4772,0.4769,0.4771,71778.0
2024-07-01 22:43:00,1719873780.0,0.4771,0.4771,0.477,0.4771,31010.0
2024-07-01 22:44:00,1719873840.0,0.477,0.4771,0.477,0.477,77623.0
2024-07-01 22:45:00,1719873900.0,0.4769,0.477,0.4768,0.4768,92426.0
2024-07-01 22:46:00,1719873960.0,0.4768,0.4773,0.4768,0.4772,70865.0
2024-07-01 22:47:00,1719874020.0,0.4772,0.4774,0.4771,0.4773,26346.0
2024-07-01 22:48:00,1719874080.0,0.4774,0.4775,0.4772,0.4773,24394.0
2024-07-01 22:49:00,1719874140.0,0.4772,0.4772,0.4771,0.4771,19599.0
2024-07-01 22:50:00,1719874200.0,0.4771,0.4772,0.4771,0.4772,15443.0
2024-07-01 22:51:00,1719874260.0,0.4771,0.4772,0.477,0.4772,44425.0
2024-07-01 22:52:00,1719874320.0,0.4771,0.4772,0.4771,0.4772,22861.0
2024-07-01 22:53:00,1719874380.0,0.4771,0.4773,0.4771,0.4773,24588.0
2024-07-01 22:54:00,1719874440.0,0.4773,0.4773,0.4772,0.4773,6197.0
2024-07-01 22:55:00,1719874500.0,0.4772,0.4774,0.4772,0.4774,48010.0
2024-07-01 22:56:00,1719874560.0,0.4773,0.4774,0.4773,0.4774,12984.0
2024-07-01 22:57:00,1719874620.0,0.4773,0.4774,0.4773,0.4774,30628.0
2024-07-01 22:58:00,1719874680.0,0.4774,0.4776,0.4774,0.4776,22552.0
2024-07-01 22:59:00,1719874740.0,0.4775,0.4776,0.4775,0.4775,20488.0
2024-07-01 23:00:00,1719874800.0,0.4776,0.4776,0.4774,0.4775,55096.0
2024-07-01 23:01:00,1719874860.0,0.4776,0.4777,0.4775,0.4775,61041.0
2024-07-01 23:02:00,1719874920.0,0.4775,0.4775,0.4774,0.4775,11258.0
2024-07-01 23:03:00,1719874980.0,0.4775,0.4775,0.4774,0.4775,10122.0
2024-07-01 23:04:00,1719875040.0,0.4774,0.4775,0.4774,0.4774,12536.0
2024-07-01 23:05:00,1719875100.0,0.4775,0.4775,0.4774,0.4775,28647.0
2024-07-01 23:06:00,1719875160.0,0.4775,0.4775,0.4774,0.4775,11021.0
2024-07-01 23:07:00,1719875220.0,0.4775,0.4775,0.4774,0.4775,19408.0
2024-07-01 23:08:00,1719875280.0,0.4775,0.4775,0.4773,0.4773,35159.0
2024-07-01 23:09:00,1719875340.0,0.4774,0.4774,0.4773,0.4773,13907.0
2024-07-01 23:10:00,1719875400.0,0.4773,0.4773,0.4772,0.4772,101284.0
2024-07-01 23:11:00,1719875460.0,0.4772,0.4773,0.4772,0.4772,135409.0
2024-07-01 23:12:00,1719875520.0,0.4772,0.4772,0.4771,0.4772,14933.0
2024-07-01 23:13:00,1719875580.0,0.4772,0.4773,0.4771,0.4773,61308.0
2024-07-01 23:14:00,1719875640.0,0.4773,0.4774,0.4772,0.4774,27288.0
2024-07-01 23:15:00,1719875700.0,0.4774,0.4774,0.4772,0.4772,118044.0
2024-07-01 23:16:00,1719875760.0,0.4772,0.4773,0.4772,0.4773,12700.0
2024-07-01 23:17:00,1719875820.0,0.4772,0.4773,0.4771,0.4772,42934.0
2024-07-01 23:18:00,1719875880.0,0.4771,0.4772,0.4771,0.4771,15234.0
2024-07-01 23:19:00,1719875940.0,0.4771,0.4771,0.477,0.477,37501.0
2024-07-01 23:20:00,1719876000.0,0.477,0.477,0.4765,0.4766,127597.0
2024-07-01 23:21:00,1719876060.0,0.4766,0.4768,0.4766,0.4767,31359.0
2024-07-01 23:22:00,1719876120.0,0.4768,0.4768,0.4765,0.4766,44611.0
2024-07-01 23:23:00,1719876180.0,0.4765,0.4766,0.4763,0.4766,73407.0
2024-07-01 23:24:00,1719876240.0,0.4766,0.4766,0.4765,0.4766,12506.0
2024-07-01 23:25:00,1719876300.0,0.4766,0.4766,0.4765,0.4766,13064.0
2024-07-01 23:26:00,1719876360.0,0.4765,0.4766,0.4765,0.4766,30771.0
2024-07-01 23:27:00,1719876420.0,0.4766,0.4767,0.4765,0.4767,36759.0
2024-07-01 23:28:00,1719876480.0,0.4767,0.4767,0.4766,0.4767,24465.0
2024-07-01 23:29:00,1719876540.0,0.4766,0.4768,0.4766,0.4768,37503.0
2024-07-01 23:30:00,1719876600.0,0.4768,0.4769,0.4767,0.4768,112656.0
2024-07-01 23:31:00,1719876660.0,0.4767,0.477,0.4767,0.4769,29731.0
2024-07-01 23:32:00,1719876720.0,0.477,0.477,0.4769,0.4769,8186.0
2024-07-01 23:33:00,1719876780.0,0.477,0.477,0.4768,0.477,18451.0
2024-07-01 23:34:00,1719876840.0,0.4769,0.477,0.4769,0.4769,23370.0
2024-07-01 23:35:00,1719876900.0,0.477,0.477,0.4768,0.4768,21892.0
2024-07-01 23:36:00,1719876960.0,0.4768,0.477,0.4768,0.477,23206.0
2024-07-01 23:37:00,1719877020.0,0.4769,0.477,0.4767,0.4768,30209.0
2024-07-01 23:38:00,1719877080.0,0.4768,0.4768,0.4766,0.4767,37777.0
2024-07-01 23:39:00,1719877140.0,0.4767,0.4772,0.4767,0.4771,151223.0
2024-07-01 23:40:00,1719877200.0,0.4772,0.4772,0.4771,0.4771,80984.0
2024-07-01 23:41:00,1719877260.0,0.4771,0.4772,0.477,0.477,23252.0
2024-07-01 23:42:00,1719877320.0,0.4771,0.4773,0.477,0.4771,97467.0
2024-07-01 23:43:00,1719877380.0,0.4771,0.4772,0.4771,0.4771,12155.0
2024-07-01 23:44:00,1719877440.0,0.4771,0.4773,0.4771,0.4771,66746.0
2024-07-01 23:45:00,1719877500.0,0.4771,0.4773,0.4771,0.4773,47538.0
2024-07-01 23:46:00,1719877560.0,0.4773,0.4773,0.4771,0.4771,34590.0
2024-07-01 23:47:00,1719877620.0,0.4772,0.4772,0.4769,0.477,38246.0
2024-07-01 23:48:00,1719877680.0,0.4769,0.477,0.4769,0.4769,14853.0
2024-07-01 23:49:00,1719877740.0,0.4768,0.4768,0.4765,0.4765,266564.0
2024-07-01 23:50:00,1719877800.0,0.4766,0.4768,0.4766,0.4768,64082.0
2024-07-01 23:51:00,1719877860.0,0.4768,0.4769,0.4766,0.4769,212584.0
2024-07-01 23:52:00,1719877920.0,0.4769,0.4769,0.4768,0.4769,13791.0
2024-07-01 23:53:00,1719877980.0,0.4769,0.477,0.4768,0.4769,50043.0
2024-07-01 23:54:00,1719878040.0,0.477,0.4771,0.4769,0.4771,38560.0
2024-07-01 23:55:00,1719878100.0,0.477,0.4771,0.4769,0.4769,40773.0
2024-07-01 23:56:00,1719878160.0,0.4769,0.4771,0.4769,0.477,83024.0
2024-07-01 23:57:00,1719878220.0,0.477,0.4771,0.477,0.4771,94360.0
2024-07-01 23:58:00,1719878280.0,0.477,0.4771,0.477,0.4771,31759.0
2024-07-01 23:59:00,1719878340.0,0.477,0.4771,0.477,0.477,21462.0
