Universal Time,Unix Time,Open,High,Low,Close,Volume
2021-02-18 00:00:00,1613606400.0,237.39,238.5,237.28,238.36,8422.52617
2021-02-18 00:01:00,1613606460.0,238.49,239.0,238.21,238.59,4179.94051
2021-02-18 00:02:00,1613606520.0,238.58,239.18,238.58,238.94,2818.41041
2021-02-18 00:03:00,1613606580.0,238.95,239.09,237.81,238.49,2682.34719
2021-02-18 00:04:00,1613606640.0,238.5,238.52,237.64,237.82,2647.67925
2021-02-18 00:05:00,1613606700.0,237.83,238.29,237.64,237.75,1700.70367
2021-02-18 00:06:00,1613606760.0,237.74,237.96,237.09,237.15,2168.13059
2021-02-18 00:07:00,1613606820.0,237.14,237.28,236.73,236.89,2844.85448
2021-02-18 00:08:00,1613606880.0,236.88,236.95,236.29,236.3,2905.81304
2021-02-18 00:09:00,1613606940.0,236.3,236.55,236.21,236.45,2262.20478
2021-02-18 00:10:00,1613607000.0,236.47,237.13,236.41,237.07,924.22999
2021-02-18 00:11:00,1613607060.0,237.07,237.07,236.03,236.28,2232.72268
2021-02-18 00:12:00,1613607120.0,236.29,236.56,235.6,235.79,1871.09477
2021-02-18 00:13:00,1613607180.0,235.79,236.42,235.49,235.55,1453.30309
2021-02-18 00:14:00,1613607240.0,235.58,236.08,235.58,235.84,1485.97331
2021-02-18 00:15:00,1613607300.0,235.82,235.84,234.92,235.0,3197.02857
2021-02-18 00:16:00,1613607360.0,235.0,235.36,234.69,234.89,1474.043
2021-02-18 00:17:00,1613607420.0,234.9,235.04,234.29,234.96,2590.35259
2021-02-18 00:18:00,1613607480.0,234.96,235.62,234.81,235.11,709.63817
2021-02-18 00:19:00,1613607540.0,235.1,235.33,234.89,235.07,556.69677
2021-02-18 00:20:00,1613607600.0,235.07,235.57,234.99,235.53,454.56298
2021-02-18 00:21:00,1613607660.0,235.53,235.64,235.14,235.53,711.88137
2021-02-18 00:22:00,1613607720.0,235.5,236.15,235.5,236.13,446.34693
2021-02-18 00:23:00,1613607780.0,236.12,236.97,236.09,236.5,2745.17779
2021-02-18 00:24:00,1613607840.0,236.48,236.48,235.7,236.02,1720.60717
2021-02-18 00:25:00,1613607900.0,236.06,236.06,235.64,235.87,524.51788
2021-02-18 00:26:00,1613607960.0,235.85,235.85,234.7,234.84,2165.96161
2021-02-18 00:27:00,1613608020.0,234.84,235.57,234.84,235.57,964.87061
2021-02-18 00:28:00,1613608080.0,235.57,235.89,235.35,235.61,649.14904
2021-02-18 00:29:00,1613608140.0,235.61,235.7,235.13,235.2,469.4465
2021-02-18 00:30:00,1613608200.0,235.16,235.58,235.1,235.23,641.88422
2021-02-18 00:31:00,1613608260.0,235.25,235.66,234.84,235.17,1306.43387
2021-02-18 00:32:00,1613608320.0,235.18,236.07,235.18,236.06,1082.57269
2021-02-18 00:33:00,1613608380.0,236.06,236.46,235.97,235.99,662.91702
2021-02-18 00:34:00,1613608440.0,235.99,236.09,235.11,235.21,916.79619
2021-02-18 00:35:00,1613608500.0,235.21,235.45,234.95,235.1,1084.57041
2021-02-18 00:36:00,1613608560.0,235.09,235.92,235.05,235.63,610.99568
2021-02-18 00:37:00,1613608620.0,235.63,236.4,235.63,236.05,1185.45778
2021-02-18 00:38:00,1613608680.0,236.04,236.29,235.37,235.47,765.40744
2021-02-18 00:39:00,1613608740.0,235.46,235.54,235.21,235.49,1296.58069
2021-02-18 00:40:00,1613608800.0,235.42,235.46,235.02,235.38,1608.09248
2021-02-18 00:41:00,1613608860.0,235.38,235.76,235.23,235.46,1169.8413
2021-02-18 00:42:00,1613608920.0,235.38,235.49,235.02,235.03,480.61693
2021-02-18 00:43:00,1613608980.0,235.03,235.59,234.77,234.94,673.33819
2021-02-18 00:44:00,1613609040.0,234.95,234.99,233.93,234.17,1993.68364
2021-02-18 00:45:00,1613609100.0,234.12,234.47,234.0,234.07,1234.08748
2021-02-18 00:46:00,1613609160.0,234.06,234.49,233.75,233.95,889.857
2021-02-18 00:47:00,1613609220.0,233.96,234.19,233.63,233.75,1021.52789
2021-02-18 00:48:00,1613609280.0,233.74,234.4,233.67,234.05,1268.54984
2021-02-18 00:49:00,1613609340.0,234.02,234.44,233.99,234.16,562.37511
2021-02-18 00:50:00,1613609400.0,234.16,234.43,234.04,234.37,768.90221
2021-02-18 00:51:00,1613609460.0,234.36,234.85,234.29,234.82,974.66041
2021-02-18 00:52:00,1613609520.0,234.84,235.19,234.63,235.14,635.71582
2021-02-18 00:53:00,1613609580.0,235.14,235.47,235.0,235.19,1215.2607
2021-02-18 00:54:00,1613609640.0,235.19,235.47,234.82,234.95,595.48175
2021-02-18 00:55:00,1613609700.0,234.97,235.02,234.36,234.59,763.96595
2021-02-18 00:56:00,1613609760.0,234.58,234.88,234.44,234.74,368.04768
2021-02-18 00:57:00,1613609820.0,234.74,234.99,234.3,234.37,673.16029
2021-02-18 00:58:00,1613609880.0,234.36,234.42,234.14,234.2,804.26989
2021-02-18 00:59:00,1613609940.0,234.2,234.32,234.02,234.2,695.69321
2021-02-18 01:00:00,1613610000.0,234.19,234.25,233.81,234.05,2330.58105
2021-02-18 01:01:00,1613610060.0,234.05,234.25,233.76,234.1,956.34725
2021-02-18 01:02:00,1613610120.0,234.09,234.09,233.3,233.3,1414.84337
2021-02-18 01:03:00,1613610180.0,233.35,233.96,233.06,233.55,1479.09097
2021-02-18 01:04:00,1613610240.0,233.56,233.59,232.71,232.82,1515.7926
2021-02-18 01:05:00,1613610300.0,232.81,233.2,232.25,233.03,1256.2984
2021-02-18 01:06:00,1613610360.0,233.03,233.72,232.81,233.1,975.13838
2021-02-18 01:07:00,1613610420.0,233.1,233.55,232.79,232.85,1086.66297
2021-02-18 01:08:00,1613610480.0,232.82,233.52,232.82,233.26,978.83023
2021-02-18 01:09:00,1613610540.0,233.25,233.37,232.71,233.17,2345.89819
2021-02-18 01:10:00,1613610600.0,233.17,233.25,232.46,232.65,1019.44068
2021-02-18 01:11:00,1613610660.0,232.67,233.31,232.67,233.11,724.84002
2021-02-18 01:12:00,1613610720.0,233.12,233.55,232.93,233.34,450.80928
2021-02-18 01:13:00,1613610780.0,233.34,233.7,233.33,233.63,723.69548
2021-02-18 01:14:00,1613610840.0,233.66,233.67,233.03,233.3,1115.32159
2021-02-18 01:15:00,1613610900.0,233.28,233.73,232.73,232.87,2083.59296
2021-02-18 01:16:00,1613610960.0,232.87,233.02,232.47,232.47,888.48976
2021-02-18 01:17:00,1613611020.0,232.47,232.88,232.36,232.43,1415.26719
2021-02-18 01:18:00,1613611080.0,232.43,233.14,232.23,232.76,1296.27953
2021-02-18 01:19:00,1613611140.0,232.76,233.1,232.51,232.91,1327.95329
2021-02-18 01:20:00,1613611200.0,232.88,233.39,232.68,233.03,1515.65918
2021-02-18 01:21:00,1613611260.0,233.03,233.22,232.75,232.96,1093.81432
2021-02-18 01:22:00,1613611320.0,232.95,233.1,232.79,233.04,496.03417
2021-02-18 01:23:00,1613611380.0,233.04,233.48,233.04,233.29,729.1209
2021-02-18 01:24:00,1613611440.0,233.26,233.53,232.81,232.81,1201.14813
2021-02-18 01:25:00,1613611500.0,232.97,233.24,232.77,232.99,731.96305
2021-02-18 01:26:00,1613611560.0,232.99,233.02,232.44,232.51,430.83674
2021-02-18 01:27:00,1613611620.0,232.5,232.75,232.33,232.68,603.74496
2021-02-18 01:28:00,1613611680.0,232.69,233.39,232.67,233.33,1666.68537
2021-02-18 01:29:00,1613611740.0,233.38,233.65,233.14,233.56,1323.77353
2021-02-18 01:30:00,1613611800.0,233.58,233.75,233.1,233.17,1422.98833
2021-02-18 01:31:00,1613611860.0,233.17,233.62,233.15,233.21,461.01272
2021-02-18 01:32:00,1613611920.0,233.22,233.48,232.99,233.44,934.74908
2021-02-18 01:33:00,1613611980.0,233.47,233.75,233.42,233.7,598.45444
2021-02-18 01:34:00,1613612040.0,233.68,233.86,233.55,233.85,506.20925
2021-02-18 01:35:00,1613612100.0,233.84,234.88,233.74,234.77,1779.52489
2021-02-18 01:36:00,1613612160.0,234.82,235.0,234.42,234.83,1786.95937
2021-02-18 01:37:00,1613612220.0,234.87,235.13,234.84,234.94,885.7326
2021-02-18 01:38:00,1613612280.0,234.93,235.29,234.8,234.94,965.66942
2021-02-18 01:39:00,1613612340.0,234.95,235.1,234.6,234.92,513.34143
2021-02-18 01:40:00,1613612400.0,234.91,235.18,234.52,235.09,1284.76634
2021-02-18 01:41:00,1613612460.0,235.08,235.13,234.7,235.02,354.82669
2021-02-18 01:42:00,1613612520.0,235.04,235.34,234.84,235.27,413.52378
2021-02-18 01:43:00,1613612580.0,235.27,235.62,235.09,235.35,1294.57243
2021-02-18 01:44:00,1613612640.0,235.35,235.43,234.91,235.27,1712.5896
2021-02-18 01:45:00,1613612700.0,235.27,235.49,234.94,235.01,1301.4716
2021-02-18 01:46:00,1613612760.0,235.05,235.25,234.35,234.59,2333.70625
2021-02-18 01:47:00,1613612820.0,234.53,234.71,234.33,234.64,1469.83473
2021-02-18 01:48:00,1613612880.0,234.64,234.84,233.68,233.81,2046.21441
2021-02-18 01:49:00,1613612940.0,233.81,234.12,233.75,234.01,782.17412
2021-02-18 01:50:00,1613613000.0,233.97,234.21,233.89,234.14,962.56198
2021-02-18 01:51:00,1613613060.0,234.15,234.74,234.12,234.53,657.81975
2021-02-18 01:52:00,1613613120.0,234.52,234.95,234.48,234.86,453.73812
2021-02-18 01:53:00,1613613180.0,234.86,235.78,234.86,235.22,2962.69993
2021-02-18 01:54:00,1613613240.0,235.28,236.0,235.28,235.91,1703.08026
2021-02-18 01:55:00,1613613300.0,235.92,236.85,235.92,236.72,2016.20157
2021-02-18 01:56:00,1613613360.0,236.73,237.4,236.63,237.2,3090.08678
2021-02-18 01:57:00,1613613420.0,237.23,237.5,235.78,236.03,4006.32291
2021-02-18 01:58:00,1613613480.0,236.04,237.0,236.02,236.88,2149.66629
2021-02-18 01:59:00,1613613540.0,236.8,237.2,236.3,236.87,2447.7004
2021-02-18 02:00:00,1613613600.0,236.8,237.4,236.66,237.28,3390.03594
2021-02-18 02:01:00,1613613660.0,237.24,237.41,236.3,236.38,3717.84869
2021-02-18 02:02:00,1613613720.0,236.37,236.57,235.95,236.26,2343.17133
2021-02-18 02:03:00,1613613780.0,236.26,236.36,235.23,235.45,3674.12005
2021-02-18 02:04:00,1613613840.0,235.45,235.96,235.45,235.61,1216.91463
2021-02-18 02:05:00,1613613900.0,235.61,235.75,235.18,235.22,870.10397
2021-02-18 02:06:00,1613613960.0,235.23,235.54,235.0,235.0,1088.13553
2021-02-18 02:07:00,1613614020.0,235.0,235.17,234.75,234.86,1486.1797
2021-02-18 02:08:00,1613614080.0,234.85,234.85,234.5,234.51,884.77911
2021-02-18 02:09:00,1613614140.0,234.5,234.59,234.0,234.36,1553.65792
2021-02-18 02:10:00,1613614200.0,234.36,234.59,234.0,234.26,378.55646
2021-02-18 02:11:00,1613614260.0,234.26,234.37,234.02,234.25,887.24081
2021-02-18 02:12:00,1613614320.0,234.3,234.55,234.06,234.55,675.76181
2021-02-18 02:13:00,1613614380.0,234.51,234.67,234.21,234.64,714.51634
2021-02-18 02:14:00,1613614440.0,234.66,234.98,234.6,234.94,1443.88303
2021-02-18 02:15:00,1613614500.0,234.94,234.99,234.47,234.58,1986.18635
2021-02-18 02:16:00,1613614560.0,234.58,234.58,234.22,234.44,443.92784
2021-02-18 02:17:00,1613614620.0,234.48,234.49,233.21,234.39,4950.41413
2021-02-18 02:18:00,1613614680.0,234.39,234.68,234.3,234.43,887.40457
2021-02-18 02:19:00,1613614740.0,234.41,234.41,234.1,234.27,862.72858
2021-02-18 02:20:00,1613614800.0,234.28,234.32,233.92,234.04,1304.30743
2021-02-18 02:21:00,1613614860.0,234.04,234.11,233.78,233.96,1285.29011
2021-02-18 02:22:00,1613614920.0,233.95,234.2,233.79,234.2,406.8953
2021-02-18 02:23:00,1613614980.0,234.2,234.22,233.98,234.19,412.79656
2021-02-18 02:24:00,1613615040.0,234.19,235.02,234.17,235.01,1853.10924
2021-02-18 02:25:00,1613615100.0,235.0,235.18,234.72,234.87,632.15981
2021-02-18 02:26:00,1613615160.0,234.88,235.0,234.19,234.39,859.2222
2021-02-18 02:27:00,1613615220.0,234.41,234.99,234.41,234.95,600.59522
2021-02-18 02:28:00,1613615280.0,234.95,235.39,234.87,235.23,883.71776
2021-02-18 02:29:00,1613615340.0,235.24,235.34,234.45,234.74,1264.12417
2021-02-18 02:30:00,1613615400.0,234.74,234.8,234.19,234.78,1266.43632
2021-02-18 02:31:00,1613615460.0,234.76,234.99,234.53,234.72,742.95089
2021-02-18 02:32:00,1613615520.0,234.72,234.82,234.5,234.61,555.38108
2021-02-18 02:33:00,1613615580.0,234.62,234.99,234.59,234.94,344.61011
2021-02-18 02:34:00,1613615640.0,234.94,234.97,234.49,234.53,3176.34919
2021-02-18 02:35:00,1613615700.0,234.53,234.98,234.51,234.92,423.03958
2021-02-18 02:36:00,1613615760.0,234.87,235.0,234.64,234.96,207.61791
2021-02-18 02:37:00,1613615820.0,234.96,235.22,234.78,235.14,428.56999
2021-02-18 02:38:00,1613615880.0,235.15,235.2,234.69,235.17,357.75002
2021-02-18 02:39:00,1613615940.0,235.17,235.19,234.74,234.74,335.31344
2021-02-18 02:40:00,1613616000.0,234.73,234.81,234.41,234.65,1176.97999
2021-02-18 02:41:00,1613616060.0,234.66,234.79,234.5,234.54,260.36785
2021-02-18 02:42:00,1613616120.0,234.51,234.71,234.27,234.59,1023.59401
2021-02-18 02:43:00,1613616180.0,234.59,234.71,234.25,234.71,360.86097
2021-02-18 02:44:00,1613616240.0,234.73,234.98,234.64,234.95,398.75961
2021-02-18 02:45:00,1613616300.0,234.9,235.8,234.9,235.37,1901.394
2021-02-18 02:46:00,1613616360.0,235.38,235.92,235.27,235.85,1275.9786
2021-02-18 02:47:00,1613616420.0,235.85,236.34,235.74,235.81,1735.11808
2021-02-18 02:48:00,1613616480.0,235.76,235.81,235.05,235.53,736.57747
2021-02-18 02:49:00,1613616540.0,235.53,235.62,235.1,235.34,496.08124
2021-02-18 02:50:00,1613616600.0,235.34,236.18,235.32,236.13,1340.14158
2021-02-18 02:51:00,1613616660.0,236.13,236.73,235.96,236.36,1389.08169
2021-02-18 02:52:00,1613616720.0,236.36,236.62,236.2,236.33,838.91401
2021-02-18 02:53:00,1613616780.0,236.31,236.31,235.66,235.72,2356.04391
2021-02-18 02:54:00,1613616840.0,235.73,235.86,235.26,235.45,934.93178
2021-02-18 02:55:00,1613616900.0,235.42,235.64,235.08,235.21,754.63758
2021-02-18 02:56:00,1613616960.0,235.18,235.66,235.06,235.66,505.17559
2021-02-18 02:57:00,1613617020.0,235.66,235.78,235.18,235.45,969.49685
2021-02-18 02:58:00,1613617080.0,235.45,235.49,234.8,235.14,1085.72946
2021-02-18 02:59:00,1613617140.0,235.14,235.26,234.8,235.11,208.82948
2021-02-18 03:00:00,1613617200.0,235.09,235.4,235.03,235.36,414.10154
2021-02-18 03:01:00,1613617260.0,235.37,235.37,234.47,234.69,1444.38558
2021-02-18 03:02:00,1613617320.0,234.7,234.79,234.45,234.57,301.49142
2021-02-18 03:03:00,1613617380.0,234.57,234.89,234.31,234.54,413.24844
2021-02-18 03:04:00,1613617440.0,234.54,234.71,234.54,234.56,401.35153
2021-02-18 03:05:00,1613617500.0,234.57,234.6,234.17,234.18,687.12068
2021-02-18 03:06:00,1613617560.0,234.18,234.36,234.02,234.18,404.19515
2021-02-18 03:07:00,1613617620.0,234.19,234.36,234.12,234.26,326.44958
2021-02-18 03:08:00,1613617680.0,234.27,234.32,233.91,234.3,2593.00858
2021-02-18 03:09:00,1613617740.0,234.3,234.44,234.02,234.04,402.95822
2021-02-18 03:10:00,1613617800.0,234.04,234.15,233.78,233.78,810.06368
2021-02-18 03:11:00,1613617860.0,233.79,233.9,233.55,233.67,682.04127
2021-02-18 03:12:00,1613617920.0,233.69,233.93,233.55,233.7,363.57578
2021-02-18 03:13:00,1613617980.0,233.7,234.28,233.63,234.02,454.30799
2021-02-18 03:14:00,1613618040.0,234.03,234.4,234.03,234.32,1490.22754
2021-02-18 03:15:00,1613618100.0,234.26,234.49,234.08,234.29,536.47965
2021-02-18 03:16:00,1613618160.0,234.29,234.52,234.29,234.43,240.62693
2021-02-18 03:17:00,1613618220.0,234.43,234.61,234.07,234.12,532.47487
2021-02-18 03:18:00,1613618280.0,234.12,234.42,234.03,234.16,272.27002
2021-02-18 03:19:00,1613618340.0,234.17,234.38,233.83,234.16,486.25969
2021-02-18 03:20:00,1613618400.0,234.16,234.27,233.75,233.86,398.46298
2021-02-18 03:21:00,1613618460.0,233.85,233.85,233.13,233.45,515.57385
2021-02-18 03:22:00,1613618520.0,233.45,233.71,233.38,233.45,1087.35254
2021-02-18 03:23:00,1613618580.0,233.45,233.74,233.4,233.47,408.1443
2021-02-18 03:24:00,1613618640.0,233.47,233.57,233.35,233.35,316.84555
2021-02-18 03:25:00,1613618700.0,233.35,233.44,233.11,233.19,846.89149
2021-02-18 03:26:00,1613618760.0,233.18,233.22,232.75,232.91,1374.57842
2021-02-18 03:27:00,1613618820.0,232.92,233.38,232.92,233.06,861.2961
2021-02-18 03:28:00,1613618880.0,233.06,233.12,232.81,232.83,482.62587
2021-02-18 03:29:00,1613618940.0,232.82,232.82,232.14,232.4,1120.38735
2021-02-18 03:30:00,1613619000.0,232.41,233.5,232.35,233.47,760.63562
2021-02-18 03:31:00,1613619060.0,233.47,233.57,232.71,233.24,1333.86258
2021-02-18 03:32:00,1613619120.0,233.24,233.74,233.24,233.51,544.96089
2021-02-18 03:33:00,1613619180.0,233.51,233.71,233.24,233.29,347.78069
2021-02-18 03:34:00,1613619240.0,233.28,233.39,233.11,233.14,475.51669
2021-02-18 03:35:00,1613619300.0,233.16,233.3,232.8,232.85,360.39443
2021-02-18 03:36:00,1613619360.0,232.91,233.28,232.87,232.99,392.97312
2021-02-18 03:37:00,1613619420.0,232.99,233.41,232.99,233.37,180.92967
2021-02-18 03:38:00,1613619480.0,233.37,233.37,232.87,232.92,712.83279
2021-02-18 03:39:00,1613619540.0,232.92,232.92,232.23,232.23,251.48402
2021-02-18 03:40:00,1613619600.0,232.26,232.3,231.66,231.83,1198.66517
2021-02-18 03:41:00,1613619660.0,231.82,232.29,231.75,232.29,1085.7189
2021-02-18 03:42:00,1613619720.0,232.28,232.28,231.57,231.64,503.75648
2021-02-18 03:43:00,1613619780.0,231.63,232.0,231.59,231.81,635.69469
2021-02-18 03:44:00,1613619840.0,231.81,232.25,231.75,232.21,375.64759
2021-02-18 03:45:00,1613619900.0,232.21,232.21,231.91,232.01,497.40334
2021-02-18 03:46:00,1613619960.0,232.01,232.4,231.79,232.3,936.38765
2021-02-18 03:47:00,1613620020.0,232.3,232.46,232.23,232.36,276.42555
2021-02-18 03:48:00,1613620080.0,232.36,232.36,231.98,232.28,412.1422
2021-02-18 03:49:00,1613620140.0,232.28,232.53,231.95,232.34,574.53851
2021-02-18 03:50:00,1613620200.0,232.35,232.64,232.09,232.34,653.66404
2021-02-18 03:51:00,1613620260.0,232.34,232.37,232.05,232.13,673.69463
2021-02-18 03:52:00,1613620320.0,232.13,232.22,231.83,232.09,352.96579
2021-02-18 03:53:00,1613620380.0,232.09,232.11,231.84,232.04,273.57231
2021-02-18 03:54:00,1613620440.0,232.04,232.34,231.7,232.33,3614.38445
2021-02-18 03:55:00,1613620500.0,232.33,232.42,231.91,232.07,962.17769
2021-02-18 03:56:00,1613620560.0,232.07,232.14,231.99,232.02,590.56986
2021-02-18 03:57:00,1613620620.0,232.02,232.32,231.98,232.29,1717.50463
2021-02-18 03:58:00,1613620680.0,232.29,232.48,232.13,232.42,555.44812
2021-02-18 03:59:00,1613620740.0,232.42,232.54,232.23,232.35,4937.57193
2021-02-18 04:00:00,1613620800.0,232.35,232.49,230.86,231.39,3911.3491
2021-02-18 04:01:00,1613620860.0,231.39,231.45,230.51,230.68,1249.26475
2021-02-18 04:02:00,1613620920.0,230.7,230.73,229.85,230.0,2979.69587
2021-02-18 04:03:00,1613620980.0,230.0,231.9,229.87,231.63,3078.14214
2021-02-18 04:04:00,1613621040.0,231.62,231.62,230.6,230.61,910.79116
2021-02-18 04:05:00,1613621100.0,230.61,230.92,230.22,230.36,1432.49397
2021-02-18 04:06:00,1613621160.0,230.35,230.61,229.85,230.06,1936.93015
2021-02-18 04:07:00,1613621220.0,230.06,230.45,229.58,230.25,2538.2833
2021-02-18 04:08:00,1613621280.0,230.25,230.47,229.89,230.25,1189.99743
2021-02-18 04:09:00,1613621340.0,230.25,230.25,229.58,229.59,1125.22157
2021-02-18 04:10:00,1613621400.0,229.58,229.82,228.16,229.54,5801.01929
2021-02-18 04:11:00,1613621460.0,229.38,230.13,229.06,230.1,1826.46014
2021-02-18 04:12:00,1613621520.0,230.11,230.13,229.37,229.44,1663.2979
2021-02-18 04:13:00,1613621580.0,229.44,229.52,229.17,229.37,675.31683
2021-02-18 04:14:00,1613621640.0,229.37,229.37,229.03,229.23,438.61718
2021-02-18 04:15:00,1613621700.0,229.22,229.22,228.4,228.81,2472.76259
2021-02-18 04:16:00,1613621760.0,228.79,230.1,228.79,230.09,1731.85998
2021-02-18 04:17:00,1613621820.0,230.08,230.46,229.63,230.02,2117.54502
2021-02-18 04:18:00,1613621880.0,229.98,229.98,228.94,229.26,1722.35387
2021-02-18 04:19:00,1613621940.0,229.26,229.61,229.24,229.51,579.86967
2021-02-18 04:20:00,1613622000.0,229.49,229.54,229.19,229.38,398.32028
2021-02-18 04:21:00,1613622060.0,229.4,229.48,228.97,229.08,1210.18471
2021-02-18 04:22:00,1613622120.0,229.08,229.58,228.83,229.16,1462.71962
2021-02-18 04:23:00,1613622180.0,229.15,229.59,229.0,229.42,1194.67589
2021-02-18 04:24:00,1613622240.0,229.42,229.59,229.11,229.45,628.73017
2021-02-18 04:25:00,1613622300.0,229.45,230.0,229.31,229.96,1068.76746
2021-02-18 04:26:00,1613622360.0,229.97,230.07,229.5,229.65,1075.71534
2021-02-18 04:27:00,1613622420.0,229.64,230.07,229.63,229.81,1007.03907
2021-02-18 04:28:00,1613622480.0,229.83,230.41,229.52,230.33,1540.84707
2021-02-18 04:29:00,1613622540.0,230.33,230.35,229.84,230.3,702.8046
2021-02-18 04:30:00,1613622600.0,230.31,230.43,230.03,230.38,439.68303
2021-02-18 04:31:00,1613622660.0,230.38,230.61,230.32,230.41,411.03473
2021-02-18 04:32:00,1613622720.0,230.41,230.46,230.29,230.39,206.5365
2021-02-18 04:33:00,1613622780.0,230.4,230.82,230.38,230.81,715.77128
2021-02-18 04:34:00,1613622840.0,230.81,231.25,230.75,230.82,2562.31716
2021-02-18 04:35:00,1613622900.0,230.8,230.96,230.58,230.95,408.0565
2021-02-18 04:36:00,1613622960.0,230.95,230.96,230.55,230.84,981.321
2021-02-18 04:37:00,1613623020.0,230.84,231.08,230.59,230.9,617.55623
2021-02-18 04:38:00,1613623080.0,230.9,231.13,230.73,230.92,680.77525
2021-02-18 04:39:00,1613623140.0,230.92,231.11,230.65,230.98,570.84293
2021-02-18 04:40:00,1613623200.0,230.98,231.22,230.79,231.07,471.36118
2021-02-18 04:41:00,1613623260.0,231.07,231.13,230.7,230.8,629.37692
2021-02-18 04:42:00,1613623320.0,230.81,231.38,230.81,231.1,927.45079
2021-02-18 04:43:00,1613623380.0,231.1,231.15,230.85,231.01,259.4926
2021-02-18 04:44:00,1613623440.0,231.0,231.29,230.96,231.22,638.29878
2021-02-18 04:45:00,1613623500.0,231.21,231.28,230.8,230.9,873.94482
2021-02-18 04:46:00,1613623560.0,230.9,231.0,230.75,230.75,704.51079
2021-02-18 04:47:00,1613623620.0,230.76,231.07,230.7,231.04,316.25614
2021-02-18 04:48:00,1613623680.0,231.03,231.2,230.95,231.08,570.23098
2021-02-18 04:49:00,1613623740.0,231.11,231.3,230.85,231.23,478.15653
2021-02-18 04:50:00,1613623800.0,231.24,231.4,231.03,231.28,642.11177
2021-02-18 04:51:00,1613623860.0,231.26,231.26,230.91,231.05,751.686
2021-02-18 04:52:00,1613623920.0,231.05,231.1,230.75,230.76,630.33901
2021-02-18 04:53:00,1613623980.0,230.77,230.96,230.29,230.96,536.44922
2021-02-18 04:54:00,1613624040.0,230.95,231.01,230.68,230.91,450.83373
2021-02-18 04:55:00,1613624100.0,230.91,231.15,230.78,230.97,490.64193
2021-02-18 04:56:00,1613624160.0,230.97,230.97,230.49,230.74,470.13056
2021-02-18 04:57:00,1613624220.0,230.74,231.15,230.5,231.05,566.17261
2021-02-18 04:58:00,1613624280.0,231.04,231.31,230.85,231.26,574.25141
2021-02-18 04:59:00,1613624340.0,231.32,231.56,231.16,231.43,497.10107
2021-02-18 05:00:00,1613624400.0,231.43,231.55,231.2,231.24,475.00093
2021-02-18 05:01:00,1613624460.0,231.24,231.34,230.86,231.23,1407.28495
2021-02-18 05:02:00,1613624520.0,231.25,231.51,231.08,231.45,296.42913
2021-02-18 05:03:00,1613624580.0,231.44,231.6,231.16,231.54,744.17905
2021-02-18 05:04:00,1613624640.0,231.54,231.62,231.33,231.54,330.3508
2021-02-18 05:05:00,1613624700.0,231.55,231.55,231.38,231.45,415.12086
2021-02-18 05:06:00,1613624760.0,231.44,231.61,230.94,231.23,917.98528
2021-02-18 05:07:00,1613624820.0,231.23,231.33,230.89,231.21,530.09959
2021-02-18 05:08:00,1613624880.0,231.21,231.36,231.07,231.36,339.58415
2021-02-18 05:09:00,1613624940.0,231.33,231.7,231.16,231.7,636.20817
2021-02-18 05:10:00,1613625000.0,231.69,231.69,231.37,231.52,294.5041
2021-02-18 05:11:00,1613625060.0,231.52,231.56,231.1,231.18,2936.00276
2021-02-18 05:12:00,1613625120.0,231.16,231.56,231.1,231.3,1547.61047
2021-02-18 05:13:00,1613625180.0,231.3,231.61,231.23,231.61,350.2684
2021-02-18 05:14:00,1613625240.0,231.61,231.99,231.61,231.95,762.43679
2021-02-18 05:15:00,1613625300.0,231.94,232.05,231.5,231.6,1090.18865
2021-02-18 05:16:00,1613625360.0,231.6,231.68,231.25,231.35,664.84762
2021-02-18 05:17:00,1613625420.0,231.35,231.69,231.33,231.67,431.53157
2021-02-18 05:18:00,1613625480.0,231.69,231.95,231.48,231.81,936.11645
2021-02-18 05:19:00,1613625540.0,231.81,232.0,231.71,231.84,746.93579
2021-02-18 05:20:00,1613625600.0,231.84,231.97,231.74,231.9,447.53663
2021-02-18 05:21:00,1613625660.0,231.9,232.0,231.73,231.81,260.0275
2021-02-18 05:22:00,1613625720.0,231.8,232.0,231.73,231.89,600.247
2021-02-18 05:23:00,1613625780.0,231.89,232.15,231.82,232.14,518.85742
2021-02-18 05:24:00,1613625840.0,232.14,232.59,232.03,232.59,553.84228
2021-02-18 05:25:00,1613625900.0,232.56,233.14,232.39,233.04,1465.45295
2021-02-18 05:26:00,1613625960.0,233.04,233.04,232.66,232.93,459.65925
2021-02-18 05:27:00,1613626020.0,232.93,233.01,232.72,232.92,531.86237
2021-02-18 05:28:00,1613626080.0,232.92,232.99,232.51,232.75,722.81647
2021-02-18 05:29:00,1613626140.0,232.71,232.97,232.45,232.96,699.25068
2021-02-18 05:30:00,1613626200.0,232.98,233.13,232.3,232.62,898.72575
2021-02-18 05:31:00,1613626260.0,232.62,233.36,232.62,233.35,1199.9317
2021-02-18 05:32:00,1613626320.0,233.34,233.97,233.27,233.94,1350.66036
2021-02-18 05:33:00,1613626380.0,233.95,234.12,233.62,233.93,1755.94313
2021-02-18 05:34:00,1613626440.0,233.93,234.46,233.93,234.31,721.20204
2021-02-18 05:35:00,1613626500.0,234.33,234.33,233.88,234.0,1061.95893
2021-02-18 05:36:00,1613626560.0,234.0,234.08,233.56,233.68,748.33441
2021-02-18 05:37:00,1613626620.0,233.68,233.78,233.43,233.75,799.94794
2021-02-18 05:38:00,1613626680.0,233.74,233.8,233.48,233.7,511.59415
2021-02-18 05:39:00,1613626740.0,233.69,233.79,233.45,233.62,410.15865
2021-02-18 05:40:00,1613626800.0,233.62,233.72,233.41,233.49,369.26235
2021-02-18 05:41:00,1613626860.0,233.47,233.73,233.33,233.65,375.34188
2021-02-18 05:42:00,1613626920.0,233.65,233.89,233.6,233.88,567.62782
2021-02-18 05:43:00,1613626980.0,233.88,234.06,233.78,234.06,639.16851
2021-02-18 05:44:00,1613627040.0,234.05,234.06,233.85,233.89,725.79949
2021-02-18 05:45:00,1613627100.0,233.9,233.9,233.1,233.1,1528.65099
2021-02-18 05:46:00,1613627160.0,233.1,233.2,232.52,232.65,2465.80599
2021-02-18 05:47:00,1613627220.0,232.65,233.26,232.63,233.11,1210.9009
2021-02-18 05:48:00,1613627280.0,233.07,233.13,232.74,232.74,316.55152
2021-02-18 05:49:00,1613627340.0,232.75,233.2,232.67,232.96,991.29145
2021-02-18 05:50:00,1613627400.0,232.96,233.55,232.93,233.45,3250.81346
2021-02-18 05:51:00,1613627460.0,233.46,233.49,232.72,232.84,991.73093
2021-02-18 05:52:00,1613627520.0,232.8,233.07,232.51,233.07,661.03804
2021-02-18 05:53:00,1613627580.0,233.06,233.21,232.71,233.05,964.47165
2021-02-18 05:54:00,1613627640.0,233.04,233.21,232.82,233.15,675.71247
2021-02-18 05:55:00,1613627700.0,233.15,233.52,232.93,233.39,731.35954
2021-02-18 05:56:00,1613627760.0,233.38,233.65,233.25,233.64,618.13224
2021-02-18 05:57:00,1613627820.0,233.64,233.98,233.64,233.69,816.95671
2021-02-18 05:58:00,1613627880.0,233.69,233.99,233.63,233.91,806.73165
2021-02-18 05:59:00,1613627940.0,233.91,234.06,233.9,233.9,1049.34916
2021-02-18 06:00:00,1613628000.0,233.9,233.9,233.26,233.49,1144.14363
2021-02-18 06:01:00,1613628060.0,233.5,233.56,233.3,233.32,289.40654
2021-02-18 06:02:00,1613628120.0,233.31,233.63,233.3,233.63,358.63195
2021-02-18 06:03:00,1613628180.0,233.55,233.7,233.39,233.64,580.80605
2021-02-18 06:04:00,1613628240.0,233.64,234.0,233.63,233.83,1108.68117
2021-02-18 06:05:00,1613628300.0,233.84,233.84,233.12,233.26,1283.26761
2021-02-18 06:06:00,1613628360.0,233.25,233.25,233.0,233.05,578.53652
2021-02-18 06:07:00,1613628420.0,233.01,233.7,232.98,233.56,533.25474
2021-02-18 06:08:00,1613628480.0,233.56,233.56,233.14,233.41,680.55095
2021-02-18 06:09:00,1613628540.0,233.41,233.47,233.0,233.3,1117.33501
2021-02-18 06:10:00,1613628600.0,233.3,233.39,232.56,232.74,942.44938
2021-02-18 06:11:00,1613628660.0,232.73,232.82,232.47,232.48,650.10211
2021-02-18 06:12:00,1613628720.0,232.48,233.0,232.48,232.68,679.80329
2021-02-18 06:13:00,1613628780.0,232.67,233.18,232.58,233.06,540.71633
2021-02-18 06:14:00,1613628840.0,233.05,233.37,232.89,233.2,888.11528
2021-02-18 06:15:00,1613628900.0,233.19,233.41,233.16,233.37,861.06407
2021-02-18 06:16:00,1613628960.0,233.34,233.71,233.31,233.64,678.17345
2021-02-18 06:17:00,1613629020.0,233.64,233.75,233.34,233.36,767.44993
2021-02-18 06:18:00,1613629080.0,233.36,233.5,233.0,233.05,768.98153
2021-02-18 06:19:00,1613629140.0,233.05,233.21,232.99,233.17,124.20111
2021-02-18 06:20:00,1613629200.0,233.17,233.2,232.73,232.95,943.2722
2021-02-18 06:21:00,1613629260.0,232.93,233.47,232.9,233.3,547.42473
2021-02-18 06:22:00,1613629320.0,233.3,233.34,232.01,232.48,3905.00729
2021-02-18 06:23:00,1613629380.0,232.51,232.56,232.41,232.46,408.36742
2021-02-18 06:24:00,1613629440.0,232.46,232.47,231.93,232.06,348.69515
2021-02-18 06:25:00,1613629500.0,232.04,232.26,231.91,231.97,676.86178
2021-02-18 06:26:00,1613629560.0,231.97,232.06,231.71,231.89,751.22945
2021-02-18 06:27:00,1613629620.0,231.89,231.92,231.17,231.26,1334.17814
2021-02-18 06:28:00,1613629680.0,231.16,231.92,231.16,231.75,858.17202
2021-02-18 06:29:00,1613629740.0,231.75,231.75,231.13,231.13,1073.19444
2021-02-18 06:30:00,1613629800.0,231.13,231.2,230.87,230.96,1131.76034
2021-02-18 06:31:00,1613629860.0,230.96,231.54,230.93,231.26,649.21506
2021-02-18 06:32:00,1613629920.0,231.27,231.69,231.27,231.69,716.78303
2021-02-18 06:33:00,1613629980.0,231.68,232.33,231.68,232.09,1428.08486
2021-02-18 06:34:00,1613630040.0,232.08,232.08,231.31,231.96,888.14807
2021-02-18 06:35:00,1613630100.0,231.95,232.3,231.83,232.24,671.86382
2021-02-18 06:36:00,1613630160.0,232.22,232.35,232.0,232.03,553.86476
2021-02-18 06:37:00,1613630220.0,232.01,232.36,231.99,232.32,357.71042
2021-02-18 06:38:00,1613630280.0,232.33,232.58,232.33,232.49,789.96987
2021-02-18 06:39:00,1613630340.0,232.49,232.5,231.98,232.3,599.12786
2021-02-18 06:40:00,1613630400.0,232.3,232.31,231.96,232.03,661.51922
2021-02-18 06:41:00,1613630460.0,232.03,232.11,231.87,231.94,1491.63529
2021-02-18 06:42:00,1613630520.0,231.94,231.94,231.65,231.8,714.83981
2021-02-18 06:43:00,1613630580.0,231.81,231.81,231.17,231.23,776.16429
2021-02-18 06:44:00,1613630640.0,231.2,231.49,231.03,231.44,666.09585
2021-02-18 06:45:00,1613630700.0,231.45,231.46,230.99,231.06,635.06777
2021-02-18 06:46:00,1613630760.0,231.01,231.01,230.51,230.7,1334.70708
2021-02-18 06:47:00,1613630820.0,230.7,231.04,230.6,230.62,1003.66055
2021-02-18 06:48:00,1613630880.0,230.62,231.08,230.49,230.54,1460.63047
2021-02-18 06:49:00,1613630940.0,230.47,230.63,230.31,230.38,714.43734
2021-02-18 06:50:00,1613631000.0,230.37,230.48,229.58,230.36,3025.29438
2021-02-18 06:51:00,1613631060.0,230.35,230.53,229.91,230.41,1608.31897
2021-02-18 06:52:00,1613631120.0,230.34,230.61,230.08,230.08,613.14538
2021-02-18 06:53:00,1613631180.0,230.08,230.58,230.03,230.51,852.45561
2021-02-18 06:54:00,1613631240.0,230.51,230.51,229.69,229.75,1419.68048
2021-02-18 06:55:00,1613631300.0,229.73,230.17,229.73,230.09,673.68341
2021-02-18 06:56:00,1613631360.0,230.09,230.43,229.97,230.09,636.17439
2021-02-18 06:57:00,1613631420.0,230.09,230.29,229.8,229.84,1307.66333
2021-02-18 06:58:00,1613631480.0,229.81,230.09,229.58,230.07,748.70755
2021-02-18 06:59:00,1613631540.0,230.09,230.09,229.53,229.6,1514.56087
2021-02-18 07:00:00,1613631600.0,229.62,229.63,229.3,229.54,1322.66656
2021-02-18 07:01:00,1613631660.0,229.5,230.05,229.5,229.89,954.49167
2021-02-18 07:02:00,1613631720.0,229.86,229.86,229.44,229.63,1377.37729
2021-02-18 07:03:00,1613631780.0,229.64,229.97,229.58,229.81,434.58211
2021-02-18 07:04:00,1613631840.0,229.86,229.97,229.4,229.45,405.33847
2021-02-18 07:05:00,1613631900.0,229.45,229.54,228.57,228.71,3900.1627
2021-02-18 07:06:00,1613631960.0,228.72,229.13,228.7,229.09,839.00905
2021-02-18 07:07:00,1613632020.0,229.11,229.55,229.02,229.51,875.13145
2021-02-18 07:08:00,1613632080.0,229.52,229.91,229.5,229.91,756.88945
2021-02-18 07:09:00,1613632140.0,229.92,230.26,229.81,230.23,1297.20964
2021-02-18 07:10:00,1613632200.0,230.24,230.28,229.71,229.72,852.66382
2021-02-18 07:11:00,1613632260.0,229.72,229.94,229.38,229.67,1831.21263
2021-02-18 07:12:00,1613632320.0,229.68,229.9,229.66,229.85,438.66371
2021-02-18 07:13:00,1613632380.0,229.84,230.45,229.78,230.43,658.61572
2021-02-18 07:14:00,1613632440.0,230.42,230.5,230.1,230.28,587.79103
2021-02-18 07:15:00,1613632500.0,230.29,230.38,229.8,229.8,669.52302
2021-02-18 07:16:00,1613632560.0,229.82,229.94,229.58,229.83,544.33356
2021-02-18 07:17:00,1613632620.0,229.83,229.88,229.63,229.71,152.92812
2021-02-18 07:18:00,1613632680.0,229.72,229.87,229.44,229.45,585.02763
2021-02-18 07:19:00,1613632740.0,229.45,229.5,227.78,228.14,3116.87921
2021-02-18 07:20:00,1613632800.0,228.15,229.23,227.91,229.14,2118.78421
2021-02-18 07:21:00,1613632860.0,229.09,229.11,228.19,228.33,1929.80924
2021-02-18 07:22:00,1613632920.0,228.35,228.61,227.82,227.87,1386.83739
2021-02-18 07:23:00,1613632980.0,227.87,228.02,227.18,227.22,2784.47119
2021-02-18 07:24:00,1613633040.0,227.29,227.82,226.91,227.25,4486.25748
2021-02-18 07:25:00,1613633100.0,227.27,228.27,227.14,228.24,2169.3346
2021-02-18 07:26:00,1613633160.0,228.15,228.27,227.77,227.77,1310.66334
2021-02-18 07:27:00,1613633220.0,227.81,228.07,227.63,227.89,1430.69421
2021-02-18 07:28:00,1613633280.0,227.87,227.89,226.68,226.95,2262.04044
2021-02-18 07:29:00,1613633340.0,226.8,227.64,226.0,227.05,5192.32426
2021-02-18 07:30:00,1613633400.0,227.01,227.77,226.42,227.74,2302.83363
2021-02-18 07:31:00,1613633460.0,227.76,228.62,227.64,228.36,2952.73363
2021-02-18 07:32:00,1613633520.0,228.28,228.66,228.02,228.53,1614.19944
2021-02-18 07:33:00,1613633580.0,228.51,228.95,228.43,228.72,1378.83382
2021-02-18 07:34:00,1613633640.0,228.67,228.89,228.52,228.63,1174.16331
2021-02-18 07:35:00,1613633700.0,228.63,229.14,228.62,229.14,1211.10995
2021-02-18 07:36:00,1613633760.0,229.09,229.56,229.05,229.43,1791.64965
2021-02-18 07:37:00,1613633820.0,229.44,229.55,229.02,229.06,820.90055
2021-02-18 07:38:00,1613633880.0,229.03,229.49,229.0,229.18,1100.42045
2021-02-18 07:39:00,1613633940.0,229.19,229.3,229.12,229.13,661.11643
2021-02-18 07:40:00,1613634000.0,229.13,229.14,228.61,228.65,2069.73611
2021-02-18 07:41:00,1613634060.0,228.71,228.99,228.35,228.91,1015.41697
2021-02-18 07:42:00,1613634120.0,228.94,229.23,228.71,229.05,1328.79624
2021-02-18 07:43:00,1613634180.0,229.06,229.14,228.37,228.39,886.62848
2021-02-18 07:44:00,1613634240.0,228.41,228.8,228.12,228.59,990.28954
2021-02-18 07:45:00,1613634300.0,228.59,228.65,228.27,228.3,962.21215
2021-02-18 07:46:00,1613634360.0,228.3,228.67,228.2,228.66,516.098
2021-02-18 07:47:00,1613634420.0,228.67,229.19,228.64,229.16,1283.66065
2021-02-18 07:48:00,1613634480.0,229.17,229.35,228.84,229.32,1154.18255
2021-02-18 07:49:00,1613634540.0,229.32,229.32,228.89,228.95,1001.85252
2021-02-18 07:50:00,1613634600.0,228.95,229.3,228.95,229.11,549.09345
2021-02-18 07:51:00,1613634660.0,229.12,229.44,229.08,229.16,689.38225
2021-02-18 07:52:00,1613634720.0,229.23,230.38,229.23,230.38,1276.91448
2021-02-18 07:53:00,1613634780.0,230.39,231.36,230.19,230.85,3684.34515
2021-02-18 07:54:00,1613634840.0,230.94,231.28,230.63,231.04,1284.19115
2021-02-18 07:55:00,1613634900.0,231.04,231.1,229.99,230.61,1280.5829
2021-02-18 07:56:00,1613634960.0,230.61,230.61,230.11,230.31,668.80611
2021-02-18 07:57:00,1613635020.0,230.32,230.51,230.3,230.36,514.80815
2021-02-18 07:58:00,1613635080.0,230.36,230.52,230.02,230.02,1025.59459
2021-02-18 07:59:00,1613635140.0,230.01,230.16,229.86,230.02,1298.5066
2021-02-18 08:00:00,1613635200.0,229.98,231.24,229.98,231.2,2568.72983
2021-02-18 08:01:00,1613635260.0,231.2,231.73,230.88,230.94,3327.54046
2021-02-18 08:02:00,1613635320.0,231.01,231.2,230.42,230.46,1165.3836
2021-02-18 08:03:00,1613635380.0,230.43,230.94,230.31,230.83,1236.39456
2021-02-18 08:04:00,1613635440.0,230.78,230.79,230.07,230.59,1007.6098
2021-02-18 08:05:00,1613635500.0,230.61,231.03,230.34,230.76,675.21142
2021-02-18 08:06:00,1613635560.0,230.76,231.24,230.62,231.14,590.66721
2021-02-18 08:07:00,1613635620.0,231.13,231.14,230.8,230.95,502.10994
2021-02-18 08:08:00,1613635680.0,230.96,230.97,230.65,230.79,365.33752
2021-02-18 08:09:00,1613635740.0,230.79,231.07,230.5,231.02,836.75907
2021-02-18 08:10:00,1613635800.0,231.02,231.03,230.6,230.71,460.65422
2021-02-18 08:11:00,1613635860.0,230.71,230.71,229.76,229.78,1283.21192
2021-02-18 08:12:00,1613635920.0,229.78,230.44,229.5,230.34,1808.73186
2021-02-18 08:13:00,1613635980.0,230.34,230.93,230.03,230.47,1245.61014
2021-02-18 08:14:00,1613636040.0,230.46,230.72,230.17,230.47,338.7001
2021-02-18 08:15:00,1613636100.0,230.48,230.69,230.33,230.55,336.21918
2021-02-18 08:16:00,1613636160.0,230.54,230.54,229.64,229.9,1031.60897
2021-02-18 08:17:00,1613636220.0,229.91,229.91,229.2,229.53,1347.58795
2021-02-18 08:18:00,1613636280.0,229.54,229.81,229.46,229.69,781.66019
2021-02-18 08:19:00,1613636340.0,229.68,229.8,229.21,229.39,486.24212
2021-02-18 08:20:00,1613636400.0,229.38,229.39,229.02,229.37,681.36585
2021-02-18 08:21:00,1613636460.0,229.34,229.57,229.19,229.21,840.33182
2021-02-18 08:22:00,1613636520.0,229.21,229.32,228.59,228.8,1463.67399
2021-02-18 08:23:00,1613636580.0,228.77,228.87,228.51,228.63,499.31532
2021-02-18 08:24:00,1613636640.0,228.62,228.97,228.46,228.97,687.01349
2021-02-18 08:25:00,1613636700.0,228.95,229.07,228.76,229.0,539.54008
2021-02-18 08:26:00,1613636760.0,229.01,229.12,228.83,228.95,735.97636
2021-02-18 08:27:00,1613636820.0,228.96,229.08,228.71,228.81,738.53569
2021-02-18 08:28:00,1613636880.0,228.82,229.1,228.68,229.09,448.59885
2021-02-18 08:29:00,1613636940.0,229.1,229.49,228.96,229.47,924.73434
2021-02-18 08:30:00,1613637000.0,229.46,229.46,228.85,228.95,1121.51177
2021-02-18 08:31:00,1613637060.0,228.96,229.0,228.53,228.65,933.69976
2021-02-18 08:32:00,1613637120.0,228.64,228.92,228.64,228.88,521.7254
2021-02-18 08:33:00,1613637180.0,228.87,229.29,228.81,229.16,1287.91311
2021-02-18 08:34:00,1613637240.0,229.17,229.35,229.01,229.18,809.26451
2021-02-18 08:35:00,1613637300.0,229.18,229.22,228.32,229.13,1392.67734
2021-02-18 08:36:00,1613637360.0,229.14,230.42,229.11,229.75,1784.30888
2021-02-18 08:37:00,1613637420.0,229.76,229.76,228.99,229.05,1118.12007
2021-02-18 08:38:00,1613637480.0,229.05,229.4,229.0,229.4,387.069
2021-02-18 08:39:00,1613637540.0,229.41,229.47,229.12,229.43,400.9626
2021-02-18 08:40:00,1613637600.0,229.43,229.92,229.35,229.92,595.72113
2021-02-18 08:41:00,1613637660.0,229.88,229.99,229.4,229.99,562.01542
2021-02-18 08:42:00,1613637720.0,229.98,230.3,229.9,230.12,421.60468
2021-02-18 08:43:00,1613637780.0,230.12,230.12,229.59,230.01,1077.57412
2021-02-18 08:44:00,1613637840.0,230.03,230.33,229.85,230.21,731.47991
2021-02-18 08:45:00,1613637900.0,230.21,230.46,230.05,230.28,1075.09818
2021-02-18 08:46:00,1613637960.0,230.29,230.58,230.24,230.46,387.49498
2021-02-18 08:47:00,1613638020.0,230.46,231.49,230.44,231.39,1929.79682
2021-02-18 08:48:00,1613638080.0,231.44,231.63,231.1,231.52,2382.66973
2021-02-18 08:49:00,1613638140.0,231.54,232.01,231.51,231.87,1311.10203
2021-02-18 08:50:00,1613638200.0,231.87,232.18,231.86,232.05,883.60993
2021-02-18 08:51:00,1613638260.0,232.05,232.09,231.53,231.64,677.56432
2021-02-18 08:52:00,1613638320.0,231.62,231.87,231.5,231.82,415.52226
2021-02-18 08:53:00,1613638380.0,231.82,231.93,231.59,231.9,434.9434
2021-02-18 08:54:00,1613638440.0,231.9,231.9,231.18,231.42,1097.55607
2021-02-18 08:55:00,1613638500.0,231.43,231.86,231.3,231.56,723.60626
2021-02-18 08:56:00,1613638560.0,231.56,231.56,230.92,230.94,657.99416
2021-02-18 08:57:00,1613638620.0,230.91,231.36,230.7,231.14,1227.00017
2021-02-18 08:58:00,1613638680.0,231.14,231.4,230.69,230.77,626.4889
2021-02-18 08:59:00,1613638740.0,230.77,230.78,230.2,230.2,749.45774
2021-02-18 09:00:00,1613638800.0,230.2,230.26,230.09,230.15,408.97778
2021-02-18 09:01:00,1613638860.0,230.14,230.5,229.93,230.4,935.8645
2021-02-18 09:02:00,1613638920.0,230.4,230.69,230.19,230.25,827.50682
2021-02-18 09:03:00,1613638980.0,230.25,230.35,229.79,229.79,696.85767
2021-02-18 09:04:00,1613639040.0,229.78,229.94,229.1,229.18,1024.68988
2021-02-18 09:05:00,1613639100.0,229.17,229.48,229.0,229.24,1002.0605
2021-02-18 09:06:00,1613639160.0,229.23,229.25,228.5,228.54,1275.91353
2021-02-18 09:07:00,1613639220.0,228.53,228.76,228.17,228.47,900.431
2021-02-18 09:08:00,1613639280.0,228.46,228.76,228.15,228.4,882.57068
2021-02-18 09:09:00,1613639340.0,228.41,228.99,228.3,228.74,1022.17441
2021-02-18 09:10:00,1613639400.0,228.73,229.37,228.63,229.36,1417.47534
2021-02-18 09:11:00,1613639460.0,229.36,229.45,229.01,229.36,931.69724
2021-02-18 09:12:00,1613639520.0,229.36,229.66,229.04,229.66,1133.53895
2021-02-18 09:13:00,1613639580.0,229.66,229.76,229.43,229.54,460.60093
2021-02-18 09:14:00,1613639640.0,229.52,229.52,229.1,229.24,405.73794
2021-02-18 09:15:00,1613639700.0,229.25,229.68,229.24,229.61,433.91484
2021-02-18 09:16:00,1613639760.0,229.61,229.76,229.46,229.66,806.16753
2021-02-18 09:17:00,1613639820.0,229.67,229.9,229.54,229.89,580.94967
2021-02-18 09:18:00,1613639880.0,229.89,230.55,229.87,230.44,742.36947
2021-02-18 09:19:00,1613639940.0,230.43,230.62,230.27,230.29,764.78809
2021-02-18 09:20:00,1613640000.0,230.29,230.4,230.17,230.21,536.52376
2021-02-18 09:21:00,1613640060.0,230.2,230.32,230.0,230.23,689.78401
2021-02-18 09:22:00,1613640120.0,230.23,230.23,229.51,229.64,634.25136
2021-02-18 09:23:00,1613640180.0,229.6,230.15,229.57,229.98,644.99847
2021-02-18 09:24:00,1613640240.0,229.97,230.43,229.81,230.34,707.35917
2021-02-18 09:25:00,1613640300.0,230.34,230.34,229.93,230.22,288.90336
2021-02-18 09:26:00,1613640360.0,230.21,230.68,230.09,230.57,341.23327
2021-02-18 09:27:00,1613640420.0,230.52,231.66,230.52,231.41,1438.35929
2021-02-18 09:28:00,1613640480.0,231.48,231.76,231.13,231.71,283.64398
2021-02-18 09:29:00,1613640540.0,231.68,231.82,231.36,231.8,728.35913
2021-02-18 09:30:00,1613640600.0,231.79,232.32,231.64,232.29,978.8676
2021-02-18 09:31:00,1613640660.0,232.31,232.65,232.12,232.6,578.32898
2021-02-18 09:32:00,1613640720.0,232.6,233.07,232.55,233.06,1286.31484
2021-02-18 09:33:00,1613640780.0,233.07,233.18,232.68,232.77,595.08435
2021-02-18 09:34:00,1613640840.0,232.76,232.83,232.19,232.26,1387.93844
2021-02-18 09:35:00,1613640900.0,232.26,233.39,232.26,233.13,1572.05456
2021-02-18 09:36:00,1613640960.0,233.14,233.37,232.98,233.1,933.68854
2021-02-18 09:37:00,1613641020.0,233.1,233.3,232.98,233.15,570.09809
2021-02-18 09:38:00,1613641080.0,233.21,233.7,233.21,233.69,1002.29215
2021-02-18 09:39:00,1613641140.0,233.69,233.7,232.99,233.26,2609.72825
2021-02-18 09:40:00,1613641200.0,233.26,233.88,233.26,233.67,2233.15818
2021-02-18 09:41:00,1613641260.0,233.66,233.73,232.89,233.53,1641.75565
2021-02-18 09:42:00,1613641320.0,233.53,233.71,233.0,233.41,2354.00565
2021-02-18 09:43:00,1613641380.0,233.35,233.38,232.94,233.06,946.11066
2021-02-18 09:44:00,1613641440.0,233.07,233.27,232.79,232.91,981.34407
2021-02-18 09:45:00,1613641500.0,232.92,233.09,232.64,233.04,690.27345
2021-02-18 09:46:00,1613641560.0,233.03,233.37,232.82,232.98,757.80321
2021-02-18 09:47:00,1613641620.0,232.96,233.5,232.89,233.3,597.35294
2021-02-18 09:48:00,1613641680.0,233.3,233.59,233.19,233.31,541.80508
2021-02-18 09:49:00,1613641740.0,233.32,233.65,233.24,233.39,740.89293
2021-02-18 09:50:00,1613641800.0,233.37,233.61,233.25,233.43,372.04766
2021-02-18 09:51:00,1613641860.0,233.42,233.52,233.19,233.25,491.66582
2021-02-18 09:52:00,1613641920.0,233.25,233.7,233.24,233.57,430.32734
2021-02-18 09:53:00,1613641980.0,233.56,233.61,232.94,233.23,994.97663
2021-02-18 09:54:00,1613642040.0,233.2,233.28,233.01,233.03,370.87937
2021-02-18 09:55:00,1613642100.0,233.02,233.46,233.0,233.18,611.41731
2021-02-18 09:56:00,1613642160.0,233.18,233.25,232.76,232.95,614.02035
2021-02-18 09:57:00,1613642220.0,232.85,233.04,232.72,233.04,318.47046
2021-02-18 09:58:00,1613642280.0,233.03,233.03,232.71,232.77,191.78115
2021-02-18 09:59:00,1613642340.0,232.77,232.91,232.71,232.88,283.21869
2021-02-18 10:00:00,1613642400.0,232.91,233.04,232.74,232.79,333.91296
2021-02-18 10:01:00,1613642460.0,232.78,233.0,232.73,232.87,363.46756
2021-02-18 10:02:00,1613642520.0,232.86,232.87,232.31,232.32,635.06202
2021-02-18 10:03:00,1613642580.0,232.31,232.79,232.3,232.51,620.75152
2021-02-18 10:04:00,1613642640.0,232.5,232.56,232.1,232.32,821.74137
2021-02-18 10:05:00,1613642700.0,232.31,232.6,232.1,232.43,601.7277
2021-02-18 10:06:00,1613642760.0,232.42,232.98,232.38,232.73,1834.44878
2021-02-18 10:07:00,1613642820.0,232.73,232.8,232.31,232.41,867.33949
2021-02-18 10:08:00,1613642880.0,232.36,232.65,232.11,232.65,1067.79721
2021-02-18 10:09:00,1613642940.0,232.63,232.98,232.51,232.98,1029.83543
2021-02-18 10:10:00,1613643000.0,232.97,233.22,232.75,232.83,841.49842
2021-02-18 10:11:00,1613643060.0,232.84,233.5,232.83,233.48,719.01133
2021-02-18 10:12:00,1613643120.0,233.48,233.94,233.16,233.78,1932.05185
2021-02-18 10:13:00,1613643180.0,233.75,234.0,233.49,233.56,1930.7066
2021-02-18 10:14:00,1613643240.0,233.6,233.96,233.6,233.73,1025.50489
2021-02-18 10:15:00,1613643300.0,233.72,233.93,233.38,233.69,1898.52736
2021-02-18 10:16:00,1613643360.0,233.69,233.69,233.3,233.38,706.40976
2021-02-18 10:17:00,1613643420.0,233.39,233.89,233.37,233.83,1105.1218
2021-02-18 10:18:00,1613643480.0,233.83,233.83,233.33,233.5,417.30495
2021-02-18 10:19:00,1613643540.0,233.5,233.66,233.43,233.52,392.20408
2021-02-18 10:20:00,1613643600.0,233.51,233.56,233.3,233.41,570.87728
2021-02-18 10:21:00,1613643660.0,233.4,233.76,233.24,233.73,657.6834
2021-02-18 10:22:00,1613643720.0,233.73,233.9,233.56,233.61,672.45142
2021-02-18 10:23:00,1613643780.0,233.62,233.88,233.6,233.68,623.18157
2021-02-18 10:24:00,1613643840.0,233.67,233.68,233.3,233.42,720.9805
2021-02-18 10:25:00,1613643900.0,233.43,233.65,233.25,233.35,607.40676
2021-02-18 10:26:00,1613643960.0,233.35,233.42,232.82,232.91,853.31881
2021-02-18 10:27:00,1613644020.0,232.87,233.0,232.6,232.66,619.62292
2021-02-18 10:28:00,1613644080.0,232.65,232.99,232.55,232.84,581.83305
2021-02-18 10:29:00,1613644140.0,232.85,233.14,232.59,233.13,591.5258
2021-02-18 10:30:00,1613644200.0,233.13,233.3,232.96,233.28,520.8467
2021-02-18 10:31:00,1613644260.0,233.27,233.29,233.0,233.0,393.77473
2021-02-18 10:32:00,1613644320.0,233.0,233.13,232.7,232.85,364.89229
2021-02-18 10:33:00,1613644380.0,232.85,232.85,232.63,232.63,1115.57407
2021-02-18 10:34:00,1613644440.0,232.66,232.69,231.77,232.1,2786.45836
2021-02-18 10:35:00,1613644500.0,232.11,232.17,231.62,231.82,1256.56149
2021-02-18 10:36:00,1613644560.0,231.81,232.17,231.68,232.12,721.13716
2021-02-18 10:37:00,1613644620.0,232.11,232.33,231.85,232.07,573.37353
2021-02-18 10:38:00,1613644680.0,232.07,232.13,231.66,232.08,933.88079
2021-02-18 10:39:00,1613644740.0,232.08,232.31,232.02,232.08,576.44228
2021-02-18 10:40:00,1613644800.0,232.08,232.12,231.58,231.61,807.66841
2021-02-18 10:41:00,1613644860.0,231.59,231.91,231.5,231.87,789.29183
2021-02-18 10:42:00,1613644920.0,231.87,231.87,231.69,231.73,222.17115
2021-02-18 10:43:00,1613644980.0,231.74,231.75,231.41,231.56,742.68386
2021-02-18 10:44:00,1613645040.0,231.56,231.56,230.89,231.08,1644.79008
2021-02-18 10:45:00,1613645100.0,231.07,231.71,231.07,231.53,1083.4777
2021-02-18 10:46:00,1613645160.0,231.52,231.6,231.31,231.55,374.59248
2021-02-18 10:47:00,1613645220.0,231.56,231.85,231.47,231.62,555.08677
2021-02-18 10:48:00,1613645280.0,231.62,231.75,231.2,231.2,459.41162
2021-02-18 10:49:00,1613645340.0,231.2,231.27,230.94,231.04,633.04324
2021-02-18 10:50:00,1613645400.0,231.04,231.09,230.86,230.88,416.01631
2021-02-18 10:51:00,1613645460.0,230.87,231.3,230.68,231.3,1152.31883
2021-02-18 10:52:00,1613645520.0,231.26,231.37,230.98,231.16,720.38548
2021-02-18 10:53:00,1613645580.0,231.24,231.89,231.18,231.54,913.91989
2021-02-18 10:54:00,1613645640.0,231.51,231.95,231.46,231.78,525.25414
2021-02-18 10:55:00,1613645700.0,231.78,231.86,231.64,231.66,364.30657
2021-02-18 10:56:00,1613645760.0,231.66,232.14,231.66,232.13,646.47509
2021-02-18 10:57:00,1613645820.0,232.13,232.45,232.13,232.18,1100.32402
2021-02-18 10:58:00,1613645880.0,232.17,232.18,231.52,231.71,610.84532
2021-02-18 10:59:00,1613645940.0,231.62,231.7,231.46,231.59,200.23539
2021-02-18 11:00:00,1613646000.0,231.57,231.72,230.8,230.91,1255.14775
2021-02-18 11:01:00,1613646060.0,230.91,231.58,230.79,231.46,1108.26416
2021-02-18 11:02:00,1613646120.0,231.47,231.65,230.92,231.0,535.45907
2021-02-18 11:03:00,1613646180.0,231.01,231.23,230.85,230.98,359.95257
2021-02-18 11:04:00,1613646240.0,230.97,230.97,230.56,230.7,1322.08949
2021-02-18 11:05:00,1613646300.0,230.71,230.71,230.17,230.34,768.91775
2021-02-18 11:06:00,1613646360.0,230.34,230.42,230.01,230.14,628.01353
2021-02-18 11:07:00,1613646420.0,230.15,230.44,229.61,229.64,1968.63493
2021-02-18 11:08:00,1613646480.0,229.65,230.48,229.5,230.38,1141.70231
2021-02-18 11:09:00,1613646540.0,230.41,230.49,229.81,229.9,714.18469
2021-02-18 11:10:00,1613646600.0,229.91,230.62,229.91,230.55,606.61857
2021-02-18 11:11:00,1613646660.0,230.62,230.73,230.25,230.5,682.51539
2021-02-18 11:12:00,1613646720.0,230.51,230.53,229.94,229.94,785.96519
2021-02-18 11:13:00,1613646780.0,229.96,230.37,229.8,229.8,432.19539
2021-02-18 11:14:00,1613646840.0,229.79,229.96,229.68,229.96,663.96031
2021-02-18 11:15:00,1613646900.0,229.97,230.3,229.89,230.12,664.56716
2021-02-18 11:16:00,1613646960.0,230.11,230.39,230.0,230.36,475.71824
2021-02-18 11:17:00,1613647020.0,230.34,230.34,230.0,230.1,253.02484
2021-02-18 11:18:00,1613647080.0,230.12,230.56,230.0,230.46,946.57611
2021-02-18 11:19:00,1613647140.0,230.46,230.78,230.42,230.75,1236.83086
2021-02-18 11:20:00,1613647200.0,230.75,230.75,230.42,230.59,325.36829
2021-02-18 11:21:00,1613647260.0,230.51,230.53,230.07,230.52,2050.32717
2021-02-18 11:22:00,1613647320.0,230.52,230.56,230.2,230.22,332.15667
2021-02-18 11:23:00,1613647380.0,230.23,230.34,230.07,230.08,2582.44465
2021-02-18 11:24:00,1613647440.0,230.08,230.5,230.07,230.49,832.75547
2021-02-18 11:25:00,1613647500.0,230.5,230.56,230.1,230.27,867.1856
2021-02-18 11:26:00,1613647560.0,230.21,230.21,229.74,229.76,1583.03957
2021-02-18 11:27:00,1613647620.0,229.76,229.99,229.72,229.87,740.79637
2021-02-18 11:28:00,1613647680.0,229.85,230.15,229.8,230.0,442.16555
2021-02-18 11:29:00,1613647740.0,230.01,230.01,229.59,229.6,403.75057
2021-02-18 11:30:00,1613647800.0,229.6,229.6,229.16,229.23,1723.80508
2021-02-18 11:31:00,1613647860.0,229.25,229.77,229.16,229.71,442.88709
2021-02-18 11:32:00,1613647920.0,229.71,230.13,229.63,229.8,978.17091
2021-02-18 11:33:00,1613647980.0,229.8,229.9,229.06,229.13,1048.20804
2021-02-18 11:34:00,1613648040.0,229.13,229.42,228.55,228.57,2114.80421
2021-02-18 11:35:00,1613648100.0,228.56,228.88,228.0,228.83,3079.58718
2021-02-18 11:36:00,1613648160.0,228.83,229.72,228.83,229.13,1043.27883
2021-02-18 11:37:00,1613648220.0,229.14,229.26,228.3,228.43,1095.30487
2021-02-18 11:38:00,1613648280.0,228.35,228.51,226.84,227.33,11340.66774
2021-02-18 11:39:00,1613648340.0,227.3,227.84,226.85,227.23,2976.29894
2021-02-18 11:40:00,1613648400.0,227.23,227.23,226.56,226.7,2701.81143
2021-02-18 11:41:00,1613648460.0,226.69,227.7,226.5,227.52,1779.20176
2021-02-18 11:42:00,1613648520.0,227.43,228.16,227.42,228.07,1574.89296
2021-02-18 11:43:00,1613648580.0,228.07,228.09,227.0,227.21,2649.84433
2021-02-18 11:44:00,1613648640.0,227.19,227.4,226.48,226.76,1743.29905
2021-02-18 11:45:00,1613648700.0,226.78,226.91,225.05,225.12,5302.81557
2021-02-18 11:46:00,1613648760.0,225.21,225.97,225.02,225.72,9499.98872
2021-02-18 11:47:00,1613648820.0,225.72,226.59,225.59,226.59,1632.16255
2021-02-18 11:48:00,1613648880.0,226.59,226.91,226.28,226.29,2127.69036
2021-02-18 11:49:00,1613648940.0,226.36,226.37,225.45,225.58,1558.59658
2021-02-18 11:50:00,1613649000.0,225.55,226.18,224.8,225.17,5979.94958
2021-02-18 11:51:00,1613649060.0,225.17,225.17,223.84,224.29,5378.47935
2021-02-18 11:52:00,1613649120.0,224.3,226.32,224.3,225.57,3821.0583
2021-02-18 11:53:00,1613649180.0,225.51,225.72,225.06,225.5,2789.23685
2021-02-18 11:54:00,1613649240.0,225.5,225.95,225.06,225.24,2649.64491
2021-02-18 11:55:00,1613649300.0,225.23,225.88,225.02,225.16,1909.99767
2021-02-18 11:56:00,1613649360.0,225.2,225.4,224.72,225.07,1675.8246
2021-02-18 11:57:00,1613649420.0,225.08,225.67,224.8,225.53,1237.94948
2021-02-18 11:58:00,1613649480.0,225.59,226.12,225.59,225.86,1303.84464
2021-02-18 11:59:00,1613649540.0,225.86,225.86,225.13,225.16,1281.131
2021-02-18 12:00:00,1613649600.0,225.18,226.03,225.01,225.71,2613.9381
2021-02-18 12:01:00,1613649660.0,225.71,225.72,225.0,225.2,2392.34955
2021-02-18 12:02:00,1613649720.0,225.19,226.23,225.12,225.43,1978.86804
2021-02-18 12:03:00,1613649780.0,225.43,225.67,224.84,224.87,1965.25063
2021-02-18 12:04:00,1613649840.0,224.82,224.91,223.72,223.94,2982.25384
2021-02-18 12:05:00,1613649900.0,223.92,224.59,223.62,224.47,2396.39772
2021-02-18 12:06:00,1613649960.0,224.49,224.61,223.56,223.81,3627.97551
2021-02-18 12:07:00,1613650020.0,223.84,223.91,223.01,223.24,2394.38158
2021-02-18 12:08:00,1613650080.0,223.25,224.41,223.24,224.24,3225.52136
2021-02-18 12:09:00,1613650140.0,224.19,224.19,222.95,223.0,2634.47935
2021-02-18 12:10:00,1613650200.0,222.96,223.77,222.54,223.6,3751.87583
2021-02-18 12:11:00,1613650260.0,223.54,223.58,223.0,223.33,3373.01538
2021-02-18 12:12:00,1613650320.0,223.36,223.49,222.77,223.07,2605.67707
2021-02-18 12:13:00,1613650380.0,223.07,223.22,221.74,221.99,5741.37132
2021-02-18 12:14:00,1613650440.0,222.0,222.27,221.0,221.35,7150.57272
2021-02-18 12:15:00,1613650500.0,221.34,222.97,221.01,222.96,5636.53241
2021-02-18 12:16:00,1613650560.0,222.95,223.45,222.65,222.79,3461.501
2021-02-18 12:17:00,1613650620.0,222.73,224.08,222.59,224.07,2958.43201
2021-02-18 12:18:00,1613650680.0,224.08,224.62,223.94,224.51,2567.94558
2021-02-18 12:19:00,1613650740.0,224.5,224.72,224.39,224.64,2055.35369
2021-02-18 12:20:00,1613650800.0,224.63,224.92,224.46,224.46,1776.27344
2021-02-18 12:21:00,1613650860.0,224.46,224.8,224.28,224.7,1316.99683
2021-02-18 12:22:00,1613650920.0,224.71,225.29,224.71,224.98,2270.81383
2021-02-18 12:23:00,1613650980.0,224.99,225.39,224.85,225.3,1653.32736
2021-02-18 12:24:00,1613651040.0,225.28,225.4,225.13,225.35,1062.00951
2021-02-18 12:25:00,1613651100.0,225.35,225.64,224.94,225.17,2690.32354
2021-02-18 12:26:00,1613651160.0,225.06,225.7,225.06,225.41,1779.43416
2021-02-18 12:27:00,1613651220.0,225.39,225.71,225.22,225.64,1174.11653
2021-02-18 12:28:00,1613651280.0,225.64,226.45,225.63,225.93,1752.9415
2021-02-18 12:29:00,1613651340.0,225.93,225.98,225.62,225.98,843.89749
2021-02-18 12:30:00,1613651400.0,225.98,226.0,225.1,225.31,1214.10901
2021-02-18 12:31:00,1613651460.0,225.41,225.49,224.32,224.56,1854.32854
2021-02-18 12:32:00,1613651520.0,224.57,225.12,223.99,224.62,3967.70404
2021-02-18 12:33:00,1613651580.0,224.69,225.09,224.59,224.92,815.40085
2021-02-18 12:34:00,1613651640.0,224.93,225.67,224.93,225.49,1724.88939
2021-02-18 12:35:00,1613651700.0,225.5,227.14,225.5,227.04,1965.48757
2021-02-18 12:36:00,1613651760.0,227.09,227.37,226.63,227.37,4586.78839
2021-02-18 12:37:00,1613651820.0,227.28,227.54,226.56,226.61,1429.68258
2021-02-18 12:38:00,1613651880.0,226.57,227.01,226.05,227.0,1070.42999
2021-02-18 12:39:00,1613651940.0,227.0,227.0,225.29,225.32,2214.79383
2021-02-18 12:40:00,1613652000.0,225.5,226.29,225.0,225.86,2275.77902
2021-02-18 12:41:00,1613652060.0,225.87,226.56,225.79,226.18,1210.05219
2021-02-18 12:42:00,1613652120.0,226.21,226.41,225.96,226.09,1002.94221
2021-02-18 12:43:00,1613652180.0,226.08,226.21,225.9,226.18,1056.43332
2021-02-18 12:44:00,1613652240.0,226.19,227.55,226.17,227.55,4200.08434
2021-02-18 12:45:00,1613652300.0,227.56,227.66,226.55,227.19,3199.88876
2021-02-18 12:46:00,1613652360.0,227.18,227.5,226.8,226.86,2231.87984
2021-02-18 12:47:00,1613652420.0,226.87,227.05,226.65,226.89,661.64124
2021-02-18 12:48:00,1613652480.0,226.97,227.1,226.57,226.69,871.57442
2021-02-18 12:49:00,1613652540.0,226.69,227.6,226.63,227.55,2211.2562
2021-02-18 12:50:00,1613652600.0,227.54,228.5,227.42,228.34,5977.89792
2021-02-18 12:51:00,1613652660.0,228.33,228.33,228.0,228.14,5304.56895
2021-02-18 12:52:00,1613652720.0,228.13,228.24,228.0,228.05,1533.3008
2021-02-18 12:53:00,1613652780.0,228.02,228.25,227.83,228.12,4845.31961
2021-02-18 12:54:00,1613652840.0,228.14,228.37,228.14,228.24,1185.39759
2021-02-18 12:55:00,1613652900.0,228.25,228.57,228.24,228.48,794.17773
2021-02-18 12:56:00,1613652960.0,228.5,228.54,227.77,228.12,1163.94945
2021-02-18 12:57:00,1613653020.0,228.14,228.25,227.68,228.05,920.39436
2021-02-18 12:58:00,1613653080.0,228.04,228.04,227.67,227.7,1140.56326
2021-02-18 12:59:00,1613653140.0,227.7,228.44,227.69,228.1,1153.32034
2021-02-18 13:00:00,1613653200.0,228.14,228.18,227.29,227.29,673.49719
2021-02-18 13:01:00,1613653260.0,227.32,228.04,227.23,227.73,847.5558
2021-02-18 13:02:00,1613653320.0,227.73,227.73,227.05,227.2,813.73009
2021-02-18 13:03:00,1613653380.0,227.17,227.92,227.17,227.87,871.96104
2021-02-18 13:04:00,1613653440.0,227.88,228.01,227.78,228.01,449.9143
2021-02-18 13:05:00,1613653500.0,228.01,228.33,228.01,228.28,492.29818
2021-02-18 13:06:00,1613653560.0,228.28,228.33,228.08,228.09,407.80048
2021-02-18 13:07:00,1613653620.0,228.08,228.27,228.07,228.19,548.36835
2021-02-18 13:08:00,1613653680.0,228.19,228.39,228.11,228.35,535.3787
2021-02-18 13:09:00,1613653740.0,228.35,228.85,228.35,228.7,926.63564
2021-02-18 13:10:00,1613653800.0,228.71,228.86,228.4,228.57,1005.73607
2021-02-18 13:11:00,1613653860.0,228.58,228.77,228.38,228.46,857.9359
2021-02-18 13:12:00,1613653920.0,228.47,228.52,228.1,228.16,356.5184
2021-02-18 13:13:00,1613653980.0,228.16,228.22,227.95,228.22,778.21695
2021-02-18 13:14:00,1613654040.0,228.2,228.59,228.18,228.38,348.66365
2021-02-18 13:15:00,1613654100.0,228.38,228.63,228.38,228.56,272.28325
2021-02-18 13:16:00,1613654160.0,228.56,228.91,228.38,228.67,1251.20589
2021-02-18 13:17:00,1613654220.0,228.67,229.16,228.61,229.07,761.47721
2021-02-18 13:18:00,1613654280.0,229.05,229.17,228.63,228.69,830.64838
2021-02-18 13:19:00,1613654340.0,228.7,228.89,228.64,228.72,301.70256
2021-02-18 13:20:00,1613654400.0,228.71,229.28,228.61,229.28,430.30777
2021-02-18 13:21:00,1613654460.0,229.26,230.1,229.21,230.1,1250.36879
2021-02-18 13:22:00,1613654520.0,230.1,230.19,229.89,230.18,864.6116
2021-02-18 13:23:00,1613654580.0,230.17,230.45,229.87,230.43,1374.97463
2021-02-18 13:24:00,1613654640.0,230.43,230.53,230.23,230.28,735.74609
2021-02-18 13:25:00,1613654700.0,230.27,230.32,229.24,229.6,1472.15628
2021-02-18 13:26:00,1613654760.0,229.6,229.67,228.17,228.42,6197.54051
2021-02-18 13:27:00,1613654820.0,228.41,229.0,228.13,228.56,3466.79674
2021-02-18 13:28:00,1613654880.0,228.57,228.62,228.0,228.32,2102.34564
2021-02-18 13:29:00,1613654940.0,228.3,228.74,227.8,227.97,1653.30709
2021-02-18 13:30:00,1613655000.0,228.02,228.19,227.85,228.08,1480.4725
2021-02-18 13:31:00,1613655060.0,228.08,228.1,227.63,227.72,747.40904
2021-02-18 13:32:00,1613655120.0,227.67,228.1,227.61,228.02,1114.70373
2021-02-18 13:33:00,1613655180.0,227.99,228.5,227.99,228.49,883.68751
2021-02-18 13:34:00,1613655240.0,228.5,228.75,228.06,228.49,1421.10054
2021-02-18 13:35:00,1613655300.0,228.49,229.4,228.44,229.04,1321.84735
2021-02-18 13:36:00,1613655360.0,229.01,229.81,228.98,229.81,751.41239
2021-02-18 13:37:00,1613655420.0,229.82,229.9,229.58,229.73,1159.77076
2021-02-18 13:38:00,1613655480.0,229.74,229.74,229.26,229.26,1004.55033
2021-02-18 13:39:00,1613655540.0,229.26,229.6,228.74,229.08,1067.14154
2021-02-18 13:40:00,1613655600.0,229.07,229.1,228.62,228.81,1125.1413
2021-02-18 13:41:00,1613655660.0,228.82,229.02,228.57,228.68,542.04386
2021-02-18 13:42:00,1613655720.0,228.68,229.15,228.59,229.07,978.98052
2021-02-18 13:43:00,1613655780.0,229.06,229.11,228.74,229.09,1216.84119
2021-02-18 13:44:00,1613655840.0,229.09,229.5,229.0,229.4,1160.25021
2021-02-18 13:45:00,1613655900.0,229.41,229.79,229.36,229.55,1120.63913
2021-02-18 13:46:00,1613655960.0,229.54,229.62,229.38,229.4,493.3739
2021-02-18 13:47:00,1613656020.0,229.4,229.47,229.19,229.27,430.01894
2021-02-18 13:48:00,1613656080.0,229.28,229.58,229.28,229.55,396.50574
2021-02-18 13:49:00,1613656140.0,229.55,230.2,229.55,230.16,1780.29034
2021-02-18 13:50:00,1613656200.0,230.17,230.2,229.81,229.87,817.11127
2021-02-18 13:51:00,1613656260.0,229.86,230.1,229.54,230.05,1211.12561
2021-02-18 13:52:00,1613656320.0,230.06,230.33,229.95,230.33,1146.09353
2021-02-18 13:53:00,1613656380.0,230.33,230.78,230.24,230.77,1418.18401
2021-02-18 13:54:00,1613656440.0,230.77,230.91,230.57,230.67,1776.42043
2021-02-18 13:55:00,1613656500.0,230.67,230.67,229.52,229.61,2072.12222
2021-02-18 13:56:00,1613656560.0,229.55,229.95,229.55,229.79,528.54416
2021-02-18 13:57:00,1613656620.0,229.8,230.09,229.72,229.95,449.57293
2021-02-18 13:58:00,1613656680.0,229.97,230.03,229.5,229.5,765.99202
2021-02-18 13:59:00,1613656740.0,229.51,229.82,228.28,228.61,4348.48612
2021-02-18 14:00:00,1613656800.0,228.61,228.76,227.98,228.04,2460.74458
2021-02-18 14:01:00,1613656860.0,228.04,228.81,227.99,228.78,2275.39024
2021-02-18 14:02:00,1613656920.0,228.77,229.51,228.48,229.38,1248.32949
2021-02-18 14:03:00,1613656980.0,229.38,229.51,228.67,229.05,1267.8372
2021-02-18 14:04:00,1613657040.0,229.05,229.15,228.82,229.0,418.15465
2021-02-18 14:05:00,1613657100.0,228.99,229.21,228.54,228.67,1484.21639
2021-02-18 14:06:00,1613657160.0,228.6,228.65,228.16,228.29,1693.35863
2021-02-18 14:07:00,1613657220.0,228.31,228.31,227.76,227.99,1173.8458
2021-02-18 14:08:00,1613657280.0,227.98,228.4,227.95,228.22,1128.16953
2021-02-18 14:09:00,1613657340.0,228.22,228.23,227.7,227.71,2987.13033
2021-02-18 14:10:00,1613657400.0,227.71,227.87,227.01,227.2,2597.14351
2021-02-18 14:11:00,1613657460.0,227.2,227.83,227.19,227.61,1183.18828
2021-02-18 14:12:00,1613657520.0,227.61,228.08,227.54,227.77,1166.92507
2021-02-18 14:13:00,1613657580.0,227.77,227.87,227.63,227.86,315.60906
2021-02-18 14:14:00,1613657640.0,227.87,228.02,227.51,227.53,758.29774
2021-02-18 14:15:00,1613657700.0,227.54,227.6,227.2,227.28,720.21541
2021-02-18 14:16:00,1613657760.0,227.28,227.5,227.11,227.5,708.38194
2021-02-18 14:17:00,1613657820.0,227.5,227.55,227.13,227.2,570.80815
2021-02-18 14:18:00,1613657880.0,227.22,227.41,226.75,226.8,1138.49102
2021-02-18 14:19:00,1613657940.0,226.8,227.72,226.76,227.72,940.90527
2021-02-18 14:20:00,1613658000.0,227.67,227.99,227.5,227.97,419.10839
2021-02-18 14:21:00,1613658060.0,227.95,227.95,227.6,227.73,211.02359
2021-02-18 14:22:00,1613658120.0,227.72,228.01,227.5,228.01,355.77705
2021-02-18 14:23:00,1613658180.0,228.01,228.2,227.86,228.16,624.30953
2021-02-18 14:24:00,1613658240.0,228.16,228.41,228.14,228.24,679.68457
2021-02-18 14:25:00,1613658300.0,228.23,228.29,227.99,228.17,1502.47852
2021-02-18 14:26:00,1613658360.0,228.19,228.41,228.18,228.33,468.95921
2021-02-18 14:27:00,1613658420.0,228.33,228.38,227.87,228.19,1021.39292
2021-02-18 14:28:00,1613658480.0,228.19,228.35,228.01,228.34,780.6705
2021-02-18 14:29:00,1613658540.0,228.32,228.42,228.14,228.42,395.70286
2021-02-18 14:30:00,1613658600.0,228.42,228.97,228.24,228.93,420.50258
2021-02-18 14:31:00,1613658660.0,228.88,229.36,228.85,229.23,619.51817
2021-02-18 14:32:00,1613658720.0,229.22,229.56,228.9,229.5,698.76917
2021-02-18 14:33:00,1613658780.0,229.5,230.16,229.34,229.93,1728.37308
2021-02-18 14:34:00,1613658840.0,229.93,230.32,229.7,230.2,1246.94696
2021-02-18 14:35:00,1613658900.0,230.19,230.28,229.69,229.97,750.75315
2021-02-18 14:36:00,1613658960.0,229.95,230.15,229.65,230.11,895.51362
2021-02-18 14:37:00,1613659020.0,230.11,230.51,229.92,230.29,742.60811
2021-02-18 14:38:00,1613659080.0,230.28,230.93,230.1,230.91,1654.55709
2021-02-18 14:39:00,1613659140.0,230.91,231.31,230.81,231.13,1255.70646
2021-02-18 14:40:00,1613659200.0,231.14,231.16,230.69,231.01,828.83168
2021-02-18 14:41:00,1613659260.0,230.99,231.26,230.94,231.17,978.81107
2021-02-18 14:42:00,1613659320.0,231.16,231.42,230.97,231.13,3199.92056
2021-02-18 14:43:00,1613659380.0,231.13,231.23,230.73,230.73,577.71021
2021-02-18 14:44:00,1613659440.0,230.72,231.3,230.49,231.01,1488.12863
2021-02-18 14:45:00,1613659500.0,231.0,231.0,230.51,230.54,968.05513
2021-02-18 14:46:00,1613659560.0,230.55,230.66,230.03,230.46,1686.16398
2021-02-18 14:47:00,1613659620.0,230.45,230.79,230.35,230.54,1582.03604
2021-02-18 14:48:00,1613659680.0,230.56,230.67,230.35,230.35,874.92779
2021-02-18 14:49:00,1613659740.0,230.35,230.36,230.0,230.0,752.71962
2021-02-18 14:50:00,1613659800.0,230.0,230.05,229.69,229.78,1074.09207
2021-02-18 14:51:00,1613659860.0,229.78,230.2,229.48,230.2,977.77108
2021-02-18 14:52:00,1613659920.0,230.16,230.16,229.67,229.68,593.2443
2021-02-18 14:53:00,1613659980.0,229.68,229.97,229.68,229.94,586.73016
2021-02-18 14:54:00,1613660040.0,229.93,230.3,229.7,230.17,2494.26708
2021-02-18 14:55:00,1613660100.0,230.17,230.68,230.16,230.59,948.20395
2021-02-18 14:56:00,1613660160.0,230.6,230.68,230.3,230.38,998.1476
2021-02-18 14:57:00,1613660220.0,230.38,230.89,230.36,230.89,1480.11948
2021-02-18 14:58:00,1613660280.0,230.87,230.87,230.22,230.69,1478.6954
2021-02-18 14:59:00,1613660340.0,230.69,230.71,230.38,230.59,842.29222
2021-02-18 15:00:00,1613660400.0,230.6,230.81,230.15,230.25,944.91764
2021-02-18 15:01:00,1613660460.0,230.24,230.24,229.69,229.71,864.80614
2021-02-18 15:02:00,1613660520.0,229.69,230.61,229.58,230.61,735.53555
2021-02-18 15:03:00,1613660580.0,230.61,230.61,230.19,230.2,572.31547
2021-02-18 15:04:00,1613660640.0,230.21,230.55,230.0,230.0,641.79297
2021-02-18 15:05:00,1613660700.0,230.01,230.52,230.0,230.43,1905.54688
2021-02-18 15:06:00,1613660760.0,230.45,230.56,230.0,230.05,656.58677
2021-02-18 15:07:00,1613660820.0,230.05,230.22,229.56,229.67,2169.80161
2021-02-18 15:08:00,1613660880.0,229.65,230.0,229.65,229.89,393.289
2021-02-18 15:09:00,1613660940.0,229.89,230.21,229.89,230.06,318.07697
2021-02-18 15:10:00,1613661000.0,230.09,230.23,229.99,230.19,862.20521
2021-02-18 15:11:00,1613661060.0,230.19,230.31,230.0,230.0,481.27373
2021-02-18 15:12:00,1613661120.0,230.03,230.38,229.69,230.23,1988.35397
2021-02-18 15:13:00,1613661180.0,230.23,230.6,230.23,230.29,1947.81127
2021-02-18 15:14:00,1613661240.0,230.29,230.71,230.27,230.7,1792.45548
2021-02-18 15:15:00,1613661300.0,230.63,231.25,230.62,231.1,4941.76974
2021-02-18 15:16:00,1613661360.0,231.12,231.64,231.12,231.63,2194.6634
2021-02-18 15:17:00,1613661420.0,231.64,231.68,230.51,230.51,1291.12838
2021-02-18 15:18:00,1613661480.0,230.53,230.62,229.48,229.52,1976.8251
2021-02-18 15:19:00,1613661540.0,229.52,229.83,229.28,229.29,1128.97942
2021-02-18 15:20:00,1613661600.0,229.28,229.61,229.08,229.12,1351.14008
2021-02-18 15:21:00,1613661660.0,229.11,229.11,228.49,228.49,1100.37629
2021-02-18 15:22:00,1613661720.0,228.48,229.11,228.47,229.07,1245.92102
2021-02-18 15:23:00,1613661780.0,229.08,229.18,227.55,227.99,2941.43655
2021-02-18 15:24:00,1613661840.0,228.0,228.08,227.12,227.27,4173.25247
2021-02-18 15:25:00,1613661900.0,227.23,227.6,226.39,226.91,3554.12807
2021-02-18 15:26:00,1613661960.0,226.81,226.81,225.04,226.29,6523.3204
2021-02-18 15:27:00,1613662020.0,226.22,226.82,225.23,225.44,3650.54443
2021-02-18 15:28:00,1613662080.0,225.43,225.89,225.05,225.89,2741.90141
2021-02-18 15:29:00,1613662140.0,225.84,226.61,225.45,225.45,3602.43363
2021-02-18 15:30:00,1613662200.0,225.58,225.63,224.8,224.91,2797.60906
2021-02-18 15:31:00,1613662260.0,224.83,225.3,224.49,225.3,4951.97838
2021-02-18 15:32:00,1613662320.0,225.28,225.41,224.45,224.45,3193.85444
2021-02-18 15:33:00,1613662380.0,224.46,224.94,224.43,224.78,1986.85726
2021-02-18 15:34:00,1613662440.0,224.79,225.42,224.6,225.42,1184.66639
2021-02-18 15:35:00,1613662500.0,225.42,226.01,225.42,225.53,2187.31618
2021-02-18 15:36:00,1613662560.0,225.53,225.68,225.04,225.4,1798.62899
2021-02-18 15:37:00,1613662620.0,225.36,226.0,225.29,225.72,1372.45797
2021-02-18 15:38:00,1613662680.0,225.71,226.15,225.32,226.13,897.0111
2021-02-18 15:39:00,1613662740.0,226.13,226.53,226.04,226.53,1277.80768
2021-02-18 15:40:00,1613662800.0,226.5,226.54,225.5,226.14,1460.37904
2021-02-18 15:41:00,1613662860.0,226.12,226.64,226.07,226.62,893.24772
2021-02-18 15:42:00,1613662920.0,226.61,226.77,226.41,226.75,1117.19974
2021-02-18 15:43:00,1613662980.0,226.75,227.18,226.62,226.94,1509.69343
2021-02-18 15:44:00,1613663040.0,226.93,226.93,226.01,226.19,935.27375
2021-02-18 15:45:00,1613663100.0,226.18,226.77,226.18,226.59,749.80874
2021-02-18 15:46:00,1613663160.0,226.58,226.86,226.49,226.73,402.00967
2021-02-18 15:47:00,1613663220.0,226.72,226.73,225.81,226.27,2071.74326
2021-02-18 15:48:00,1613663280.0,226.27,226.3,224.86,225.21,2081.209
2021-02-18 15:49:00,1613663340.0,225.18,225.97,224.99,225.55,917.44163
2021-02-18 15:50:00,1613663400.0,225.54,226.29,225.32,226.03,667.41175
2021-02-18 15:51:00,1613663460.0,226.02,226.43,225.72,226.26,1028.14955
2021-02-18 15:52:00,1613663520.0,226.26,226.29,225.8,225.99,691.55966
2021-02-18 15:53:00,1613663580.0,225.96,225.96,225.22,225.26,977.87478
2021-02-18 15:54:00,1613663640.0,225.26,225.88,225.0,225.81,1183.0759
2021-02-18 15:55:00,1613663700.0,225.72,226.16,225.57,226.15,625.00106
2021-02-18 15:56:00,1613663760.0,226.14,226.61,225.75,226.59,996.35824
2021-02-18 15:57:00,1613663820.0,226.58,226.8,225.75,225.79,705.90264
2021-02-18 15:58:00,1613663880.0,225.79,226.43,225.43,225.55,1829.25197
2021-02-18 15:59:00,1613663940.0,225.55,225.8,225.14,225.14,1892.49221
2021-02-18 16:00:00,1613664000.0,225.17,226.66,225.13,225.82,4078.99333
2021-02-18 16:01:00,1613664060.0,225.72,226.11,224.53,224.68,3591.16665
2021-02-18 16:02:00,1613664120.0,224.68,226.05,224.68,225.83,1579.36911
2021-02-18 16:03:00,1613664180.0,225.79,225.95,224.99,225.53,2091.26224
2021-02-18 16:04:00,1613664240.0,225.44,225.75,224.92,225.14,1714.99543
2021-02-18 16:05:00,1613664300.0,225.14,225.67,225.12,225.26,798.38922
2021-02-18 16:06:00,1613664360.0,225.24,225.86,225.13,225.66,758.83151
2021-02-18 16:07:00,1613664420.0,225.67,226.08,225.51,225.65,784.98157
2021-02-18 16:08:00,1613664480.0,225.65,225.99,225.64,225.95,1204.38929
2021-02-18 16:09:00,1613664540.0,225.96,226.22,225.74,226.08,793.09275
2021-02-18 16:10:00,1613664600.0,226.09,226.18,225.61,225.96,1267.75275
2021-02-18 16:11:00,1613664660.0,225.95,226.19,225.67,225.92,1181.52771
2021-02-18 16:12:00,1613664720.0,225.82,225.92,225.43,225.49,628.8697
2021-02-18 16:13:00,1613664780.0,225.5,225.58,225.2,225.46,1132.92032
2021-02-18 16:14:00,1613664840.0,225.45,225.49,225.09,225.25,868.56446
2021-02-18 16:15:00,1613664900.0,225.26,225.6,225.15,225.31,920.72549
2021-02-18 16:16:00,1613664960.0,225.29,225.3,224.87,225.06,1522.51188
2021-02-18 16:17:00,1613665020.0,225.08,225.08,224.67,224.74,822.01304
2021-02-18 16:18:00,1613665080.0,224.73,224.96,224.53,224.76,735.43689
2021-02-18 16:19:00,1613665140.0,224.78,225.1,224.44,224.5,2349.74943
2021-02-18 16:20:00,1613665200.0,224.46,224.5,224.02,224.12,1473.39459
2021-02-18 16:21:00,1613665260.0,224.11,224.11,223.41,223.42,3124.7706
2021-02-18 16:22:00,1613665320.0,223.42,224.07,223.28,224.03,1738.81688
2021-02-18 16:23:00,1613665380.0,223.95,224.91,223.92,224.76,1288.02865
2021-02-18 16:24:00,1613665440.0,224.76,225.76,224.76,225.76,2988.41796
2021-02-18 16:25:00,1613665500.0,225.75,226.88,225.67,226.72,3711.34314
2021-02-18 16:26:00,1613665560.0,226.71,226.8,226.41,226.51,1484.00116
2021-02-18 16:27:00,1613665620.0,226.51,226.6,226.17,226.17,644.87542
2021-02-18 16:28:00,1613665680.0,226.17,226.32,225.82,226.01,1714.11785
2021-02-18 16:29:00,1613665740.0,226.02,226.31,225.6,225.6,912.7818
2021-02-18 16:30:00,1613665800.0,225.59,225.69,225.17,225.24,735.96473
2021-02-18 16:31:00,1613665860.0,225.23,225.56,224.8,224.8,682.181
2021-02-18 16:32:00,1613665920.0,224.8,225.3,224.73,224.87,2530.64256
2021-02-18 16:33:00,1613665980.0,224.87,224.91,224.4,224.57,874.55771
2021-02-18 16:34:00,1613666040.0,224.57,225.42,224.49,225.36,1938.38795
2021-02-18 16:35:00,1613666100.0,225.27,225.58,224.58,224.6,1434.6327
2021-02-18 16:36:00,1613666160.0,224.61,224.88,224.57,224.58,1652.48441
2021-02-18 16:37:00,1613666220.0,224.58,224.9,224.32,224.39,1389.62806
2021-02-18 16:38:00,1613666280.0,224.39,224.77,224.17,224.56,1950.23984
2021-02-18 16:39:00,1613666340.0,224.55,224.93,224.29,224.92,1205.84387
2021-02-18 16:40:00,1613666400.0,224.93,225.03,224.55,224.74,1310.79345
2021-02-18 16:41:00,1613666460.0,224.74,225.37,224.74,225.26,642.60756
2021-02-18 16:42:00,1613666520.0,225.27,225.42,224.84,225.22,625.5645
2021-02-18 16:43:00,1613666580.0,225.22,225.42,224.96,225.18,749.25398
2021-02-18 16:44:00,1613666640.0,225.14,225.14,224.67,224.73,1243.01157
2021-02-18 16:45:00,1613666700.0,224.75,225.59,224.7,225.49,764.22537
2021-02-18 16:46:00,1613666760.0,225.5,225.62,225.29,225.48,685.37542
2021-02-18 16:47:00,1613666820.0,225.48,225.49,225.28,225.3,627.89366
2021-02-18 16:48:00,1613666880.0,225.29,226.0,225.2,226.0,649.68692
2021-02-18 16:49:00,1613666940.0,225.97,226.45,225.86,226.35,544.94788
2021-02-18 16:50:00,1613667000.0,226.36,226.99,226.29,226.96,1985.86994
2021-02-18 16:51:00,1613667060.0,226.97,227.0,226.33,226.4,1691.81992
2021-02-18 16:52:00,1613667120.0,226.41,227.0,226.31,226.93,1366.55418
2021-02-18 16:53:00,1613667180.0,226.92,227.1,226.9,227.02,2295.32887
2021-02-18 16:54:00,1613667240.0,227.02,227.03,226.33,226.63,1676.20709
2021-02-18 16:55:00,1613667300.0,226.57,226.69,226.39,226.49,418.74073
2021-02-18 16:56:00,1613667360.0,226.49,226.99,226.49,226.95,765.35389
2021-02-18 16:57:00,1613667420.0,226.98,227.36,226.95,227.36,2204.05534
2021-02-18 16:58:00,1613667480.0,227.34,227.42,227.01,227.17,1437.6529
2021-02-18 16:59:00,1613667540.0,227.17,227.31,227.04,227.13,766.32101
2021-02-18 17:00:00,1613667600.0,227.12,227.12,226.59,226.8,918.44287
2021-02-18 17:01:00,1613667660.0,226.8,226.88,226.62,226.81,817.37722
2021-02-18 17:02:00,1613667720.0,226.83,226.9,226.55,226.56,371.65527
2021-02-18 17:03:00,1613667780.0,226.56,226.65,226.55,226.61,910.1497
2021-02-18 17:04:00,1613667840.0,226.61,226.75,226.6,226.73,516.70016
2021-02-18 17:05:00,1613667900.0,226.72,226.81,226.43,226.51,1189.98149
2021-02-18 17:06:00,1613667960.0,226.48,226.48,226.17,226.41,908.54052
2021-02-18 17:07:00,1613668020.0,226.41,226.71,226.27,226.4,1118.7061
2021-02-18 17:08:00,1613668080.0,226.42,226.7,226.39,226.69,1016.6533
2021-02-18 17:09:00,1613668140.0,226.69,226.69,226.41,226.43,253.64951
2021-02-18 17:10:00,1613668200.0,226.43,226.68,226.43,226.52,693.55013
2021-02-18 17:11:00,1613668260.0,226.53,226.54,226.21,226.3,430.56204
2021-02-18 17:12:00,1613668320.0,226.32,226.55,226.28,226.55,736.81686
2021-02-18 17:13:00,1613668380.0,226.52,226.56,226.18,226.18,747.04752
2021-02-18 17:14:00,1613668440.0,226.17,226.23,225.91,225.98,1120.80879
2021-02-18 17:15:00,1613668500.0,225.96,226.33,225.92,226.08,1601.64993
2021-02-18 17:16:00,1613668560.0,226.13,226.21,225.87,225.96,1155.22261
2021-02-18 17:17:00,1613668620.0,225.95,226.11,225.77,225.97,481.599
2021-02-18 17:18:00,1613668680.0,225.97,225.99,225.77,225.93,423.03088
2021-02-18 17:19:00,1613668740.0,225.92,225.92,225.62,225.74,636.41025
2021-02-18 17:20:00,1613668800.0,225.73,226.12,225.63,226.0,1451.44253
2021-02-18 17:21:00,1613668860.0,226.0,226.07,224.9,225.53,3529.29863
2021-02-18 17:22:00,1613668920.0,225.54,225.75,225.39,225.75,904.75928
2021-02-18 17:23:00,1613668980.0,225.77,225.89,225.52,225.89,544.34098
2021-02-18 17:24:00,1613669040.0,225.87,225.94,225.76,225.79,334.59142
2021-02-18 17:25:00,1613669100.0,225.79,226.0,225.72,226.0,435.07389
2021-02-18 17:26:00,1613669160.0,226.0,226.0,225.87,225.95,227.76135
2021-02-18 17:27:00,1613669220.0,225.95,226.0,225.91,225.96,811.08904
2021-02-18 17:28:00,1613669280.0,225.97,226.32,225.87,226.26,820.12745
2021-02-18 17:29:00,1613669340.0,226.27,226.91,226.27,226.7,1011.76518
2021-02-18 17:30:00,1613669400.0,226.69,226.71,226.42,226.49,562.06805
2021-02-18 17:31:00,1613669460.0,226.5,226.5,226.0,226.0,1487.91991
2021-02-18 17:32:00,1613669520.0,226.01,226.03,225.68,225.72,422.57945
2021-02-18 17:33:00,1613669580.0,225.7,225.85,225.58,225.83,244.26943
2021-02-18 17:34:00,1613669640.0,225.84,226.24,225.61,226.23,519.74296
2021-02-18 17:35:00,1613669700.0,226.24,226.7,226.05,226.65,1368.71766
2021-02-18 17:36:00,1613669760.0,226.65,226.7,226.5,226.61,953.37656
2021-02-18 17:37:00,1613669820.0,226.61,226.63,226.34,226.38,422.74114
2021-02-18 17:38:00,1613669880.0,226.37,226.37,226.24,226.3,845.07677
2021-02-18 17:39:00,1613669940.0,226.3,226.3,226.0,226.21,409.44094
2021-02-18 17:40:00,1613670000.0,226.22,226.25,225.47,225.51,1985.72661
2021-02-18 17:41:00,1613670060.0,225.51,225.53,225.26,225.42,945.69934
2021-02-18 17:42:00,1613670120.0,225.41,225.52,225.3,225.37,303.51185
2021-02-18 17:43:00,1613670180.0,225.36,225.66,225.17,225.26,1221.1888
2021-02-18 17:44:00,1613670240.0,225.27,225.35,224.82,224.85,898.13515
2021-02-18 17:45:00,1613670300.0,224.84,225.0,224.48,224.78,1176.20874
2021-02-18 17:46:00,1613670360.0,224.8,225.8,224.64,225.77,1675.21291
2021-02-18 17:47:00,1613670420.0,225.78,226.04,225.52,225.56,3373.09204
2021-02-18 17:48:00,1613670480.0,225.55,225.56,224.9,224.94,1361.52037
2021-02-18 17:49:00,1613670540.0,224.91,225.2,224.63,225.18,1351.94931
2021-02-18 17:50:00,1613670600.0,225.17,225.17,224.48,225.06,1150.46062
2021-02-18 17:51:00,1613670660.0,225.05,225.23,224.77,225.11,876.36821
2021-02-18 17:52:00,1613670720.0,225.06,225.06,224.51,224.53,824.83605
2021-02-18 17:53:00,1613670780.0,224.53,224.65,224.48,224.53,636.14118
2021-02-18 17:54:00,1613670840.0,224.56,225.0,224.54,224.88,1410.00997
2021-02-18 17:55:00,1613670900.0,224.88,224.93,224.5,224.56,609.43464
2021-02-18 17:56:00,1613670960.0,224.56,224.85,224.52,224.82,453.49602
2021-02-18 17:57:00,1613671020.0,224.81,225.42,224.7,225.14,1018.69071
2021-02-18 17:58:00,1613671080.0,225.14,225.42,224.87,224.94,721.24949
2021-02-18 17:59:00,1613671140.0,224.93,224.93,224.69,224.7,251.08466
2021-02-18 18:00:00,1613671200.0,224.7,225.02,224.69,224.83,341.15243
2021-02-18 18:01:00,1613671260.0,224.82,224.82,224.32,224.47,647.9116
2021-02-18 18:02:00,1613671320.0,224.46,224.75,224.45,224.74,200.31778
2021-02-18 18:03:00,1613671380.0,224.73,224.87,224.7,224.78,315.09831
2021-02-18 18:04:00,1613671440.0,224.77,224.88,224.43,224.54,555.59065
2021-02-18 18:05:00,1613671500.0,224.54,224.68,224.33,224.36,604.66822
2021-02-18 18:06:00,1613671560.0,224.36,224.92,224.24,224.72,673.92104
2021-02-18 18:07:00,1613671620.0,224.7,225.27,224.6,225.23,424.0272
2021-02-18 18:08:00,1613671680.0,225.27,225.3,224.82,224.83,396.22315
2021-02-18 18:09:00,1613671740.0,224.82,225.2,224.8,225.1,504.26201
2021-02-18 18:10:00,1613671800.0,225.08,225.42,225.08,225.41,402.39474
2021-02-18 18:11:00,1613671860.0,225.39,225.9,225.34,225.79,633.21652
2021-02-18 18:12:00,1613671920.0,225.78,225.95,225.46,225.7,498.12642
2021-02-18 18:13:00,1613671980.0,225.68,226.13,225.56,225.96,627.40209
2021-02-18 18:14:00,1613672040.0,225.95,226.24,225.91,226.15,723.4056
2021-02-18 18:15:00,1613672100.0,226.13,226.5,225.71,226.44,1274.48193
2021-02-18 18:16:00,1613672160.0,226.45,227.28,226.45,227.11,1516.46754
2021-02-18 18:17:00,1613672220.0,227.11,227.14,226.61,226.84,1004.28198
2021-02-18 18:18:00,1613672280.0,226.83,226.83,226.32,226.37,1335.26278
2021-02-18 18:19:00,1613672340.0,226.35,226.9,226.31,226.74,731.01265
2021-02-18 18:20:00,1613672400.0,226.74,226.87,226.53,226.61,612.28057
2021-02-18 18:21:00,1613672460.0,226.61,226.65,226.3,226.55,390.53707
2021-02-18 18:22:00,1613672520.0,226.56,226.6,226.36,226.58,1087.77121
2021-02-18 18:23:00,1613672580.0,226.56,226.65,226.27,226.47,597.4276
2021-02-18 18:24:00,1613672640.0,226.48,226.63,226.31,226.41,568.7837
2021-02-18 18:25:00,1613672700.0,226.41,226.71,226.31,226.38,481.32598
2021-02-18 18:26:00,1613672760.0,226.37,226.63,226.19,226.57,588.67208
2021-02-18 18:27:00,1613672820.0,226.58,226.72,226.4,226.45,780.95169
2021-02-18 18:28:00,1613672880.0,226.45,226.66,226.25,226.66,1321.04749
2021-02-18 18:29:00,1613672940.0,226.67,226.95,226.51,226.93,668.53516
2021-02-18 18:30:00,1613673000.0,226.92,227.0,226.64,226.99,1669.92358
2021-02-18 18:31:00,1613673060.0,226.99,227.2,226.79,227.0,1102.30928
2021-02-18 18:32:00,1613673120.0,227.01,227.16,226.6,226.68,950.26717
2021-02-18 18:33:00,1613673180.0,226.69,227.17,226.33,227.17,689.43444
2021-02-18 18:34:00,1613673240.0,227.18,227.18,226.87,226.99,589.02027
2021-02-18 18:35:00,1613673300.0,226.99,227.07,226.94,226.99,379.21281
2021-02-18 18:36:00,1613673360.0,226.98,227.13,226.8,226.92,902.21535
2021-02-18 18:37:00,1613673420.0,226.92,227.06,226.71,227.05,551.47566
2021-02-18 18:38:00,1613673480.0,227.05,227.05,226.17,226.29,736.31224
2021-02-18 18:39:00,1613673540.0,226.25,226.82,226.25,226.73,576.48929
2021-02-18 18:40:00,1613673600.0,226.75,226.78,226.36,226.5,1104.12987
2021-02-18 18:41:00,1613673660.0,226.48,226.74,226.4,226.64,582.61626
2021-02-18 18:42:00,1613673720.0,226.65,226.8,226.3,226.6,580.03703
2021-02-18 18:43:00,1613673780.0,226.64,226.81,226.58,226.61,225.32552
2021-02-18 18:44:00,1613673840.0,226.63,226.83,226.35,226.83,1216.35244
2021-02-18 18:45:00,1613673900.0,226.82,227.21,226.72,227.14,711.82513
2021-02-18 18:46:00,1613673960.0,227.11,227.47,226.55,227.26,2411.2148
2021-02-18 18:47:00,1613674020.0,227.28,227.29,226.66,226.67,860.66048
2021-02-18 18:48:00,1613674080.0,226.68,226.8,226.4,226.62,1346.40615
2021-02-18 18:49:00,1613674140.0,226.65,226.83,226.43,226.67,702.03908
2021-02-18 18:50:00,1613674200.0,226.68,226.7,226.4,226.41,867.8759
2021-02-18 18:51:00,1613674260.0,226.42,226.6,226.42,226.49,390.56952
2021-02-18 18:52:00,1613674320.0,226.49,226.62,226.22,226.57,760.79266
2021-02-18 18:53:00,1613674380.0,226.56,226.56,226.23,226.3,324.46217
2021-02-18 18:54:00,1613674440.0,226.3,226.34,226.07,226.07,400.4718
2021-02-18 18:55:00,1613674500.0,226.08,226.17,225.82,225.95,1024.92172
2021-02-18 18:56:00,1613674560.0,225.96,226.05,225.61,225.62,623.96315
2021-02-18 18:57:00,1613674620.0,225.61,225.68,225.27,225.35,1311.51498
2021-02-18 18:58:00,1613674680.0,225.36,225.63,225.05,225.31,1016.68188
2021-02-18 18:59:00,1613674740.0,225.33,225.64,225.18,225.22,705.1116
2021-02-18 19:00:00,1613674800.0,225.22,225.56,225.19,225.53,357.2669
2021-02-18 19:01:00,1613674860.0,225.53,225.91,225.53,225.64,519.85195
2021-02-18 19:02:00,1613674920.0,225.64,225.76,225.47,225.63,415.87552
2021-02-18 19:03:00,1613674980.0,225.63,225.99,225.54,225.93,444.73323
2021-02-18 19:04:00,1613675040.0,225.95,226.15,225.94,226.1,438.43042
2021-02-18 19:05:00,1613675100.0,226.09,226.09,225.6,225.8,507.20747
2021-02-18 19:06:00,1613675160.0,225.8,226.42,225.8,226.35,512.02278
2021-02-18 19:07:00,1613675220.0,226.37,226.5,226.2,226.23,447.74815
2021-02-18 19:08:00,1613675280.0,226.23,226.35,225.84,226.07,1116.98539
2021-02-18 19:09:00,1613675340.0,226.07,226.32,225.97,226.26,279.95441
2021-02-18 19:10:00,1613675400.0,226.25,226.27,225.69,225.69,325.73769
2021-02-18 19:11:00,1613675460.0,225.71,226.14,225.71,225.99,851.92534
2021-02-18 19:12:00,1613675520.0,225.98,226.1,225.94,226.09,771.627
2021-02-18 19:13:00,1613675580.0,226.1,226.27,226.01,226.17,385.88014
2021-02-18 19:14:00,1613675640.0,226.17,226.29,226.07,226.13,373.58562
2021-02-18 19:15:00,1613675700.0,226.13,226.3,226.09,226.28,664.9339
2021-02-18 19:16:00,1613675760.0,226.28,226.28,226.15,226.16,176.10732
2021-02-18 19:17:00,1613675820.0,226.17,226.17,225.6,225.71,647.84594
2021-02-18 19:18:00,1613675880.0,225.67,225.7,225.39,225.39,874.08809
2021-02-18 19:19:00,1613675940.0,225.38,225.58,225.34,225.42,724.47254
2021-02-18 19:20:00,1613676000.0,225.41,225.56,225.2,225.27,958.63551
2021-02-18 19:21:00,1613676060.0,225.28,225.6,225.28,225.52,380.60119
2021-02-18 19:22:00,1613676120.0,225.54,225.95,225.54,225.66,724.28547
2021-02-18 19:23:00,1613676180.0,225.66,225.66,225.5,225.53,792.53571
2021-02-18 19:24:00,1613676240.0,225.54,226.06,225.54,225.93,387.40059
2021-02-18 19:25:00,1613676300.0,225.92,225.94,225.61,225.8,276.97899
2021-02-18 19:26:00,1613676360.0,225.78,225.78,225.53,225.69,305.2402
2021-02-18 19:27:00,1613676420.0,225.67,225.67,225.41,225.53,463.04854
2021-02-18 19:28:00,1613676480.0,225.54,225.93,225.5,225.78,954.01799
2021-02-18 19:29:00,1613676540.0,225.77,225.93,225.73,225.83,398.25351
2021-02-18 19:30:00,1613676600.0,225.81,225.96,225.78,225.88,437.29308
2021-02-18 19:31:00,1613676660.0,225.85,225.92,225.78,225.78,337.3362
2021-02-18 19:32:00,1613676720.0,225.79,225.93,225.57,225.73,940.42793
2021-02-18 19:33:00,1613676780.0,225.72,226.13,225.71,226.12,1078.93619
2021-02-18 19:34:00,1613676840.0,226.12,226.29,226.08,226.26,794.04781
2021-02-18 19:35:00,1613676900.0,226.24,226.24,226.0,226.13,826.73194
2021-02-18 19:36:00,1613676960.0,226.12,226.3,226.06,226.22,659.44316
2021-02-18 19:37:00,1613677020.0,226.22,226.3,226.0,226.06,1063.58181
2021-02-18 19:38:00,1613677080.0,226.06,226.3,225.96,226.3,772.63817
2021-02-18 19:39:00,1613677140.0,226.29,226.33,226.1,226.14,494.79902
2021-02-18 19:40:00,1613677200.0,226.15,226.15,225.9,225.92,444.89807
2021-02-18 19:41:00,1613677260.0,225.92,225.92,225.42,225.55,756.31445
2021-02-18 19:42:00,1613677320.0,225.55,225.74,225.44,225.55,539.90915
2021-02-18 19:43:00,1613677380.0,225.56,225.68,225.3,225.48,458.02819
2021-02-18 19:44:00,1613677440.0,225.48,225.67,225.44,225.54,193.28463
2021-02-18 19:45:00,1613677500.0,225.55,225.72,225.44,225.56,181.93001
2021-02-18 19:46:00,1613677560.0,225.54,225.54,224.71,224.78,1511.88639
2021-02-18 19:47:00,1613677620.0,224.78,225.11,224.7,225.05,966.59482
2021-02-18 19:48:00,1613677680.0,225.08,225.44,224.86,225.43,1126.02693
2021-02-18 19:49:00,1613677740.0,225.43,225.43,225.09,225.15,255.97286
2021-02-18 19:50:00,1613677800.0,225.15,225.25,225.09,225.13,420.94683
2021-02-18 19:51:00,1613677860.0,225.13,225.17,224.92,224.99,1043.92267
2021-02-18 19:52:00,1613677920.0,224.99,225.08,224.81,224.83,1221.85725
2021-02-18 19:53:00,1613677980.0,224.83,224.96,224.75,224.79,508.90434
2021-02-18 19:54:00,1613678040.0,224.79,224.96,224.73,224.76,613.23105
2021-02-18 19:55:00,1613678100.0,224.75,224.96,224.35,224.59,1363.97715
2021-02-18 19:56:00,1613678160.0,224.59,224.77,224.29,224.31,968.26036
2021-02-18 19:57:00,1613678220.0,224.33,224.88,224.33,224.75,1019.27685
2021-02-18 19:58:00,1613678280.0,224.75,225.28,224.68,224.76,1244.03063
2021-02-18 19:59:00,1613678340.0,224.77,224.83,224.3,224.3,741.51654
2021-02-18 20:00:00,1613678400.0,224.3,224.31,223.0,223.8,4769.82576
2021-02-18 20:01:00,1613678460.0,223.8,223.94,223.32,223.89,1544.88429
2021-02-18 20:02:00,1613678520.0,223.89,224.47,223.87,224.34,1203.1034
2021-02-18 20:03:00,1613678580.0,224.33,225.0,224.31,224.95,1292.11172
2021-02-18 20:04:00,1613678640.0,224.95,225.1,224.29,224.53,1666.88385
2021-02-18 20:05:00,1613678700.0,224.53,225.3,224.53,224.9,1655.50471
2021-02-18 20:06:00,1613678760.0,224.92,225.18,224.89,224.92,770.59859
2021-02-18 20:07:00,1613678820.0,224.92,225.3,224.87,225.21,615.56283
2021-02-18 20:08:00,1613678880.0,225.22,225.22,224.78,224.94,893.31271
2021-02-18 20:09:00,1613678940.0,224.94,225.18,224.48,224.55,898.73751
2021-02-18 20:10:00,1613679000.0,224.54,224.64,224.13,224.52,1294.50517
2021-02-18 20:11:00,1613679060.0,224.51,224.7,224.3,224.57,705.03291
2021-02-18 20:12:00,1613679120.0,224.57,224.83,224.5,224.66,951.90019
2021-02-18 20:13:00,1613679180.0,224.64,224.81,224.27,224.39,726.14438
2021-02-18 20:14:00,1613679240.0,224.39,224.72,224.2,224.72,1510.31691
2021-02-18 20:15:00,1613679300.0,224.73,225.0,224.53,225.0,959.59548
2021-02-18 20:16:00,1613679360.0,224.98,225.19,224.89,224.91,1002.85913
2021-02-18 20:17:00,1613679420.0,224.89,224.89,224.63,224.64,871.02054
2021-02-18 20:18:00,1613679480.0,224.64,224.74,224.43,224.71,927.34756
2021-02-18 20:19:00,1613679540.0,224.7,224.99,224.68,224.75,187.67276
2021-02-18 20:20:00,1613679600.0,224.75,224.99,224.61,224.97,376.29204
2021-02-18 20:21:00,1613679660.0,224.98,225.38,224.98,225.33,468.95777
2021-02-18 20:22:00,1613679720.0,225.32,225.41,225.15,225.21,539.94781
2021-02-18 20:23:00,1613679780.0,225.2,225.28,225.13,225.15,293.74669
2021-02-18 20:24:00,1613679840.0,225.16,225.37,225.03,225.18,321.64975
2021-02-18 20:25:00,1613679900.0,225.2,225.42,225.2,225.4,188.90812
2021-02-18 20:26:00,1613679960.0,225.39,225.5,225.2,225.37,256.69505
2021-02-18 20:27:00,1613680020.0,225.37,225.58,225.3,225.55,444.95851
2021-02-18 20:28:00,1613680080.0,225.55,226.16,225.54,226.09,632.94032
2021-02-18 20:29:00,1613680140.0,226.09,226.33,226.02,226.29,574.23358
2021-02-18 20:30:00,1613680200.0,226.29,226.84,226.28,226.84,782.95217
2021-02-18 20:31:00,1613680260.0,226.83,227.02,226.35,226.64,790.77854
2021-02-18 20:32:00,1613680320.0,226.64,227.0,226.5,226.86,699.02583
2021-02-18 20:33:00,1613680380.0,226.85,227.1,226.6,227.0,570.23791
2021-02-18 20:34:00,1613680440.0,227.0,227.17,226.99,227.15,201.88264
2021-02-18 20:35:00,1613680500.0,227.13,227.15,226.62,226.75,681.45238
2021-02-18 20:36:00,1613680560.0,226.77,226.93,226.52,226.86,1445.91024
2021-02-18 20:37:00,1613680620.0,226.86,227.0,226.74,226.99,477.56659
2021-02-18 20:38:00,1613680680.0,226.96,227.1,226.75,226.91,888.655
2021-02-18 20:39:00,1613680740.0,226.9,227.0,226.76,226.91,468.84377
2021-02-18 20:40:00,1613680800.0,226.9,226.95,226.84,226.9,248.71023
2021-02-18 20:41:00,1613680860.0,226.93,226.94,226.54,226.75,692.05385
2021-02-18 20:42:00,1613680920.0,226.71,226.96,226.5,226.91,716.2141
2021-02-18 20:43:00,1613680980.0,226.91,227.0,226.57,226.61,743.87273
2021-02-18 20:44:00,1613681040.0,226.61,226.9,226.26,226.85,806.24894
2021-02-18 20:45:00,1613681100.0,226.86,227.25,226.76,227.0,743.1641
2021-02-18 20:46:00,1613681160.0,226.99,227.36,226.99,227.26,425.85666
2021-02-18 20:47:00,1613681220.0,227.34,227.35,227.01,227.06,777.08824
2021-02-18 20:48:00,1613681280.0,227.06,227.07,226.79,226.99,1188.57628
2021-02-18 20:49:00,1613681340.0,226.98,227.11,226.58,226.63,1030.14499
2021-02-18 20:50:00,1613681400.0,226.64,227.0,226.62,226.94,341.37994
2021-02-18 20:51:00,1613681460.0,226.95,227.25,226.8,227.24,786.98148
2021-02-18 20:52:00,1613681520.0,227.25,227.39,227.06,227.24,778.03659
2021-02-18 20:53:00,1613681580.0,227.24,227.93,227.16,227.87,1729.59906
2021-02-18 20:54:00,1613681640.0,227.89,227.89,227.47,227.77,1012.33822
2021-02-18 20:55:00,1613681700.0,227.76,228.1,227.58,228.06,960.20963
2021-02-18 20:56:00,1613681760.0,228.06,228.1,227.71,228.04,1338.7039
2021-02-18 20:57:00,1613681820.0,228.04,228.37,228.04,228.22,1158.88647
2021-02-18 20:58:00,1613681880.0,228.21,228.37,228.02,228.08,506.30213
2021-02-18 20:59:00,1613681940.0,228.09,228.32,228.0,228.26,993.42975
2021-02-18 21:00:00,1613682000.0,228.26,228.39,227.74,227.83,1432.63495
2021-02-18 21:01:00,1613682060.0,227.83,227.89,227.0,227.81,1549.74648
2021-02-18 21:02:00,1613682120.0,227.71,227.75,227.4,227.53,779.55788
2021-02-18 21:03:00,1613682180.0,227.53,227.63,227.08,227.3,348.84813
2021-02-18 21:04:00,1613682240.0,227.3,227.48,227.03,227.4,753.90926
2021-02-18 21:05:00,1613682300.0,227.41,227.7,227.17,227.55,1384.15831
2021-02-18 21:06:00,1613682360.0,227.56,227.78,227.51,227.76,753.50169
2021-02-18 21:07:00,1613682420.0,227.76,228.1,227.69,227.83,662.10078
2021-02-18 21:08:00,1613682480.0,227.83,228.24,227.83,227.93,731.14499
2021-02-18 21:09:00,1613682540.0,227.94,228.14,227.9,228.14,279.56806
2021-02-18 21:10:00,1613682600.0,228.1,228.47,228.1,228.47,699.89339
2021-02-18 21:11:00,1613682660.0,228.47,228.69,228.18,228.23,860.86862
2021-02-18 21:12:00,1613682720.0,228.23,228.34,228.0,228.13,523.03602
2021-02-18 21:13:00,1613682780.0,228.14,228.31,228.02,228.29,175.4057
2021-02-18 21:14:00,1613682840.0,228.3,228.45,228.27,228.27,464.0969
2021-02-18 21:15:00,1613682900.0,228.28,228.29,227.87,228.04,647.027
2021-02-18 21:16:00,1613682960.0,228.04,228.14,227.82,228.02,711.58299
2021-02-18 21:17:00,1613683020.0,228.03,228.15,227.9,227.9,243.0994
2021-02-18 21:18:00,1613683080.0,227.91,227.99,227.6,227.67,502.21216
2021-02-18 21:19:00,1613683140.0,227.65,227.94,227.61,227.85,487.56717
2021-02-18 21:20:00,1613683200.0,227.85,227.94,227.69,227.69,309.85519
2021-02-18 21:21:00,1613683260.0,227.68,227.77,227.41,227.74,652.70426
2021-02-18 21:22:00,1613683320.0,227.7,228.33,227.7,228.17,1006.72705
2021-02-18 21:23:00,1613683380.0,228.16,228.35,228.16,228.19,702.02024
2021-02-18 21:24:00,1613683440.0,228.19,228.27,227.77,228.02,1356.77276
2021-02-18 21:25:00,1613683500.0,228.02,228.23,227.96,228.19,572.97852
2021-02-18 21:26:00,1613683560.0,228.19,228.19,227.95,227.96,228.49854
2021-02-18 21:27:00,1613683620.0,227.97,228.14,227.97,228.11,212.39075
2021-02-18 21:28:00,1613683680.0,228.09,228.2,227.98,228.18,431.47892
2021-02-18 21:29:00,1613683740.0,228.2,228.3,228.07,228.11,410.15075
2021-02-18 21:30:00,1613683800.0,228.12,228.42,228.04,228.42,592.55492
2021-02-18 21:31:00,1613683860.0,228.36,229.0,228.34,228.99,1134.65272
2021-02-18 21:32:00,1613683920.0,228.99,229.16,228.92,229.11,929.74685
2021-02-18 21:33:00,1613683980.0,229.12,229.45,229.08,229.37,802.91766
2021-02-18 21:34:00,1613684040.0,229.4,229.45,229.15,229.3,521.43373
2021-02-18 21:35:00,1613684100.0,229.3,229.33,228.95,229.31,1148.67427
2021-02-18 21:36:00,1613684160.0,229.33,229.76,229.27,229.63,842.41945
2021-02-18 21:37:00,1613684220.0,229.63,229.63,229.24,229.46,1359.31475
2021-02-18 21:38:00,1613684280.0,229.47,229.65,229.39,229.46,496.24887
2021-02-18 21:39:00,1613684340.0,229.45,229.6,229.33,229.55,825.51607
2021-02-18 21:40:00,1613684400.0,229.55,229.77,229.21,229.42,1071.87644
2021-02-18 21:41:00,1613684460.0,229.43,229.49,229.17,229.33,1181.08814
2021-02-18 21:42:00,1613684520.0,229.35,229.54,229.26,229.53,288.68144
2021-02-18 21:43:00,1613684580.0,229.54,229.69,229.44,229.59,355.6448
2021-02-18 21:44:00,1613684640.0,229.59,229.59,229.32,229.49,441.76507
2021-02-18 21:45:00,1613684700.0,229.5,229.52,229.36,229.47,580.96816
2021-02-18 21:46:00,1613684760.0,229.48,229.67,229.4,229.55,266.48612
2021-02-18 21:47:00,1613684820.0,229.53,229.75,229.5,229.61,822.46354
2021-02-18 21:48:00,1613684880.0,229.64,229.67,229.43,229.51,657.82242
2021-02-18 21:49:00,1613684940.0,229.51,229.67,229.39,229.52,492.3172
2021-02-18 21:50:00,1613685000.0,229.51,229.51,228.86,228.97,910.95038
2021-02-18 21:51:00,1613685060.0,228.99,229.2,228.7,229.01,675.4569
2021-02-18 21:52:00,1613685120.0,229.0,229.31,228.9,228.9,278.73918
2021-02-18 21:53:00,1613685180.0,228.9,229.05,228.8,228.83,327.84928
2021-02-18 21:54:00,1613685240.0,228.85,229.22,228.85,229.08,787.93272
2021-02-18 21:55:00,1613685300.0,229.09,229.1,228.89,228.9,201.5606
2021-02-18 21:56:00,1613685360.0,228.91,229.06,228.83,228.88,353.40573
2021-02-18 21:57:00,1613685420.0,228.86,229.12,228.84,229.12,169.42507
2021-02-18 21:58:00,1613685480.0,229.13,229.4,229.1,229.38,251.06584
2021-02-18 21:59:00,1613685540.0,229.4,229.41,229.0,229.08,172.73093
2021-02-18 22:00:00,1613685600.0,229.07,229.6,229.01,229.6,750.48648
2021-02-18 22:01:00,1613685660.0,229.55,229.91,229.55,229.8,327.05853
2021-02-18 22:02:00,1613685720.0,229.88,230.07,229.88,229.99,1678.76856
2021-02-18 22:03:00,1613685780.0,229.99,230.06,229.82,229.95,477.63274
2021-02-18 22:04:00,1613685840.0,229.95,230.0,229.61,229.69,310.88173
2021-02-18 22:05:00,1613685900.0,229.69,229.95,229.64,229.73,134.01495
2021-02-18 22:06:00,1613685960.0,229.84,229.89,229.37,229.49,222.92695
2021-02-18 22:07:00,1613686020.0,229.5,229.5,229.14,229.23,423.25704
2021-02-18 22:08:00,1613686080.0,229.22,229.25,228.94,229.05,572.47737
2021-02-18 22:09:00,1613686140.0,229.1,229.53,229.1,229.47,234.31581
2021-02-18 22:10:00,1613686200.0,229.45,229.53,229.4,229.49,165.683
2021-02-18 22:11:00,1613686260.0,229.42,229.53,229.26,229.26,116.84835
2021-02-18 22:12:00,1613686320.0,229.25,229.37,229.2,229.31,302.79452
2021-02-18 22:13:00,1613686380.0,229.3,229.36,228.83,228.87,289.62097
2021-02-18 22:14:00,1613686440.0,228.83,229.06,228.76,228.81,237.91049
2021-02-18 22:15:00,1613686500.0,228.78,229.03,228.69,229.01,231.06947
2021-02-18 22:16:00,1613686560.0,229.01,229.35,229.01,229.25,75.24198
2021-02-18 22:17:00,1613686620.0,229.21,229.21,228.98,228.98,138.77402
2021-02-18 22:18:00,1613686680.0,228.95,228.98,228.72,228.84,320.0909
2021-02-18 22:19:00,1613686740.0,228.75,228.94,228.73,228.94,524.16768
2021-02-18 22:20:00,1613686800.0,228.94,229.0,228.89,228.91,100.15747
2021-02-18 22:21:00,1613686860.0,228.95,228.98,228.53,228.55,310.75622
2021-02-18 22:22:00,1613686920.0,228.57,228.64,228.55,228.56,47.74041
2021-02-18 22:23:00,1613686980.0,228.56,228.56,228.41,228.53,1085.14295
2021-02-18 22:24:00,1613687040.0,228.53,228.68,228.42,228.44,789.69601
2021-02-18 22:25:00,1613687100.0,228.43,228.52,228.27,228.45,560.1682
2021-02-18 22:26:00,1613687160.0,228.32,228.6,228.32,228.53,162.85802
2021-02-18 22:27:00,1613687220.0,228.5,228.79,228.47,228.7,72.7091
2021-02-18 22:28:00,1613687280.0,228.78,228.89,228.7,228.72,106.42726
2021-02-18 22:29:00,1613687340.0,228.72,228.81,228.56,228.65,193.12257
2021-02-18 22:30:00,1613687400.0,228.68,228.79,228.56,228.6,273.16414
2021-02-18 22:31:00,1613687460.0,228.62,228.66,228.37,228.37,198.9722
2021-02-18 22:32:00,1613687520.0,228.37,228.39,228.16,228.16,626.89434
2021-02-18 22:33:00,1613687580.0,228.27,228.29,228.09,228.13,477.22109
2021-02-18 22:34:00,1613687640.0,228.15,228.29,228.03,228.1,455.25473
2021-02-18 22:35:00,1613687700.0,228.1,228.14,228.01,228.06,438.82002
2021-02-18 22:36:00,1613687760.0,228.07,228.08,227.77,227.84,254.8236
2021-02-18 22:37:00,1613687820.0,227.87,227.93,227.67,227.86,339.7296
2021-02-18 22:38:00,1613687880.0,227.86,227.88,227.6,227.7,163.0723
2021-02-18 22:39:00,1613687940.0,227.73,227.74,227.4,227.47,672.20081
2021-02-18 22:40:00,1613688000.0,227.43,227.57,227.12,227.17,586.00508
2021-02-18 22:41:00,1613688060.0,227.13,227.21,227.0,227.05,762.26238
2021-02-18 22:42:00,1613688120.0,227.1,227.25,227.1,227.19,309.73132
2021-02-18 22:43:00,1613688180.0,227.15,227.45,227.12,227.4,390.4027
2021-02-18 22:44:00,1613688240.0,227.37,227.39,227.15,227.16,157.16534
2021-02-18 22:45:00,1613688300.0,227.15,227.22,226.91,226.91,423.63801
2021-02-18 22:46:00,1613688360.0,226.95,227.0,226.81,226.91,515.53428
2021-02-18 22:47:00,1613688420.0,226.94,227.17,226.94,227.12,307.78919
2021-02-18 22:48:00,1613688480.0,227.13,227.52,227.1,227.52,451.86161
2021-02-18 22:49:00,1613688540.0,227.47,227.56,227.23,227.28,447.13424
2021-02-18 22:50:00,1613688600.0,227.28,227.3,227.0,227.07,393.42169
2021-02-18 22:51:00,1613688660.0,227.09,227.14,227.0,227.14,121.15403
2021-02-18 22:52:00,1613688720.0,227.15,227.5,227.04,227.48,131.14533
2021-02-18 22:53:00,1613688780.0,227.45,227.56,227.29,227.43,250.80619
2021-02-18 22:54:00,1613688840.0,227.44,227.51,227.41,227.41,203.07072
2021-02-18 22:55:00,1613688900.0,227.41,227.41,227.16,227.17,197.81678
2021-02-18 22:56:00,1613688960.0,227.14,227.54,226.88,226.92,1157.65959
2021-02-18 22:57:00,1613689020.0,226.92,227.0,226.84,227.0,102.65474
2021-02-18 22:58:00,1613689080.0,227.0,227.05,226.93,227.04,206.32632
2021-02-18 22:59:00,1613689140.0,227.03,227.33,227.03,227.17,345.09339
2021-02-18 23:00:00,1613689200.0,227.12,228.23,227.03,228.22,1095.68985
2021-02-18 23:01:00,1613689260.0,228.19,228.19,227.54,227.65,432.8393
2021-02-18 23:02:00,1613689320.0,227.65,227.67,227.43,227.49,369.97471
2021-02-18 23:03:00,1613689380.0,227.51,227.99,227.49,227.67,249.42543
2021-02-18 23:04:00,1613689440.0,227.67,227.73,227.62,227.62,536.83593
2021-02-18 23:05:00,1613689500.0,227.63,228.07,227.5,227.55,414.283
2021-02-18 23:06:00,1613689560.0,227.56,227.88,227.56,227.81,313.73778
2021-02-18 23:07:00,1613689620.0,227.87,228.22,227.8,227.85,850.83805
2021-02-18 23:08:00,1613689680.0,227.85,227.92,227.7,227.79,263.06946
2021-02-18 23:09:00,1613689740.0,227.79,227.8,226.98,227.0,2072.09232
2021-02-18 23:10:00,1613689800.0,227.04,227.04,226.24,226.28,1878.90901
2021-02-18 23:11:00,1613689860.0,226.24,226.38,225.81,226.17,1218.71305
2021-02-18 23:12:00,1613689920.0,226.18,226.33,225.92,226.21,381.56594
2021-02-18 23:13:00,1613689980.0,226.22,226.24,225.88,225.99,283.29227
2021-02-18 23:14:00,1613690040.0,225.98,226.18,225.91,226.11,404.86505
2021-02-18 23:15:00,1613690100.0,226.1,226.11,225.65,225.65,547.98098
2021-02-18 23:16:00,1613690160.0,225.64,225.68,225.37,225.45,625.86108
2021-02-18 23:17:00,1613690220.0,225.44,225.56,225.22,225.34,739.89597
2021-02-18 23:18:00,1613690280.0,225.34,225.49,225.0,225.05,807.65711
2021-02-18 23:19:00,1613690340.0,225.04,225.41,224.95,225.28,1565.42976
2021-02-18 23:20:00,1613690400.0,225.29,226.31,225.18,226.12,1239.34799
2021-02-18 23:21:00,1613690460.0,226.12,226.18,225.33,225.84,1024.50602
2021-02-18 23:22:00,1613690520.0,225.82,225.85,225.5,225.59,1145.78541
2021-02-18 23:23:00,1613690580.0,225.58,225.98,225.55,225.87,530.58916
2021-02-18 23:24:00,1613690640.0,225.87,226.0,225.71,225.76,510.06977
2021-02-18 23:25:00,1613690700.0,225.75,226.23,225.54,226.17,893.67022
2021-02-18 23:26:00,1613690760.0,226.2,226.2,225.78,225.78,638.9602
2021-02-18 23:27:00,1613690820.0,225.76,225.76,225.43,225.57,407.77277
2021-02-18 23:28:00,1613690880.0,225.58,225.78,225.4,225.53,686.64232
2021-02-18 23:29:00,1613690940.0,225.54,225.74,225.37,225.68,259.41861
2021-02-18 23:30:00,1613691000.0,225.73,225.89,225.02,225.22,1072.99944
2021-02-18 23:31:00,1613691060.0,225.13,225.6,225.13,225.57,252.41186
2021-02-18 23:32:00,1613691120.0,225.56,225.74,225.48,225.64,429.06435
2021-02-18 23:33:00,1613691180.0,225.58,225.97,225.58,225.93,370.34526
2021-02-18 23:34:00,1613691240.0,225.91,226.16,225.9,226.14,484.13496
2021-02-18 23:35:00,1613691300.0,226.15,226.56,226.15,226.31,641.05837
2021-02-18 23:36:00,1613691360.0,226.32,226.35,225.59,225.78,699.7616
2021-02-18 23:37:00,1613691420.0,225.78,226.9,225.78,226.58,2342.83961
2021-02-18 23:38:00,1613691480.0,226.58,226.58,225.9,225.9,408.92715
2021-02-18 23:39:00,1613691540.0,225.9,226.11,225.73,226.06,369.17295
2021-02-18 23:40:00,1613691600.0,226.04,226.55,226.03,226.39,1337.88393
2021-02-18 23:41:00,1613691660.0,226.4,226.73,226.35,226.73,463.75968
2021-02-18 23:42:00,1613691720.0,226.67,226.84,226.56,226.74,401.45582
2021-02-18 23:43:00,1613691780.0,226.74,227.18,226.55,226.62,996.24665
2021-02-18 23:44:00,1613691840.0,226.63,226.72,226.43,226.57,440.14842
2021-02-18 23:45:00,1613691900.0,226.61,227.78,226.61,227.5,2365.34495
2021-02-18 23:46:00,1613691960.0,227.55,227.89,226.58,227.02,2901.97931
2021-02-18 23:47:00,1613692020.0,226.93,227.81,226.6,226.87,1795.71477
2021-02-18 23:48:00,1613692080.0,226.87,227.19,226.87,226.92,509.93828
2021-02-18 23:49:00,1613692140.0,226.88,227.81,226.88,227.04,1572.64306
2021-02-18 23:50:00,1613692200.0,227.06,227.13,226.54,226.57,540.71582
2021-02-18 23:51:00,1613692260.0,226.57,227.18,226.57,227.14,220.87814
2021-02-18 23:52:00,1613692320.0,227.15,227.35,227.08,227.28,177.18239
2021-02-18 23:53:00,1613692380.0,227.35,227.45,227.28,227.33,195.0182
2021-02-18 23:54:00,1613692440.0,227.29,227.33,226.78,227.0,299.4869
2021-02-18 23:55:00,1613692500.0,227.06,227.37,226.99,227.04,226.71536
2021-02-18 23:56:00,1613692560.0,227.05,227.27,227.05,227.1,182.98316
2021-02-18 23:57:00,1613692620.0,227.13,227.13,226.62,226.76,639.75633
2021-02-18 23:58:00,1613692680.0,226.76,226.96,226.29,226.56,961.44838
2021-02-18 23:59:00,1613692740.0,226.44,226.9,226.29,226.59,990.00012
