Universal Time,Unix Time,Open,High,Low,Close,Volume
2020-12-07 00:00:00,1607299200.0,3.6036,3.6036,3.6034,3.6034,49.7
2020-12-07 00:01:00,1607299260.0,3.6035,3.6035,3.6034,3.6034,146.11
2020-12-07 00:02:00,1607299320.0,3.6034,3.6034,3.6034,3.6034,31.16
2020-12-07 00:03:00,1607299380.0,3.6034,3.6034,3.6034,3.6034,0.0
2020-12-07 00:04:00,1607299440.0,3.6038,3.6038,3.6034,3.6034,100.0
2020-12-07 00:05:00,1607299500.0,3.6034,3.6096,3.6001,3.6096,100.87
2020-12-07 00:06:00,1607299560.0,3.6082,3.6082,3.6079,3.6079,1.92
2020-12-07 00:07:00,1607299620.0,3.6082,3.6082,3.6082,3.6082,0.77
2020-12-07 00:08:00,1607299680.0,3.6087,3.6087,3.6087,3.6087,1.02
2020-12-07 00:09:00,1607299740.0,3.5999,3.6001,3.5999,3.6,107.8
2020-12-07 00:10:00,1607299800.0,3.5952,3.603,3.5927,3.5927,99.9
2020-12-07 00:11:00,1607299860.0,3.5927,3.5927,3.5927,3.5927,0.0
2020-12-07 00:12:00,1607299920.0,3.5993,3.6002,3.5993,3.6002,49.8
2020-12-07 00:13:00,1607299980.0,3.6002,3.6002,3.6002,3.6002,0.0
2020-12-07 00:14:00,1607300040.0,3.5964,3.5964,3.5923,3.5923,55.21
2020-12-07 00:15:00,1607300100.0,3.6015,3.6034,3.6015,3.6034,94.0
2020-12-07 00:16:00,1607300160.0,3.6034,3.6034,3.6034,3.6034,0.0
2020-12-07 00:17:00,1607300220.0,3.6034,3.6034,3.6034,3.6034,0.0
2020-12-07 00:18:00,1607300280.0,3.6012,3.6013,3.6012,3.6013,32.4
2020-12-07 00:19:00,1607300340.0,3.6013,3.6013,3.6013,3.6013,0.0
2020-12-07 00:20:00,1607300400.0,3.6013,3.6013,3.6013,3.6013,0.0
2020-12-07 00:21:00,1607300460.0,3.6034,3.6034,3.5995,3.5995,18.01
2020-12-07 00:22:00,1607300520.0,3.5977,3.5977,3.5977,3.5977,6.21
2020-12-07 00:23:00,1607300580.0,3.5977,3.5977,3.5977,3.5977,0.0
2020-12-07 00:24:00,1607300640.0,3.5977,3.5977,3.5977,3.5977,0.0
2020-12-07 00:25:00,1607300700.0,3.5996,3.5996,3.5995,3.5995,55.3
2020-12-07 00:26:00,1607300760.0,3.5995,3.5995,3.5995,3.5995,0.0
2020-12-07 00:27:00,1607300820.0,3.5998,3.5998,3.5998,3.5998,5.0
2020-12-07 00:28:00,1607300880.0,3.5998,3.5998,3.5998,3.5998,0.0
2020-12-07 00:29:00,1607300940.0,3.5904,3.5904,3.5891,3.5892,83.76
2020-12-07 00:30:00,1607301000.0,3.5892,3.5892,3.5892,3.5892,0.0
2020-12-07 00:31:00,1607301060.0,3.5892,3.5892,3.5892,3.5892,0.0
2020-12-07 00:32:00,1607301120.0,3.596,3.5961,3.596,3.5961,28.4
2020-12-07 00:33:00,1607301180.0,3.5961,3.5961,3.5961,3.5961,0.0
2020-12-07 00:34:00,1607301240.0,3.5961,3.5961,3.5961,3.5961,0.0
2020-12-07 00:35:00,1607301300.0,3.5961,3.5961,3.5961,3.5961,0.0
2020-12-07 00:36:00,1607301360.0,3.5873,3.5873,3.586,3.586,75.4
2020-12-07 00:37:00,1607301420.0,3.5856,3.5856,3.5856,3.5856,74.46
2020-12-07 00:38:00,1607301480.0,3.5856,3.5856,3.5856,3.5856,0.0
2020-12-07 00:39:00,1607301540.0,3.5856,3.5856,3.5856,3.5856,0.0
2020-12-07 00:40:00,1607301600.0,3.5849,3.5849,3.5848,3.5848,100.0
2020-12-07 00:41:00,1607301660.0,3.5848,3.5848,3.5848,3.5848,169.24
2020-12-07 00:42:00,1607301720.0,3.5848,3.5848,3.5848,3.5848,0.0
2020-12-07 00:43:00,1607301780.0,3.5815,3.5815,3.5782,3.5782,100.0
2020-12-07 00:44:00,1607301840.0,3.5782,3.5782,3.5782,3.5782,0.0
2020-12-07 00:45:00,1607301900.0,3.5782,3.5782,3.5782,3.5782,0.0
2020-12-07 00:46:00,1607301960.0,3.5777,3.5777,3.5777,3.5777,78.8
2020-12-07 00:47:00,1607302020.0,3.5777,3.5777,3.5777,3.5777,0.0
2020-12-07 00:48:00,1607302080.0,3.5894,3.5914,3.5894,3.5914,75.1
2020-12-07 00:49:00,1607302140.0,3.5914,3.5914,3.5914,3.5914,0.0
2020-12-07 00:50:00,1607302200.0,3.5914,3.5914,3.5914,3.5914,0.0
2020-12-07 00:51:00,1607302260.0,3.5785,3.5785,3.5782,3.5782,86.61
2020-12-07 00:52:00,1607302320.0,3.5782,3.5782,3.5782,3.5782,0.0
2020-12-07 00:53:00,1607302380.0,3.5778,3.5778,3.5775,3.5775,130.03
2020-12-07 00:54:00,1607302440.0,3.5775,3.5775,3.5775,3.5775,123.87
2020-12-07 00:55:00,1607302500.0,3.5775,3.5822,3.5733,3.5822,115.49
2020-12-07 00:56:00,1607302560.0,3.5822,3.5822,3.5822,3.5822,0.0
2020-12-07 00:57:00,1607302620.0,3.5723,3.5782,3.5671,3.5782,106.54
2020-12-07 00:58:00,1607302680.0,3.5782,3.5782,3.5782,3.5782,0.0
2020-12-07 00:59:00,1607302740.0,3.5782,3.5782,3.5782,3.5782,0.0
2020-12-07 01:00:00,1607302800.0,3.5769,3.577,3.5769,3.577,5.55
2020-12-07 01:01:00,1607302860.0,3.5723,3.5723,3.5698,3.5698,100.0
2020-12-07 01:02:00,1607302920.0,3.5692,3.5692,3.5692,3.5692,103.1
2020-12-07 01:03:00,1607302980.0,3.5747,3.5747,3.5692,3.5692,90.16
2020-12-07 01:04:00,1607303040.0,3.5692,3.5692,3.5691,3.5692,160.04
2020-12-07 01:05:00,1607303100.0,3.5692,3.5747,3.569,3.569,67.29
2020-12-07 01:06:00,1607303160.0,3.569,3.569,3.569,3.569,0.0
2020-12-07 01:07:00,1607303220.0,3.569,3.569,3.569,3.569,0.0
2020-12-07 01:08:00,1607303280.0,3.569,3.569,3.569,3.569,0.0
2020-12-07 01:09:00,1607303340.0,3.5728,3.5728,3.5728,3.5728,0.82
2020-12-07 01:10:00,1607303400.0,3.569,3.569,3.569,3.569,64.37
2020-12-07 01:11:00,1607303460.0,3.569,3.569,3.569,3.569,28.9
2020-12-07 01:12:00,1607303520.0,3.569,3.572,3.5634,3.572,92.65
2020-12-07 01:13:00,1607303580.0,3.5718,3.5721,3.5718,3.5721,6.8
2020-12-07 01:14:00,1607303640.0,3.5653,3.5653,3.5651,3.5651,146.06
2020-12-07 01:15:00,1607303700.0,3.5651,3.5651,3.5651,3.5651,0.0
2020-12-07 01:16:00,1607303760.0,3.5697,3.5697,3.5697,3.5697,0.98
2020-12-07 01:17:00,1607303820.0,3.5695,3.5695,3.5695,3.5695,3.69
2020-12-07 01:18:00,1607303880.0,3.5695,3.5695,3.5695,3.5695,0.0
2020-12-07 01:19:00,1607303940.0,3.5695,3.5695,3.5695,3.5695,0.95
2020-12-07 01:20:00,1607304000.0,3.5706,3.5706,3.5706,3.5706,0.86
2020-12-07 01:21:00,1607304060.0,3.5706,3.5706,3.5706,3.5706,0.0
2020-12-07 01:22:00,1607304120.0,3.5695,3.5695,3.5695,3.5695,0.96
2020-12-07 01:23:00,1607304180.0,3.5598,3.5644,3.556,3.556,601.6
2020-12-07 01:24:00,1607304240.0,3.556,3.556,3.555,3.555,2164.54
2020-12-07 01:25:00,1607304300.0,3.555,3.5557,3.5548,3.5548,285.39
2020-12-07 01:26:00,1607304360.0,3.5549,3.5549,3.5549,3.5549,0.97
2020-12-07 01:27:00,1607304420.0,3.5549,3.5549,3.5549,3.5549,0.95
2020-12-07 01:28:00,1607304480.0,3.5549,3.5549,3.5549,3.5549,0.0
2020-12-07 01:29:00,1607304540.0,3.5548,3.555,3.5548,3.555,191.2
2020-12-07 01:30:00,1607304600.0,3.555,3.555,3.555,3.555,0.0
2020-12-07 01:31:00,1607304660.0,3.555,3.555,3.555,3.555,0.0
2020-12-07 01:32:00,1607304720.0,3.5475,3.5475,3.5441,3.5441,100.0
2020-12-07 01:33:00,1607304780.0,3.5452,3.5532,3.5421,3.5524,31.63
2020-12-07 01:34:00,1607304840.0,3.5524,3.5524,3.5524,3.5524,0.0
2020-12-07 01:35:00,1607304900.0,3.5505,3.5505,3.5505,3.5505,0.89
2020-12-07 01:36:00,1607304960.0,3.5505,3.5505,3.5505,3.5505,0.0
2020-12-07 01:37:00,1607305020.0,3.5507,3.5589,3.5507,3.5589,80.36
2020-12-07 01:38:00,1607305080.0,3.5589,3.5589,3.5589,3.5589,0.0
2020-12-07 01:39:00,1607305140.0,3.5476,3.5573,3.5474,3.5573,55.85
2020-12-07 01:40:00,1607305200.0,3.5573,3.5573,3.5573,3.5573,0.0
2020-12-07 01:41:00,1607305260.0,3.5573,3.5573,3.5573,3.5573,0.0
2020-12-07 01:42:00,1607305320.0,3.5573,3.5573,3.5573,3.5573,0.0
2020-12-07 01:43:00,1607305380.0,3.5562,3.5562,3.5562,3.5562,0.82
2020-12-07 01:44:00,1607305440.0,3.5562,3.5562,3.5562,3.5562,0.0
2020-12-07 01:45:00,1607305500.0,3.5562,3.5562,3.5562,3.5562,0.0
2020-12-07 01:46:00,1607305560.0,3.5562,3.5562,3.5562,3.5562,0.0
2020-12-07 01:47:00,1607305620.0,3.5562,3.5562,3.5562,3.5562,0.0
2020-12-07 01:48:00,1607305680.0,3.5562,3.5562,3.5562,3.5562,0.0
2020-12-07 01:49:00,1607305740.0,3.5562,3.5562,3.5562,3.5562,0.0
2020-12-07 01:50:00,1607305800.0,3.5493,3.5493,3.5493,3.5493,8.15
2020-12-07 01:51:00,1607305860.0,3.5509,3.5509,3.5509,3.5509,5.6
2020-12-07 01:52:00,1607305920.0,3.5509,3.5509,3.5509,3.5509,0.0
2020-12-07 01:53:00,1607305980.0,3.5509,3.5509,3.5509,3.5509,0.0
2020-12-07 01:54:00,1607306040.0,3.5509,3.5509,3.5509,3.5509,0.0
2020-12-07 01:55:00,1607306100.0,3.5509,3.5509,3.5509,3.5509,0.0
2020-12-07 01:56:00,1607306160.0,3.5564,3.5564,3.5564,3.5564,0.89
2020-12-07 01:57:00,1607306220.0,3.5564,3.5564,3.5564,3.5564,0.0
2020-12-07 01:58:00,1607306280.0,3.5469,3.5469,3.5456,3.5456,160.86
2020-12-07 01:59:00,1607306340.0,3.5457,3.5457,3.5457,3.5457,20.1
2020-12-07 02:00:00,1607306400.0,3.5457,3.5457,3.5457,3.5457,0.0
2020-12-07 02:01:00,1607306460.0,3.5457,3.5457,3.5457,3.5457,0.0
2020-12-07 02:02:00,1607306520.0,3.5457,3.5457,3.5457,3.5457,0.0
2020-12-07 02:03:00,1607306580.0,3.5457,3.5457,3.5457,3.5457,0.0
2020-12-07 02:04:00,1607306640.0,3.5457,3.5457,3.5457,3.5457,0.0
2020-12-07 02:05:00,1607306700.0,3.5486,3.5486,3.5459,3.5459,77.25
2020-12-07 02:06:00,1607306760.0,3.5459,3.5459,3.5459,3.5459,0.0
2020-12-07 02:07:00,1607306820.0,3.5528,3.5528,3.5528,3.5528,0.99
2020-12-07 02:08:00,1607306880.0,3.5528,3.5528,3.5528,3.5528,0.0
2020-12-07 02:09:00,1607306940.0,3.5458,3.5521,3.5457,3.5521,296.6
2020-12-07 02:10:00,1607307000.0,3.5521,3.5521,3.5521,3.5521,0.0
2020-12-07 02:11:00,1607307060.0,3.5521,3.5521,3.5521,3.5521,0.0
2020-12-07 02:12:00,1607307120.0,3.5521,3.5521,3.5521,3.5521,0.0
2020-12-07 02:13:00,1607307180.0,3.5521,3.5521,3.5521,3.5521,0.0
2020-12-07 02:14:00,1607307240.0,3.5528,3.553,3.5528,3.553,62.05
2020-12-07 02:15:00,1607307300.0,3.5461,3.5512,3.5416,3.5512,178.38
2020-12-07 02:16:00,1607307360.0,3.5393,3.5393,3.533,3.533,200.0
2020-12-07 02:17:00,1607307420.0,3.5346,3.5346,3.5337,3.5337,100.0
2020-12-07 02:18:00,1607307480.0,3.538,3.538,3.538,3.538,241.21
2020-12-07 02:19:00,1607307540.0,3.5381,3.5473,3.5381,3.5473,149.57
2020-12-07 02:20:00,1607307600.0,3.5385,3.5385,3.5383,3.5383,89.13
2020-12-07 02:21:00,1607307660.0,3.5385,3.5487,3.5385,3.5393,23.14
2020-12-07 02:22:00,1607307720.0,3.5393,3.5393,3.5393,3.5393,0.0
2020-12-07 02:23:00,1607307780.0,3.5393,3.5393,3.5393,3.5393,0.0
2020-12-07 02:24:00,1607307840.0,3.5393,3.5393,3.5393,3.5393,0.0
2020-12-07 02:25:00,1607307900.0,3.5387,3.5447,3.5386,3.5388,847.9
2020-12-07 02:26:00,1607307960.0,3.5388,3.5388,3.538,3.538,165.12
2020-12-07 02:27:00,1607308020.0,3.5381,3.5381,3.538,3.538,156.26
2020-12-07 02:28:00,1607308080.0,3.5381,3.5381,3.538,3.538,100.0
2020-12-07 02:29:00,1607308140.0,3.538,3.538,3.538,3.538,82.66
2020-12-07 02:30:00,1607308200.0,3.538,3.538,3.538,3.538,0.0
2020-12-07 02:31:00,1607308260.0,3.538,3.538,3.538,3.538,4.92
2020-12-07 02:32:00,1607308320.0,3.538,3.538,3.538,3.538,197.01
2020-12-07 02:33:00,1607308380.0,3.538,3.538,3.538,3.538,72.3
2020-12-07 02:34:00,1607308440.0,3.538,3.538,3.538,3.538,0.0
2020-12-07 02:35:00,1607308500.0,3.538,3.538,3.538,3.538,0.0
2020-12-07 02:36:00,1607308560.0,3.5494,3.56,3.5402,3.5491,2263.95
2020-12-07 02:37:00,1607308620.0,3.5491,3.5491,3.5491,3.5491,0.0
2020-12-07 02:38:00,1607308680.0,3.5491,3.5491,3.5491,3.5491,0.0
2020-12-07 02:39:00,1607308740.0,3.5491,3.5491,3.5491,3.5491,0.0
2020-12-07 02:40:00,1607308800.0,3.5491,3.5491,3.5491,3.5491,0.0
2020-12-07 02:41:00,1607308860.0,3.5491,3.5491,3.5491,3.5491,0.0
2020-12-07 02:42:00,1607308920.0,3.5491,3.5491,3.5491,3.5491,0.0
2020-12-07 02:43:00,1607308980.0,3.5491,3.5491,3.5491,3.5491,0.0
2020-12-07 02:44:00,1607309040.0,3.5406,3.5406,3.5391,3.5391,456.83
2020-12-07 02:45:00,1607309100.0,3.5383,3.5383,3.5383,3.5383,219.21
2020-12-07 02:46:00,1607309160.0,3.5456,3.5456,3.5456,3.5456,0.95
2020-12-07 02:47:00,1607309220.0,3.5456,3.5456,3.5456,3.5456,0.0
2020-12-07 02:48:00,1607309280.0,3.5455,3.5455,3.5455,3.5455,0.8
2020-12-07 02:49:00,1607309340.0,3.5455,3.5455,3.5455,3.5455,0.0
2020-12-07 02:50:00,1607309400.0,3.5455,3.5455,3.5455,3.5455,0.0
2020-12-07 02:51:00,1607309460.0,3.5455,3.5455,3.5455,3.5455,0.0
2020-12-07 02:52:00,1607309520.0,3.5455,3.5455,3.5455,3.5455,0.0
2020-12-07 02:53:00,1607309580.0,3.5455,3.5455,3.5455,3.5455,0.0
2020-12-07 02:54:00,1607309640.0,3.545,3.545,3.5374,3.5374,180.0
2020-12-07 02:55:00,1607309700.0,3.5374,3.5374,3.5374,3.5374,0.0
2020-12-07 02:56:00,1607309760.0,3.5355,3.5355,3.5352,3.5352,17.44
2020-12-07 02:57:00,1607309820.0,3.5352,3.5352,3.5352,3.5352,0.0
2020-12-07 02:58:00,1607309880.0,3.5437,3.5437,3.5436,3.5436,63.6
2020-12-07 02:59:00,1607309940.0,3.5436,3.5436,3.5436,3.5436,0.0
2020-12-07 03:00:00,1607310000.0,3.5436,3.5436,3.5436,3.5436,0.0
2020-12-07 03:01:00,1607310060.0,3.5436,3.5436,3.5436,3.5436,0.0
2020-12-07 03:02:00,1607310120.0,3.5384,3.5384,3.5318,3.5318,63.73
2020-12-07 03:03:00,1607310180.0,3.5318,3.5318,3.5318,3.5318,0.0
2020-12-07 03:04:00,1607310240.0,3.5357,3.5382,3.5357,3.5382,110.6
2020-12-07 03:05:00,1607310300.0,3.5382,3.5382,3.5382,3.5382,0.0
2020-12-07 03:06:00,1607310360.0,3.5387,3.5393,3.5387,3.5393,95.75
2020-12-07 03:07:00,1607310420.0,3.5443,3.5484,3.5443,3.5484,246.2
2020-12-07 03:08:00,1607310480.0,3.5482,3.5491,3.5482,3.5491,375.61
2020-12-07 03:09:00,1607310540.0,3.5531,3.5532,3.5531,3.5532,76.39
2020-12-07 03:10:00,1607310600.0,3.5532,3.5532,3.5532,3.5532,0.0
2020-12-07 03:11:00,1607310660.0,3.5532,3.5532,3.5532,3.5532,0.0
2020-12-07 03:12:00,1607310720.0,3.5533,3.5533,3.5533,3.5533,16.56
2020-12-07 03:13:00,1607310780.0,3.5533,3.5534,3.5533,3.5534,69.45
2020-12-07 03:14:00,1607310840.0,3.5534,3.5534,3.5534,3.5534,0.0
2020-12-07 03:15:00,1607310900.0,3.5534,3.5534,3.5534,3.5534,0.0
2020-12-07 03:16:00,1607310960.0,3.5534,3.5534,3.5534,3.5534,0.0
2020-12-07 03:17:00,1607311020.0,3.5534,3.5534,3.5534,3.5534,0.0
2020-12-07 03:18:00,1607311080.0,3.5468,3.5534,3.5466,3.5534,251.24
2020-12-07 03:19:00,1607311140.0,3.5534,3.5534,3.5534,3.5534,0.0
2020-12-07 03:20:00,1607311200.0,3.5534,3.5534,3.5534,3.5534,0.0
2020-12-07 03:21:00,1607311260.0,3.5534,3.5534,3.5534,3.5534,0.0
2020-12-07 03:22:00,1607311320.0,3.5534,3.5534,3.5534,3.5534,0.0
2020-12-07 03:23:00,1607311380.0,3.5534,3.5534,3.5534,3.5534,0.0
2020-12-07 03:24:00,1607311440.0,3.5534,3.5534,3.5534,3.5534,0.0
2020-12-07 03:25:00,1607311500.0,3.5534,3.5534,3.5534,3.5534,0.0
2020-12-07 03:26:00,1607311560.0,3.5534,3.5534,3.5534,3.5534,0.0
2020-12-07 03:27:00,1607311620.0,3.5533,3.5533,3.5533,3.5533,84.4
2020-12-07 03:28:00,1607311680.0,3.5533,3.5533,3.5533,3.5533,0.0
2020-12-07 03:29:00,1607311740.0,3.5533,3.5533,3.5533,3.5533,0.0
2020-12-07 03:30:00,1607311800.0,3.5533,3.5533,3.5533,3.5533,0.0
2020-12-07 03:31:00,1607311860.0,3.5551,3.5551,3.555,3.5551,74.62
2020-12-07 03:32:00,1607311920.0,3.5551,3.5551,3.5551,3.5551,0.0
2020-12-07 03:33:00,1607311980.0,3.5551,3.5551,3.5551,3.5551,0.0
2020-12-07 03:34:00,1607312040.0,3.5533,3.554,3.5485,3.554,316.7
2020-12-07 03:35:00,1607312100.0,3.5541,3.5612,3.5541,3.5612,373.37
2020-12-07 03:36:00,1607312160.0,3.562,3.562,3.562,3.562,33.54
2020-12-07 03:37:00,1607312220.0,3.562,3.562,3.562,3.562,0.0
2020-12-07 03:38:00,1607312280.0,3.562,3.562,3.562,3.562,0.0
2020-12-07 03:39:00,1607312340.0,3.562,3.562,3.562,3.562,0.0
2020-12-07 03:40:00,1607312400.0,3.5542,3.5542,3.5542,3.5542,6.1
2020-12-07 03:41:00,1607312460.0,3.5533,3.5533,3.5532,3.5532,85.5
2020-12-07 03:42:00,1607312520.0,3.553,3.553,3.5529,3.5529,58.04
2020-12-07 03:43:00,1607312580.0,3.559,3.5592,3.559,3.5592,111.65
2020-12-07 03:44:00,1607312640.0,3.5591,3.5591,3.5536,3.5536,16.54
2020-12-07 03:45:00,1607312700.0,3.5545,3.5545,3.5544,3.5544,132.94
2020-12-07 03:46:00,1607312760.0,3.5544,3.5544,3.5544,3.5544,0.0
2020-12-07 03:47:00,1607312820.0,3.5544,3.5544,3.5544,3.5544,0.0
2020-12-07 03:48:00,1607312880.0,3.5544,3.5544,3.5544,3.5544,0.0
2020-12-07 03:49:00,1607312940.0,3.5544,3.5544,3.5544,3.5544,0.0
2020-12-07 03:50:00,1607313000.0,3.5544,3.5544,3.5544,3.5544,0.0
2020-12-07 03:51:00,1607313060.0,3.5544,3.5544,3.5544,3.5544,0.0
2020-12-07 03:52:00,1607313120.0,3.5544,3.5544,3.5544,3.5544,0.0
2020-12-07 03:53:00,1607313180.0,3.5544,3.5544,3.5544,3.5544,0.0
2020-12-07 03:54:00,1607313240.0,3.5608,3.5608,3.5608,3.5608,7.15
2020-12-07 03:55:00,1607313300.0,3.5608,3.5608,3.5608,3.5608,0.0
2020-12-07 03:56:00,1607313360.0,3.5608,3.5608,3.5608,3.5608,0.0
2020-12-07 03:57:00,1607313420.0,3.5608,3.5608,3.5608,3.5608,0.0
2020-12-07 03:58:00,1607313480.0,3.5608,3.5608,3.5608,3.5608,0.0
2020-12-07 03:59:00,1607313540.0,3.555,3.555,3.5532,3.5535,218.25
2020-12-07 04:00:00,1607313600.0,3.5535,3.5535,3.5535,3.5535,0.0
2020-12-07 04:01:00,1607313660.0,3.5535,3.5535,3.5533,3.5533,130.78
2020-12-07 04:02:00,1607313720.0,3.5533,3.5533,3.5532,3.5532,161.93
2020-12-07 04:03:00,1607313780.0,3.5532,3.5532,3.55,3.55,190.18
2020-12-07 04:04:00,1607313840.0,3.5498,3.55,3.5498,3.5498,160.62
2020-12-07 04:05:00,1607313900.0,3.5498,3.5498,3.5498,3.5498,0.0
2020-12-07 04:06:00,1607313960.0,3.5498,3.5499,3.5498,3.5499,108.98
2020-12-07 04:07:00,1607314020.0,3.5499,3.5499,3.5498,3.5498,87.78
2020-12-07 04:08:00,1607314080.0,3.5498,3.5498,3.5498,3.5498,0.0
2020-12-07 04:09:00,1607314140.0,3.5498,3.5538,3.5497,3.5497,161.36
2020-12-07 04:10:00,1607314200.0,3.5497,3.5497,3.5497,3.5497,21.64
2020-12-07 04:11:00,1607314260.0,3.5497,3.5497,3.5497,3.5497,197.7
2020-12-07 04:12:00,1607314320.0,3.5502,3.5502,3.5502,3.5502,0.78
2020-12-07 04:13:00,1607314380.0,3.5495,3.5496,3.5495,3.5496,58.58
2020-12-07 04:14:00,1607314440.0,3.5496,3.5496,3.5496,3.5496,0.0
2020-12-07 04:15:00,1607314500.0,3.5496,3.5496,3.5496,3.5496,0.0
2020-12-07 04:16:00,1607314560.0,3.5495,3.5496,3.5442,3.5496,60.82
2020-12-07 04:17:00,1607314620.0,3.5496,3.5496,3.5496,3.5496,0.0
2020-12-07 04:18:00,1607314680.0,3.5496,3.5496,3.5496,3.5496,0.0
2020-12-07 04:19:00,1607314740.0,3.5526,3.5526,3.5526,3.5526,18.57
2020-12-07 04:20:00,1607314800.0,3.5522,3.5523,3.5522,3.5523,35.0
2020-12-07 04:21:00,1607314860.0,3.5523,3.5523,3.5523,3.5523,0.0
2020-12-07 04:22:00,1607314920.0,3.5523,3.5523,3.5523,3.5523,0.0
2020-12-07 04:23:00,1607314980.0,3.5523,3.5523,3.5523,3.5523,0.0
2020-12-07 04:24:00,1607315040.0,3.5473,3.5473,3.5468,3.5468,142.0
2020-12-07 04:25:00,1607315100.0,3.5468,3.5468,3.5468,3.5468,0.0
2020-12-07 04:26:00,1607315160.0,3.5468,3.5468,3.5468,3.5468,0.0
2020-12-07 04:27:00,1607315220.0,3.5468,3.5468,3.5468,3.5468,0.0
2020-12-07 04:28:00,1607315280.0,3.5468,3.5468,3.5468,3.5468,0.0
2020-12-07 04:29:00,1607315340.0,3.5469,3.5469,3.5469,3.5469,3.58
2020-12-07 04:30:00,1607315400.0,3.5469,3.5469,3.5469,3.5469,0.0
2020-12-07 04:31:00,1607315460.0,3.5469,3.5469,3.5469,3.5469,0.0
2020-12-07 04:32:00,1607315520.0,3.5469,3.5469,3.5469,3.5469,0.0
2020-12-07 04:33:00,1607315580.0,3.5469,3.5469,3.5469,3.5469,0.0
2020-12-07 04:34:00,1607315640.0,3.5469,3.5469,3.5469,3.5469,0.0
2020-12-07 04:35:00,1607315700.0,3.5489,3.5581,3.5489,3.5581,294.77
2020-12-07 04:36:00,1607315760.0,3.5581,3.5581,3.5581,3.5581,0.0
2020-12-07 04:37:00,1607315820.0,3.5581,3.5581,3.5581,3.5581,0.0
2020-12-07 04:38:00,1607315880.0,3.5581,3.5581,3.5581,3.5581,0.0
2020-12-07 04:39:00,1607315940.0,3.5581,3.5581,3.5581,3.5581,0.0
2020-12-07 04:40:00,1607316000.0,3.5581,3.5581,3.5581,3.5581,0.0
2020-12-07 04:41:00,1607316060.0,3.5581,3.5581,3.5581,3.5581,0.0
2020-12-07 04:42:00,1607316120.0,3.5581,3.5581,3.5581,3.5581,0.0
2020-12-07 04:43:00,1607316180.0,3.549,3.549,3.5488,3.5488,67.06
2020-12-07 04:44:00,1607316240.0,3.5488,3.5488,3.5488,3.5488,0.0
2020-12-07 04:45:00,1607316300.0,3.5488,3.5488,3.5488,3.5488,0.0
2020-12-07 04:46:00,1607316360.0,3.5488,3.5488,3.5488,3.5488,0.0
2020-12-07 04:47:00,1607316420.0,3.5488,3.5488,3.5488,3.5488,0.0
2020-12-07 04:48:00,1607316480.0,3.5488,3.5488,3.5488,3.5488,0.0
2020-12-07 04:49:00,1607316540.0,3.5488,3.5488,3.5488,3.5488,0.0
2020-12-07 04:50:00,1607316600.0,3.5488,3.5488,3.5488,3.5488,0.0
2020-12-07 04:51:00,1607316660.0,3.5488,3.5488,3.5488,3.5488,0.0
2020-12-07 04:52:00,1607316720.0,3.549,3.5597,3.549,3.5597,19.43
2020-12-07 04:53:00,1607316780.0,3.5597,3.5597,3.5597,3.5597,0.0
2020-12-07 04:54:00,1607316840.0,3.5597,3.5597,3.5597,3.5597,0.0
2020-12-07 04:55:00,1607316900.0,3.5597,3.5597,3.5597,3.5597,0.0
2020-12-07 04:56:00,1607316960.0,3.5597,3.5597,3.5597,3.5597,0.0
2020-12-07 04:57:00,1607317020.0,3.5597,3.5597,3.5597,3.5597,0.0
2020-12-07 04:58:00,1607317080.0,3.5597,3.5597,3.5597,3.5597,0.0
2020-12-07 04:59:00,1607317140.0,3.5597,3.5597,3.5597,3.5597,0.0
2020-12-07 05:00:00,1607317200.0,3.5597,3.5597,3.5597,3.5597,0.0
2020-12-07 05:01:00,1607317260.0,3.5597,3.5597,3.5597,3.5597,0.0
2020-12-07 05:02:00,1607317320.0,3.5597,3.5597,3.5597,3.5597,0.0
2020-12-07 05:03:00,1607317380.0,3.5597,3.5597,3.5597,3.5597,0.0
2020-12-07 05:04:00,1607317440.0,3.5597,3.5597,3.5597,3.5597,0.0
2020-12-07 05:05:00,1607317500.0,3.5597,3.5597,3.5597,3.5597,0.0
2020-12-07 05:06:00,1607317560.0,3.5597,3.5597,3.5597,3.5597,0.0
2020-12-07 05:07:00,1607317620.0,3.5597,3.5597,3.5597,3.5597,0.0
2020-12-07 05:08:00,1607317680.0,3.5526,3.5526,3.5493,3.5493,429.0
2020-12-07 05:09:00,1607317740.0,3.5493,3.5493,3.5493,3.5493,0.0
2020-12-07 05:10:00,1607317800.0,3.5493,3.5493,3.5493,3.5493,0.0
2020-12-07 05:11:00,1607317860.0,3.5501,3.5501,3.5488,3.5488,699.16
2020-12-07 05:12:00,1607317920.0,3.5488,3.5488,3.5488,3.5488,0.0
2020-12-07 05:13:00,1607317980.0,3.5488,3.5488,3.5488,3.5488,0.0
2020-12-07 05:14:00,1607318040.0,3.5488,3.5488,3.5488,3.5488,0.0
2020-12-07 05:15:00,1607318100.0,3.5488,3.5488,3.5488,3.5488,0.0
2020-12-07 05:16:00,1607318160.0,3.5488,3.5488,3.5488,3.5488,0.0
2020-12-07 05:17:00,1607318220.0,3.5527,3.554,3.5527,3.554,73.0
2020-12-07 05:18:00,1607318280.0,3.5551,3.5558,3.5551,3.5558,190.82
2020-12-07 05:19:00,1607318340.0,3.5558,3.5573,3.5558,3.5572,210.36
2020-12-07 05:20:00,1607318400.0,3.559,3.5595,3.559,3.5595,155.88
2020-12-07 05:21:00,1607318460.0,3.5596,3.5597,3.5596,3.5597,296.75
2020-12-07 05:22:00,1607318520.0,3.5597,3.5597,3.5597,3.5597,142.25
2020-12-07 05:23:00,1607318580.0,3.5597,3.5599,3.5597,3.5599,161.0
2020-12-07 05:24:00,1607318640.0,3.5599,3.5628,3.5599,3.5628,218.13
2020-12-07 05:25:00,1607318700.0,3.5629,3.5632,3.5629,3.5632,111.88
2020-12-07 05:26:00,1607318760.0,3.5632,3.5632,3.5632,3.5632,0.0
2020-12-07 05:27:00,1607318820.0,3.5632,3.5632,3.5632,3.5632,0.0
2020-12-07 05:28:00,1607318880.0,3.5665,3.5694,3.5665,3.5693,144.75
2020-12-07 05:29:00,1607318940.0,3.5699,3.5723,3.5699,3.5723,157.24
2020-12-07 05:30:00,1607319000.0,3.5723,3.5723,3.5723,3.5723,0.0
2020-12-07 05:31:00,1607319060.0,3.5723,3.5723,3.5723,3.5723,0.0
2020-12-07 05:32:00,1607319120.0,3.5663,3.5663,3.5655,3.5655,161.99
2020-12-07 05:33:00,1607319180.0,3.5655,3.5655,3.5655,3.5655,0.0
2020-12-07 05:34:00,1607319240.0,3.5655,3.5655,3.5655,3.5655,0.0
2020-12-07 05:35:00,1607319300.0,3.5655,3.5655,3.5655,3.5655,0.0
2020-12-07 05:36:00,1607319360.0,3.5655,3.5655,3.5655,3.5655,0.0
2020-12-07 05:37:00,1607319420.0,3.5655,3.5655,3.5655,3.5655,0.0
2020-12-07 05:38:00,1607319480.0,3.5655,3.5655,3.5655,3.5655,0.0
2020-12-07 05:39:00,1607319540.0,3.5655,3.5655,3.5655,3.5655,0.0
2020-12-07 05:40:00,1607319600.0,3.5699,3.5768,3.5699,3.5768,177.06
2020-12-07 05:41:00,1607319660.0,3.5768,3.5768,3.5768,3.5768,0.0
2020-12-07 05:42:00,1607319720.0,3.5768,3.5768,3.5768,3.5768,0.0
2020-12-07 05:43:00,1607319780.0,3.5768,3.5768,3.5768,3.5768,0.0
2020-12-07 05:44:00,1607319840.0,3.5765,3.5781,3.5765,3.5781,144.0
2020-12-07 05:45:00,1607319900.0,3.5768,3.5768,3.5768,3.5768,4.4
2020-12-07 05:46:00,1607319960.0,3.5768,3.5768,3.5768,3.5768,0.0
2020-12-07 05:47:00,1607320020.0,3.5768,3.5768,3.5768,3.5768,0.0
2020-12-07 05:48:00,1607320080.0,3.5768,3.5768,3.5768,3.5768,0.0
2020-12-07 05:49:00,1607320140.0,3.5768,3.5768,3.5768,3.5768,0.0
2020-12-07 05:50:00,1607320200.0,3.5768,3.5768,3.5768,3.5768,0.0
2020-12-07 05:51:00,1607320260.0,3.5768,3.5768,3.5768,3.5768,0.0
2020-12-07 05:52:00,1607320320.0,3.5768,3.5768,3.5768,3.5768,0.0
2020-12-07 05:53:00,1607320380.0,3.5768,3.5768,3.5768,3.5768,0.0
2020-12-07 05:54:00,1607320440.0,3.5768,3.5768,3.5768,3.5768,0.0
2020-12-07 05:55:00,1607320500.0,3.5768,3.5768,3.5768,3.5768,0.0
2020-12-07 05:56:00,1607320560.0,3.5768,3.5768,3.5768,3.5768,0.0
2020-12-07 05:57:00,1607320620.0,3.5768,3.5768,3.5768,3.5768,0.0
2020-12-07 05:58:00,1607320680.0,3.5768,3.5768,3.5768,3.5768,0.0
2020-12-07 05:59:00,1607320740.0,3.5768,3.5768,3.5768,3.5768,0.0
2020-12-07 06:00:00,1607320800.0,3.5768,3.5768,3.5768,3.5768,0.0
2020-12-07 06:01:00,1607320860.0,3.5768,3.5768,3.5768,3.5768,0.0
2020-12-07 06:02:00,1607320920.0,3.5679,3.5764,3.5679,3.5764,29.99
2020-12-07 06:03:00,1607320980.0,3.5764,3.5783,3.5764,3.5782,918.63
2020-12-07 06:04:00,1607321040.0,3.5782,3.5782,3.5782,3.5782,0.0
2020-12-07 06:05:00,1607321100.0,3.5782,3.5782,3.5782,3.5782,0.0
2020-12-07 06:06:00,1607321160.0,3.5783,3.585,3.5783,3.585,906.27
2020-12-07 06:07:00,1607321220.0,3.5766,3.5767,3.5766,3.5766,144.04
2020-12-07 06:08:00,1607321280.0,3.5766,3.5766,3.5766,3.5766,0.0
2020-12-07 06:09:00,1607321340.0,3.5766,3.5766,3.5766,3.5766,0.0
2020-12-07 06:10:00,1607321400.0,3.5766,3.5766,3.5766,3.5766,0.0
2020-12-07 06:11:00,1607321460.0,3.5837,3.5846,3.5837,3.5845,30.11
2020-12-07 06:12:00,1607321520.0,3.5845,3.5845,3.5845,3.5845,0.0
2020-12-07 06:13:00,1607321580.0,3.5845,3.5845,3.5845,3.5845,0.0
2020-12-07 06:14:00,1607321640.0,3.5845,3.5845,3.5845,3.5845,0.0
2020-12-07 06:15:00,1607321700.0,3.5845,3.588,3.5845,3.588,358.98
2020-12-07 06:16:00,1607321760.0,3.588,3.588,3.588,3.588,66.31
2020-12-07 06:17:00,1607321820.0,3.588,3.588,3.588,3.588,184.81
2020-12-07 06:18:00,1607321880.0,3.588,3.59,3.588,3.59,682.7
2020-12-07 06:19:00,1607321940.0,3.59,3.59,3.59,3.59,24.34
2020-12-07 06:20:00,1607322000.0,3.59,3.59,3.59,3.59,30.34
2020-12-07 06:21:00,1607322060.0,3.59,3.59,3.59,3.59,8.44
2020-12-07 06:22:00,1607322120.0,3.586,3.586,3.5853,3.5853,90.11
2020-12-07 06:23:00,1607322180.0,3.5833,3.5833,3.5809,3.5814,169.32
2020-12-07 06:24:00,1607322240.0,3.5816,3.5894,3.5816,3.5894,27.85
2020-12-07 06:25:00,1607322300.0,3.5823,3.5823,3.5818,3.5818,165.93
2020-12-07 06:26:00,1607322360.0,3.5818,3.5818,3.5817,3.5817,217.61
2020-12-07 06:27:00,1607322420.0,3.5817,3.5817,3.5809,3.5809,268.46
2020-12-07 06:28:00,1607322480.0,3.5809,3.5809,3.5808,3.5808,158.81
2020-12-07 06:29:00,1607322540.0,3.5794,3.5878,3.5794,3.5878,212.53
2020-12-07 06:30:00,1607322600.0,3.5796,3.5797,3.5796,3.5796,70.14
2020-12-07 06:31:00,1607322660.0,3.5794,3.5796,3.5794,3.5795,141.79
2020-12-07 06:32:00,1607322720.0,3.5795,3.5795,3.5795,3.5795,55.13
2020-12-07 06:33:00,1607322780.0,3.5795,3.5795,3.5795,3.5795,0.0
2020-12-07 06:34:00,1607322840.0,3.5795,3.5795,3.5795,3.5795,0.0
2020-12-07 06:35:00,1607322900.0,3.5795,3.5795,3.5795,3.5795,55.79
2020-12-07 06:36:00,1607322960.0,3.5794,3.5794,3.5793,3.5793,71.98
2020-12-07 06:37:00,1607323020.0,3.5793,3.5793,3.5793,3.5793,0.0
2020-12-07 06:38:00,1607323080.0,3.5793,3.5793,3.5793,3.5793,0.0
2020-12-07 06:39:00,1607323140.0,3.5768,3.5768,3.5756,3.5756,122.2
2020-12-07 06:40:00,1607323200.0,3.575,3.575,3.575,3.575,10.06
2020-12-07 06:41:00,1607323260.0,3.575,3.575,3.575,3.575,0.0
2020-12-07 06:42:00,1607323320.0,3.575,3.575,3.575,3.575,0.0
2020-12-07 06:43:00,1607323380.0,3.575,3.575,3.575,3.575,0.0
2020-12-07 06:44:00,1607323440.0,3.575,3.575,3.575,3.575,0.0
2020-12-07 06:45:00,1607323500.0,3.575,3.575,3.575,3.575,0.0
2020-12-07 06:46:00,1607323560.0,3.575,3.575,3.575,3.575,0.0
2020-12-07 06:47:00,1607323620.0,3.575,3.575,3.575,3.575,0.0
2020-12-07 06:48:00,1607323680.0,3.58,3.58,3.58,3.58,5.4
2020-12-07 06:49:00,1607323740.0,3.58,3.58,3.58,3.58,0.0
2020-12-07 06:50:00,1607323800.0,3.5738,3.5738,3.5733,3.5733,122.89
2020-12-07 06:51:00,1607323860.0,3.5733,3.5733,3.5733,3.5733,125.68
2020-12-07 06:52:00,1607323920.0,3.5669,3.5669,3.5669,3.5669,83.61
2020-12-07 06:53:00,1607323980.0,3.5669,3.5669,3.5608,3.5608,163.6
2020-12-07 06:54:00,1607324040.0,3.5608,3.5608,3.5608,3.5608,0.0
2020-12-07 06:55:00,1607324100.0,3.5608,3.5608,3.5608,3.5608,0.0
2020-12-07 06:56:00,1607324160.0,3.5608,3.5608,3.5608,3.5608,0.0
2020-12-07 06:57:00,1607324220.0,3.5608,3.5608,3.5608,3.5608,0.0
2020-12-07 06:58:00,1607324280.0,3.5608,3.5608,3.5608,3.5608,0.0
2020-12-07 06:59:00,1607324340.0,3.5608,3.5608,3.5608,3.5608,0.0
2020-12-07 07:00:00,1607324400.0,3.5608,3.5608,3.5608,3.5608,0.0
2020-12-07 07:01:00,1607324460.0,3.5771,3.5771,3.562,3.562,33.24
2020-12-07 07:02:00,1607324520.0,3.562,3.562,3.562,3.562,0.0
2020-12-07 07:03:00,1607324580.0,3.562,3.562,3.562,3.562,0.0
2020-12-07 07:04:00,1607324640.0,3.562,3.562,3.562,3.562,0.0
2020-12-07 07:05:00,1607324700.0,3.562,3.562,3.562,3.562,0.0
2020-12-07 07:06:00,1607324760.0,3.562,3.562,3.562,3.562,0.0
2020-12-07 07:07:00,1607324820.0,3.562,3.562,3.562,3.562,0.0
2020-12-07 07:08:00,1607324880.0,3.562,3.562,3.562,3.562,0.0
2020-12-07 07:09:00,1607324940.0,3.5766,3.5773,3.5766,3.5773,128.69
2020-12-07 07:10:00,1607325000.0,3.5773,3.5782,3.5773,3.5782,437.12
2020-12-07 07:11:00,1607325060.0,3.5782,3.5782,3.5725,3.5725,209.1
2020-12-07 07:12:00,1607325120.0,3.5781,3.5781,3.578,3.578,110.17
2020-12-07 07:13:00,1607325180.0,3.578,3.5782,3.578,3.5782,314.0
2020-12-07 07:14:00,1607325240.0,3.5782,3.5796,3.5782,3.5795,271.06
2020-12-07 07:15:00,1607325300.0,3.5795,3.5795,3.5795,3.5795,0.0
2020-12-07 07:16:00,1607325360.0,3.5793,3.5795,3.5793,3.5795,130.5
2020-12-07 07:17:00,1607325420.0,3.5808,3.5816,3.5808,3.5816,104.79
2020-12-07 07:18:00,1607325480.0,3.5816,3.5816,3.5816,3.5816,30.05
2020-12-07 07:19:00,1607325540.0,3.5817,3.5817,3.5816,3.5816,110.03
2020-12-07 07:20:00,1607325600.0,3.5816,3.5816,3.5816,3.5816,92.4
2020-12-07 07:21:00,1607325660.0,3.5816,3.5816,3.5816,3.5816,0.0
2020-12-07 07:22:00,1607325720.0,3.5816,3.5816,3.5816,3.5816,15.0
2020-12-07 07:23:00,1607325780.0,3.5816,3.5816,3.5816,3.5816,0.0
2020-12-07 07:24:00,1607325840.0,3.5817,3.5817,3.5816,3.5816,138.01
2020-12-07 07:25:00,1607325900.0,3.5816,3.5817,3.5816,3.5817,231.74
2020-12-07 07:26:00,1607325960.0,3.5817,3.5824,3.5817,3.5824,188.25
2020-12-07 07:27:00,1607326020.0,3.5825,3.5825,3.5825,3.5825,45.0
2020-12-07 07:28:00,1607326080.0,3.583,3.583,3.583,3.583,55.0
2020-12-07 07:29:00,1607326140.0,3.5855,3.5874,3.5855,3.5874,163.3
2020-12-07 07:30:00,1607326200.0,3.5899,3.5914,3.5899,3.5914,229.15
2020-12-07 07:31:00,1607326260.0,3.5913,3.5914,3.5913,3.5914,53.06
2020-12-07 07:32:00,1607326320.0,3.5914,3.5914,3.5914,3.5914,0.0
2020-12-07 07:33:00,1607326380.0,3.5914,3.5914,3.5914,3.5914,0.0
2020-12-07 07:34:00,1607326440.0,3.5914,3.5914,3.5914,3.5914,0.0
2020-12-07 07:35:00,1607326500.0,3.5914,3.5919,3.5914,3.5919,20.62
2020-12-07 07:36:00,1607326560.0,3.5919,3.5919,3.5919,3.5919,0.0
2020-12-07 07:37:00,1607326620.0,3.5919,3.5919,3.5919,3.5919,0.0
2020-12-07 07:38:00,1607326680.0,3.5919,3.5919,3.5919,3.5919,0.0
2020-12-07 07:39:00,1607326740.0,3.5919,3.5919,3.5919,3.5919,0.0
2020-12-07 07:40:00,1607326800.0,3.5919,3.5919,3.5866,3.5866,27.4
2020-12-07 07:41:00,1607326860.0,3.5866,3.5866,3.5866,3.5866,0.0
2020-12-07 07:42:00,1607326920.0,3.5866,3.5866,3.5866,3.5866,0.0
2020-12-07 07:43:00,1607326980.0,3.5894,3.59,3.5894,3.59,142.67
2020-12-07 07:44:00,1607327040.0,3.59,3.59,3.5865,3.5865,44.72
2020-12-07 07:45:00,1607327100.0,3.5865,3.5865,3.5865,3.5865,0.0
2020-12-07 07:46:00,1607327160.0,3.5865,3.5865,3.5865,3.5865,0.0
2020-12-07 07:47:00,1607327220.0,3.5865,3.5865,3.5865,3.5865,0.0
2020-12-07 07:48:00,1607327280.0,3.5867,3.59,3.5867,3.59,88.12
2020-12-07 07:49:00,1607327340.0,3.5869,3.5869,3.5869,3.5869,12.4
2020-12-07 07:50:00,1607327400.0,3.5869,3.5869,3.5869,3.5869,0.0
2020-12-07 07:51:00,1607327460.0,3.5869,3.5869,3.5869,3.5869,0.0
2020-12-07 07:52:00,1607327520.0,3.59,3.59,3.59,3.59,31.46
2020-12-07 07:53:00,1607327580.0,3.59,3.59,3.59,3.59,0.0
2020-12-07 07:54:00,1607327640.0,3.59,3.59,3.59,3.59,0.0
2020-12-07 07:55:00,1607327700.0,3.59,3.59,3.59,3.59,0.0
2020-12-07 07:56:00,1607327760.0,3.59,3.59,3.59,3.59,11.07
2020-12-07 07:57:00,1607327820.0,3.59,3.59,3.59,3.59,0.0
2020-12-07 07:58:00,1607327880.0,3.59,3.59,3.59,3.59,16.29
2020-12-07 07:59:00,1607327940.0,3.5873,3.5873,3.5831,3.5831,222.9
2020-12-07 08:00:00,1607328000.0,3.583,3.5831,3.5806,3.5807,204.55
2020-12-07 08:01:00,1607328060.0,3.5807,3.5807,3.567,3.567,379.42
2020-12-07 08:02:00,1607328120.0,3.5674,3.5675,3.5627,3.5627,460.62
2020-12-07 08:03:00,1607328180.0,3.5634,3.5694,3.5581,3.5607,817.02
2020-12-07 08:04:00,1607328240.0,3.5583,3.5677,3.5569,3.5578,282.87
2020-12-07 08:05:00,1607328300.0,3.5578,3.5663,3.5552,3.5604,287.66
2020-12-07 08:06:00,1607328360.0,3.5592,3.5594,3.5592,3.5594,86.09
2020-12-07 08:07:00,1607328420.0,3.5594,3.5594,3.5594,3.5594,0.0
2020-12-07 08:08:00,1607328480.0,3.5518,3.5518,3.5516,3.5516,122.93
2020-12-07 08:09:00,1607328540.0,3.5516,3.5516,3.5515,3.5515,178.54
2020-12-07 08:10:00,1607328600.0,3.5515,3.5515,3.5515,3.5515,0.0
2020-12-07 08:11:00,1607328660.0,3.5599,3.56,3.5599,3.56,88.4
2020-12-07 08:12:00,1607328720.0,3.56,3.56,3.5516,3.5516,99.32
2020-12-07 08:13:00,1607328780.0,3.5516,3.5516,3.5516,3.5516,0.0
2020-12-07 08:14:00,1607328840.0,3.5516,3.5516,3.5516,3.5516,100.0
2020-12-07 08:15:00,1607328900.0,3.556,3.5597,3.556,3.5597,163.0
2020-12-07 08:16:00,1607328960.0,3.5597,3.5597,3.5597,3.5597,0.0
2020-12-07 08:17:00,1607329020.0,3.5597,3.5597,3.5597,3.5597,0.0
2020-12-07 08:18:00,1607329080.0,3.5517,3.5517,3.5483,3.5483,60.49
2020-12-07 08:19:00,1607329140.0,3.5483,3.55,3.5483,3.55,156.34
2020-12-07 08:20:00,1607329200.0,3.55,3.55,3.548,3.548,214.68
2020-12-07 08:21:00,1607329260.0,3.548,3.548,3.5452,3.5452,83.75
2020-12-07 08:22:00,1607329320.0,3.55,3.5501,3.55,3.55,229.68
2020-12-07 08:23:00,1607329380.0,3.55,3.55,3.55,3.55,156.31
2020-12-07 08:24:00,1607329440.0,3.55,3.55,3.55,3.55,0.0
2020-12-07 08:25:00,1607329500.0,3.55,3.55,3.55,3.55,0.0
2020-12-07 08:26:00,1607329560.0,3.55,3.55,3.54,3.5413,217.82
2020-12-07 08:27:00,1607329620.0,3.5531,3.5531,3.5531,3.5531,0.86
2020-12-07 08:28:00,1607329680.0,3.546,3.546,3.546,3.546,0.94
2020-12-07 08:29:00,1607329740.0,3.5446,3.5446,3.5446,3.5446,5.2
2020-12-07 08:30:00,1607329800.0,3.5492,3.5492,3.5492,3.5492,0.98
2020-12-07 08:31:00,1607329860.0,3.5439,3.5439,3.5393,3.5393,42.89
2020-12-07 08:32:00,1607329920.0,3.5393,3.5393,3.5393,3.5393,0.0
2020-12-07 08:33:00,1607329980.0,3.5391,3.5411,3.5317,3.541,122.38
2020-12-07 08:34:00,1607330040.0,3.541,3.5431,3.5317,3.5408,253.99
2020-12-07 08:35:00,1607330100.0,3.5363,3.5389,3.5363,3.5389,52.0
2020-12-07 08:36:00,1607330160.0,3.5389,3.5389,3.5389,3.5389,0.0
2020-12-07 08:37:00,1607330220.0,3.5394,3.5418,3.5394,3.5418,29.82
2020-12-07 08:38:00,1607330280.0,3.5418,3.5418,3.5418,3.5418,0.0
2020-12-07 08:39:00,1607330340.0,3.5418,3.5418,3.5418,3.5418,0.0
2020-12-07 08:40:00,1607330400.0,3.5418,3.5418,3.5418,3.5418,0.0
2020-12-07 08:41:00,1607330460.0,3.5418,3.5418,3.5418,3.5418,0.0
2020-12-07 08:42:00,1607330520.0,3.5469,3.5497,3.5469,3.5497,115.73
2020-12-07 08:43:00,1607330580.0,3.5497,3.5497,3.5497,3.5497,0.0
2020-12-07 08:44:00,1607330640.0,3.5496,3.5497,3.5496,3.5497,549.86
2020-12-07 08:45:00,1607330700.0,3.5497,3.5546,3.5497,3.5546,440.61
2020-12-07 08:46:00,1607330760.0,3.5546,3.5546,3.5546,3.5546,0.0
2020-12-07 08:47:00,1607330820.0,3.5546,3.5546,3.5546,3.5546,0.0
2020-12-07 08:48:00,1607330880.0,3.5548,3.5566,3.5514,3.5566,287.98
2020-12-07 08:49:00,1607330940.0,3.5566,3.5566,3.5566,3.5566,0.0
2020-12-07 08:50:00,1607331000.0,3.5566,3.5566,3.5566,3.5566,0.0
2020-12-07 08:51:00,1607331060.0,3.5566,3.5566,3.5566,3.5566,0.0
2020-12-07 08:52:00,1607331120.0,3.5566,3.5566,3.5566,3.5566,0.0
2020-12-07 08:53:00,1607331180.0,3.5566,3.5566,3.5566,3.5566,0.0
2020-12-07 08:54:00,1607331240.0,3.5566,3.5566,3.5566,3.5566,0.0
2020-12-07 08:55:00,1607331300.0,3.556,3.5578,3.5514,3.5514,772.29
2020-12-07 08:56:00,1607331360.0,3.5514,3.5514,3.5514,3.5514,0.0
2020-12-07 08:57:00,1607331420.0,3.5515,3.5515,3.5515,3.5515,9.92
2020-12-07 08:58:00,1607331480.0,3.5515,3.5515,3.5515,3.5515,0.0
2020-12-07 08:59:00,1607331540.0,3.5515,3.5515,3.5497,3.5498,414.88
2020-12-07 09:00:00,1607331600.0,3.55,3.55,3.55,3.55,96.45
2020-12-07 09:01:00,1607331660.0,3.55,3.55,3.55,3.55,145.94
2020-12-07 09:02:00,1607331720.0,3.55,3.55,3.5449,3.5449,158.96
2020-12-07 09:03:00,1607331780.0,3.5428,3.5428,3.5394,3.5397,109.31
2020-12-07 09:04:00,1607331840.0,3.5497,3.5497,3.5497,3.5497,4.21
2020-12-07 09:05:00,1607331900.0,3.5497,3.5497,3.5497,3.5497,0.0
2020-12-07 09:06:00,1607331960.0,3.5497,3.5497,3.5497,3.5497,0.0
2020-12-07 09:07:00,1607332020.0,3.5497,3.5497,3.5497,3.5497,0.0
2020-12-07 09:08:00,1607332080.0,3.5497,3.5497,3.5497,3.5497,0.0
2020-12-07 09:09:00,1607332140.0,3.5497,3.5497,3.5497,3.5497,0.0
2020-12-07 09:10:00,1607332200.0,3.5449,3.5449,3.5407,3.5407,73.26
2020-12-07 09:11:00,1607332260.0,3.5407,3.5407,3.5407,3.5407,0.0
2020-12-07 09:12:00,1607332320.0,3.5407,3.5407,3.5407,3.5407,0.0
2020-12-07 09:13:00,1607332380.0,3.5407,3.5407,3.5407,3.5407,0.0
2020-12-07 09:14:00,1607332440.0,3.5454,3.5454,3.5454,3.5454,6.15
2020-12-07 09:15:00,1607332500.0,3.5454,3.5454,3.5454,3.5454,0.0
2020-12-07 09:16:00,1607332560.0,3.5455,3.5455,3.5455,3.5455,36.66
2020-12-07 09:17:00,1607332620.0,3.5455,3.5455,3.5455,3.5455,0.0
2020-12-07 09:18:00,1607332680.0,3.5456,3.5456,3.542,3.542,113.03
2020-12-07 09:19:00,1607332740.0,3.5422,3.5422,3.5422,3.5422,32.3
2020-12-07 09:20:00,1607332800.0,3.5464,3.5464,3.5464,3.5464,7.11
2020-12-07 09:21:00,1607332860.0,3.5437,3.5437,3.5437,3.5437,4.09
2020-12-07 09:22:00,1607332920.0,3.5437,3.5437,3.5437,3.5437,0.0
2020-12-07 09:23:00,1607332980.0,3.5437,3.5437,3.5437,3.5437,0.0
2020-12-07 09:24:00,1607333040.0,3.5447,3.5448,3.5437,3.5437,331.17
2020-12-07 09:25:00,1607333100.0,3.5437,3.5437,3.5437,3.5437,0.0
2020-12-07 09:26:00,1607333160.0,3.5417,3.5417,3.5417,3.5417,85.48
2020-12-07 09:27:00,1607333220.0,3.5416,3.5416,3.5416,3.5416,30.0
2020-12-07 09:28:00,1607333280.0,3.5416,3.5416,3.5416,3.5416,0.0
2020-12-07 09:29:00,1607333340.0,3.5393,3.5393,3.5393,3.5393,14.37
2020-12-07 09:30:00,1607333400.0,3.5327,3.5413,3.5306,3.5413,2617.9
2020-12-07 09:31:00,1607333460.0,3.5359,3.5359,3.5359,3.5359,5.9
2020-12-07 09:32:00,1607333520.0,3.5359,3.5359,3.5359,3.5359,0.0
2020-12-07 09:33:00,1607333580.0,3.5383,3.5383,3.5363,3.5363,69.05
2020-12-07 09:34:00,1607333640.0,3.5363,3.5363,3.5363,3.5363,0.0
2020-12-07 09:35:00,1607333700.0,3.5404,3.5404,3.5404,3.5404,8.63
2020-12-07 09:36:00,1607333760.0,3.5388,3.5404,3.5388,3.5404,14.0
2020-12-07 09:37:00,1607333820.0,3.5387,3.5387,3.5387,3.5387,7.06
2020-12-07 09:38:00,1607333880.0,3.5387,3.5387,3.5387,3.5387,0.0
2020-12-07 09:39:00,1607333940.0,3.5393,3.5416,3.5393,3.5416,100.0
2020-12-07 09:40:00,1607334000.0,3.5416,3.5416,3.5416,3.5416,0.0
2020-12-07 09:41:00,1607334060.0,3.5416,3.5427,3.5416,3.5427,74.0
2020-12-07 09:42:00,1607334120.0,3.5409,3.5409,3.5399,3.5399,51.98
2020-12-07 09:43:00,1607334180.0,3.5399,3.5399,3.5399,3.5399,0.0
2020-12-07 09:44:00,1607334240.0,3.5399,3.5399,3.5399,3.5399,0.0
2020-12-07 09:45:00,1607334300.0,3.5406,3.5446,3.5406,3.5446,20.04
2020-12-07 09:46:00,1607334360.0,3.5446,3.5446,3.5446,3.5446,0.0
2020-12-07 09:47:00,1607334420.0,3.5446,3.5446,3.5446,3.5446,0.0
2020-12-07 09:48:00,1607334480.0,3.5446,3.5446,3.5446,3.5446,0.0
2020-12-07 09:49:00,1607334540.0,3.5446,3.5446,3.5446,3.5446,0.0
2020-12-07 09:50:00,1607334600.0,3.5446,3.5446,3.5446,3.5446,0.0
2020-12-07 09:51:00,1607334660.0,3.5446,3.5446,3.5446,3.5446,0.0
2020-12-07 09:52:00,1607334720.0,3.5401,3.5401,3.54,3.54,50.7
2020-12-07 09:53:00,1607334780.0,3.5399,3.5399,3.5399,3.5399,17.89
2020-12-07 09:54:00,1607334840.0,3.5366,3.5398,3.5366,3.5398,19.63
2020-12-07 09:55:00,1607334900.0,3.5398,3.5398,3.5398,3.5398,0.0
2020-12-07 09:56:00,1607334960.0,3.5367,3.5367,3.5341,3.5341,69.98
2020-12-07 09:57:00,1607335020.0,3.5341,3.5341,3.5341,3.5341,0.0
2020-12-07 09:58:00,1607335080.0,3.5305,3.5365,3.5305,3.5365,63.0
2020-12-07 09:59:00,1607335140.0,3.5365,3.5365,3.5364,3.5365,80.84
2020-12-07 10:00:00,1607335200.0,3.5365,3.5365,3.5365,3.5365,0.0
2020-12-07 10:01:00,1607335260.0,3.5364,3.5365,3.5364,3.5365,918.78
2020-12-07 10:02:00,1607335320.0,3.5309,3.5309,3.5307,3.5307,172.64
2020-12-07 10:03:00,1607335380.0,3.5365,3.5365,3.5365,3.5365,14.13
2020-12-07 10:04:00,1607335440.0,3.5365,3.5365,3.5365,3.5365,0.0
2020-12-07 10:05:00,1607335500.0,3.5334,3.5334,3.53,3.5301,517.44
2020-12-07 10:06:00,1607335560.0,3.5301,3.5301,3.5227,3.5227,369.3
2020-12-07 10:07:00,1607335620.0,3.5291,3.5295,3.5291,3.5295,350.21
2020-12-07 10:08:00,1607335680.0,3.5295,3.5295,3.5295,3.5295,0.0
2020-12-07 10:09:00,1607335740.0,3.5295,3.5295,3.5295,3.5295,0.0
2020-12-07 10:10:00,1607335800.0,3.5295,3.5295,3.5295,3.5295,0.0
2020-12-07 10:11:00,1607335860.0,3.5248,3.5359,3.5248,3.5359,1176.91
2020-12-07 10:12:00,1607335920.0,3.5359,3.5359,3.5359,3.5359,0.0
2020-12-07 10:13:00,1607335980.0,3.5359,3.5416,3.5359,3.5416,204.85
2020-12-07 10:14:00,1607336040.0,3.5434,3.5434,3.5434,3.5434,5.07
2020-12-07 10:15:00,1607336100.0,3.5434,3.5434,3.5434,3.5434,0.0
2020-12-07 10:16:00,1607336160.0,3.5437,3.5437,3.5437,3.5437,100.0
2020-12-07 10:17:00,1607336220.0,3.5437,3.5437,3.5437,3.5437,0.0
2020-12-07 10:18:00,1607336280.0,3.5348,3.5348,3.5348,3.5348,36.16
2020-12-07 10:19:00,1607336340.0,3.5348,3.5348,3.5348,3.5348,0.0
2020-12-07 10:20:00,1607336400.0,3.5348,3.5348,3.5348,3.5348,0.0
2020-12-07 10:21:00,1607336460.0,3.5348,3.5348,3.5348,3.5348,0.0
2020-12-07 10:22:00,1607336520.0,3.5347,3.5347,3.5301,3.5301,109.58
2020-12-07 10:23:00,1607336580.0,3.5301,3.5301,3.5301,3.5301,0.0
2020-12-07 10:24:00,1607336640.0,3.5301,3.5301,3.5301,3.5301,0.0
2020-12-07 10:25:00,1607336700.0,3.5301,3.5301,3.5301,3.5301,0.0
2020-12-07 10:26:00,1607336760.0,3.5302,3.5302,3.5302,3.5302,10.0
2020-12-07 10:27:00,1607336820.0,3.5302,3.5302,3.5292,3.5296,89.96
2020-12-07 10:28:00,1607336880.0,3.5298,3.5304,3.5298,3.5304,110.0
2020-12-07 10:29:00,1607336940.0,3.5306,3.5317,3.5306,3.5317,394.42
2020-12-07 10:30:00,1607337000.0,3.5317,3.5319,3.5309,3.5309,110.0
2020-12-07 10:31:00,1607337060.0,3.5309,3.5312,3.5309,3.5312,120.0
2020-12-07 10:32:00,1607337120.0,3.5312,3.5332,3.5312,3.5332,110.0
2020-12-07 10:33:00,1607337180.0,3.5332,3.5332,3.532,3.532,1257.29
2020-12-07 10:34:00,1607337240.0,3.532,3.532,3.5265,3.5265,521.62
2020-12-07 10:35:00,1607337300.0,3.5265,3.5269,3.5265,3.5269,110.0
2020-12-07 10:36:00,1607337360.0,3.5269,3.5269,3.5264,3.5264,120.0
2020-12-07 10:37:00,1607337420.0,3.5264,3.5264,3.5221,3.5221,240.0
2020-12-07 10:38:00,1607337480.0,3.5221,3.5307,3.5221,3.5221,114.93
2020-12-07 10:39:00,1607337540.0,3.5221,3.5221,3.5221,3.5221,110.0
2020-12-07 10:40:00,1607337600.0,3.5221,3.5222,3.5221,3.5221,120.0
2020-12-07 10:41:00,1607337660.0,3.522,3.522,3.5207,3.5207,536.0
2020-12-07 10:42:00,1607337720.0,3.5207,3.5207,3.52,3.52,120.0
2020-12-07 10:43:00,1607337780.0,3.52,3.5207,3.52,3.5207,120.0
2020-12-07 10:44:00,1607337840.0,3.5207,3.5207,3.5207,3.5207,110.0
2020-12-07 10:45:00,1607337900.0,3.5207,3.5262,3.5207,3.5209,161.99
2020-12-07 10:46:00,1607337960.0,3.5209,3.5209,3.5207,3.5207,120.0
2020-12-07 10:47:00,1607338020.0,3.5207,3.5207,3.5207,3.5207,1250.96
2020-12-07 10:48:00,1607338080.0,3.5207,3.5207,3.5207,3.5207,110.0
2020-12-07 10:49:00,1607338140.0,3.5207,3.5209,3.52,3.5209,148.88
2020-12-07 10:50:00,1607338200.0,3.5234,3.5265,3.5209,3.5215,618.69
2020-12-07 10:51:00,1607338260.0,3.5215,3.5215,3.5209,3.5209,100.0
2020-12-07 10:52:00,1607338320.0,3.5209,3.5209,3.5209,3.5209,110.0
2020-12-07 10:53:00,1607338380.0,3.5209,3.5209,3.5209,3.5209,120.0
2020-12-07 10:54:00,1607338440.0,3.5209,3.5209,3.5209,3.5209,110.0
2020-12-07 10:55:00,1607338500.0,3.5209,3.5209,3.5209,3.5209,120.0
2020-12-07 10:56:00,1607338560.0,3.5209,3.5261,3.5209,3.5211,129.84
2020-12-07 10:57:00,1607338620.0,3.5211,3.5253,3.5209,3.5209,141.16
2020-12-07 10:58:00,1607338680.0,3.5209,3.5209,3.5209,3.5209,389.29
2020-12-07 10:59:00,1607338740.0,3.5209,3.521,3.5209,3.521,120.0
2020-12-07 11:00:00,1607338800.0,3.521,3.521,3.52,3.52,347.17
2020-12-07 11:01:00,1607338860.0,3.5201,3.5297,3.52,3.5207,203.0
2020-12-07 11:02:00,1607338920.0,3.5207,3.5295,3.5207,3.5291,438.59
2020-12-07 11:03:00,1607338980.0,3.5293,3.5351,3.5245,3.5292,452.31
2020-12-07 11:04:00,1607339040.0,3.529,3.529,3.5289,3.5289,206.77
2020-12-07 11:05:00,1607339100.0,3.5289,3.5289,3.527,3.527,110.0
2020-12-07 11:06:00,1607339160.0,3.527,3.5325,3.5259,3.5261,242.43
2020-12-07 11:07:00,1607339220.0,3.5262,3.5263,3.5259,3.5259,118.33
2020-12-07 11:08:00,1607339280.0,3.5259,3.5259,3.5235,3.5235,224.74
2020-12-07 11:09:00,1607339340.0,3.5227,3.5256,3.5218,3.5219,167.82
2020-12-07 11:10:00,1607339400.0,3.5219,3.522,3.5206,3.5206,103.98
2020-12-07 11:11:00,1607339460.0,3.5202,3.5202,3.5202,3.5202,120.0
2020-12-07 11:12:00,1607339520.0,3.5202,3.5203,3.5202,3.5203,344.04
2020-12-07 11:13:00,1607339580.0,3.5203,3.5204,3.5203,3.5203,110.0
2020-12-07 11:14:00,1607339640.0,3.5203,3.5203,3.5203,3.5203,110.0
2020-12-07 11:15:00,1607339700.0,3.5203,3.5278,3.5203,3.5218,303.08
2020-12-07 11:16:00,1607339760.0,3.5208,3.5208,3.52,3.5201,106.48
2020-12-07 11:17:00,1607339820.0,3.52,3.52,3.52,3.52,110.0
2020-12-07 11:18:00,1607339880.0,3.52,3.52,3.5189,3.5189,946.4
2020-12-07 11:19:00,1607339940.0,3.52,3.52,3.5189,3.5189,201.4
2020-12-07 11:20:00,1607340000.0,3.5189,3.5189,3.5189,3.5189,120.0
2020-12-07 11:21:00,1607340060.0,3.5189,3.5189,3.5189,3.5189,100.0
2020-12-07 11:22:00,1607340120.0,3.5189,3.5189,3.5189,3.5189,120.0
2020-12-07 11:23:00,1607340180.0,3.5189,3.5189,3.5184,3.5184,94.21
2020-12-07 11:24:00,1607340240.0,3.5166,3.5199,3.5132,3.5132,179.3
2020-12-07 11:25:00,1607340300.0,3.5132,3.5132,3.5123,3.5123,284.82
2020-12-07 11:26:00,1607340360.0,3.5123,3.5198,3.5086,3.5101,1262.15
2020-12-07 11:27:00,1607340420.0,3.5101,3.5101,3.5101,3.5101,120.0
2020-12-07 11:28:00,1607340480.0,3.5101,3.5101,3.5078,3.5078,209.55
2020-12-07 11:29:00,1607340540.0,3.5078,3.5097,3.5032,3.5032,627.69
2020-12-07 11:30:00,1607340600.0,3.5022,3.5032,3.5022,3.5023,455.83
2020-12-07 11:31:00,1607340660.0,3.5023,3.5071,3.5023,3.5023,267.53
2020-12-07 11:32:00,1607340720.0,3.5071,3.5071,3.5023,3.5023,357.4
2020-12-07 11:33:00,1607340780.0,3.5023,3.5069,3.5009,3.5069,253.84
2020-12-07 11:34:00,1607340840.0,3.501,3.502,3.5009,3.502,244.15
2020-12-07 11:35:00,1607340900.0,3.502,3.506,3.502,3.502,168.99
2020-12-07 11:36:00,1607340960.0,3.502,3.502,3.502,3.502,82.3
2020-12-07 11:37:00,1607341020.0,3.502,3.5051,3.502,3.502,166.29
2020-12-07 11:38:00,1607341080.0,3.502,3.502,3.502,3.502,60.0
2020-12-07 11:39:00,1607341140.0,3.502,3.5072,3.502,3.5069,921.06
2020-12-07 11:40:00,1607341200.0,3.5031,3.5067,3.502,3.5021,62.66
2020-12-07 11:41:00,1607341260.0,3.502,3.5059,3.502,3.502,66.95
2020-12-07 11:42:00,1607341320.0,3.502,3.502,3.502,3.502,60.0
2020-12-07 11:43:00,1607341380.0,3.502,3.502,3.502,3.502,50.0
2020-12-07 11:44:00,1607341440.0,3.502,3.502,3.502,3.502,373.1
2020-12-07 11:45:00,1607341500.0,3.502,3.5066,3.502,3.5021,148.51
2020-12-07 11:46:00,1607341560.0,3.5067,3.5068,3.5022,3.5029,584.31
2020-12-07 11:47:00,1607341620.0,3.5028,3.5066,3.5028,3.5028,130.1
2020-12-07 11:48:00,1607341680.0,3.5027,3.5063,3.5027,3.5038,71.93
2020-12-07 11:49:00,1607341740.0,3.5038,3.5081,3.5037,3.5038,150.84
2020-12-07 11:50:00,1607341800.0,3.5038,3.5038,3.5038,3.5038,50.0
2020-12-07 11:51:00,1607341860.0,3.5038,3.5038,3.5028,3.5028,51.35
2020-12-07 11:52:00,1607341920.0,3.5028,3.5028,3.5022,3.5022,113.28
2020-12-07 11:53:00,1607341980.0,3.5022,3.5022,3.5,3.5,2361.33
2020-12-07 11:54:00,1607342040.0,3.5,3.5018,3.4912,3.4914,777.51
2020-12-07 11:55:00,1607342100.0,3.4895,3.497,3.4882,3.4958,181.64
2020-12-07 11:56:00,1607342160.0,3.4958,3.4958,3.4804,3.481,413.18
2020-12-07 11:57:00,1607342220.0,3.4843,3.4876,3.4783,3.4783,169.25
2020-12-07 11:58:00,1607342280.0,3.4784,3.4819,3.4782,3.48,47.43
2020-12-07 11:59:00,1607342340.0,3.48,3.48,3.48,3.48,0.0
2020-12-07 12:00:00,1607342400.0,3.48,3.4887,3.48,3.4887,159.44
2020-12-07 12:01:00,1607342460.0,3.4887,3.4887,3.4887,3.4887,0.0
2020-12-07 12:02:00,1607342520.0,3.4879,3.488,3.4879,3.488,82.1
2020-12-07 12:03:00,1607342580.0,3.4887,3.4888,3.488,3.488,230.13
2020-12-07 12:04:00,1607342640.0,3.4888,3.4942,3.4888,3.4942,116.11
2020-12-07 12:05:00,1607342700.0,3.4942,3.5017,3.4942,3.5014,506.09
2020-12-07 12:06:00,1607342760.0,3.5019,3.5052,3.5017,3.5052,168.39
2020-12-07 12:07:00,1607342820.0,3.5052,3.5052,3.5052,3.5052,0.0
2020-12-07 12:08:00,1607342880.0,3.5064,3.5064,3.5064,3.5064,285.19
2020-12-07 12:09:00,1607342940.0,3.5064,3.5064,3.5064,3.5064,0.0
2020-12-07 12:10:00,1607343000.0,3.505,3.5051,3.505,3.5051,98.2
2020-12-07 12:11:00,1607343060.0,3.5058,3.5066,3.5058,3.5066,606.16
2020-12-07 12:12:00,1607343120.0,3.5066,3.5066,3.5066,3.5066,0.0
2020-12-07 12:13:00,1607343180.0,3.5065,3.5065,3.5,3.5,503.09
2020-12-07 12:14:00,1607343240.0,3.5,3.5,3.5,3.5,0.0
2020-12-07 12:15:00,1607343300.0,3.5003,3.5003,3.5001,3.5001,100.0
2020-12-07 12:16:00,1607343360.0,3.5001,3.5031,3.4963,3.5022,442.55
2020-12-07 12:17:00,1607343420.0,3.502,3.505,3.497,3.5,1583.38
2020-12-07 12:18:00,1607343480.0,3.5,3.5,3.5,3.5,0.0
2020-12-07 12:19:00,1607343540.0,3.505,3.505,3.505,3.505,71.34
2020-12-07 12:20:00,1607343600.0,3.505,3.505,3.505,3.505,0.0
2020-12-07 12:21:00,1607343660.0,3.505,3.505,3.505,3.505,0.0
2020-12-07 12:22:00,1607343720.0,3.5018,3.5018,3.5015,3.5015,10.0
2020-12-07 12:23:00,1607343780.0,3.5011,3.5062,3.4997,3.5062,156.61
2020-12-07 12:24:00,1607343840.0,3.5063,3.5066,3.5063,3.5066,737.6
2020-12-07 12:25:00,1607343900.0,3.5066,3.5067,3.5066,3.5067,18.65
2020-12-07 12:26:00,1607343960.0,3.5067,3.508,3.5066,3.5079,45.07
2020-12-07 12:27:00,1607344020.0,3.5079,3.508,3.5079,3.5079,155.74
2020-12-07 12:28:00,1607344080.0,3.5079,3.5079,3.5066,3.5066,112.32
2020-12-07 12:29:00,1607344140.0,3.5071,3.5071,3.5066,3.5066,6.97
2020-12-07 12:30:00,1607344200.0,3.507,3.507,3.507,3.507,9.0
2020-12-07 12:31:00,1607344260.0,3.5049,3.508,3.5049,3.508,58.51
2020-12-07 12:32:00,1607344320.0,3.5079,3.5079,3.5079,3.5079,82.0
2020-12-07 12:33:00,1607344380.0,3.5079,3.5085,3.5079,3.5085,400.0
2020-12-07 12:34:00,1607344440.0,3.5085,3.5085,3.5085,3.5085,0.0
2020-12-07 12:35:00,1607344500.0,3.5098,3.5098,3.5098,3.5098,6.39
2020-12-07 12:36:00,1607344560.0,3.5098,3.5098,3.5098,3.5098,0.0
2020-12-07 12:37:00,1607344620.0,3.5097,3.5097,3.5097,3.5097,480.66
2020-12-07 12:38:00,1607344680.0,3.5091,3.5091,3.5091,3.5091,21.18
2020-12-07 12:39:00,1607344740.0,3.509,3.51,3.509,3.51,58.62
2020-12-07 12:40:00,1607344800.0,3.51,3.5101,3.51,3.5101,316.61
2020-12-07 12:41:00,1607344860.0,3.5103,3.5104,3.5103,3.5103,616.0
2020-12-07 12:42:00,1607344920.0,3.5105,3.5105,3.5103,3.5103,30.65
2020-12-07 12:43:00,1607344980.0,3.5106,3.5106,3.5105,3.5105,117.5
2020-12-07 12:44:00,1607345040.0,3.5101,3.5101,3.5101,3.5101,49.0
2020-12-07 12:45:00,1607345100.0,3.5101,3.5101,3.5101,3.5101,61.0
2020-12-07 12:46:00,1607345160.0,3.5101,3.5101,3.5101,3.5101,0.0
2020-12-07 12:47:00,1607345220.0,3.5101,3.5101,3.5101,3.5101,0.0
2020-12-07 12:48:00,1607345280.0,3.5101,3.5101,3.5101,3.5101,93.07
2020-12-07 12:49:00,1607345340.0,3.5101,3.5101,3.5101,3.5101,0.0
2020-12-07 12:50:00,1607345400.0,3.5101,3.5101,3.5101,3.5101,0.0
2020-12-07 12:51:00,1607345460.0,3.5102,3.5102,3.5102,3.5102,112.7
2020-12-07 12:52:00,1607345520.0,3.513,3.513,3.513,3.513,36.57
2020-12-07 12:53:00,1607345580.0,3.513,3.513,3.513,3.513,8.82
2020-12-07 12:54:00,1607345640.0,3.513,3.513,3.513,3.513,15.68
2020-12-07 12:55:00,1607345700.0,3.5131,3.5131,3.513,3.513,13.27
2020-12-07 12:56:00,1607345760.0,3.513,3.5164,3.513,3.513,122.75
2020-12-07 12:57:00,1607345820.0,3.513,3.513,3.513,3.513,14.54
2020-12-07 12:58:00,1607345880.0,3.513,3.513,3.513,3.513,0.0
2020-12-07 12:59:00,1607345940.0,3.513,3.513,3.513,3.513,73.98
2020-12-07 13:00:00,1607346000.0,3.5165,3.5166,3.513,3.513,144.45
2020-12-07 13:01:00,1607346060.0,3.5166,3.5166,3.5165,3.5166,39.83
2020-12-07 13:02:00,1607346120.0,3.5166,3.5166,3.5166,3.5166,0.0
2020-12-07 13:03:00,1607346180.0,3.5166,3.5166,3.5166,3.5166,19.98
2020-12-07 13:04:00,1607346240.0,3.5166,3.5184,3.5138,3.5184,1758.54
2020-12-07 13:05:00,1607346300.0,3.5141,3.5141,3.51,3.51,71.7
2020-12-07 13:06:00,1607346360.0,3.51,3.5156,3.51,3.5156,203.26
2020-12-07 13:07:00,1607346420.0,3.5156,3.5156,3.5156,3.5156,0.0
2020-12-07 13:08:00,1607346480.0,3.5157,3.5158,3.5137,3.5137,32.5
2020-12-07 13:09:00,1607346540.0,3.5137,3.5157,3.5137,3.5157,44.38
2020-12-07 13:10:00,1607346600.0,3.5195,3.5198,3.5195,3.5198,100.0
2020-12-07 13:11:00,1607346660.0,3.5194,3.5199,3.5194,3.5199,106.29
2020-12-07 13:12:00,1607346720.0,3.5199,3.5199,3.5148,3.5148,248.87
2020-12-07 13:13:00,1607346780.0,3.5198,3.5199,3.5151,3.5196,1562.86
2020-12-07 13:14:00,1607346840.0,3.519,3.52,3.519,3.52,188.93
2020-12-07 13:15:00,1607346900.0,3.52,3.525,3.52,3.5237,291.66
2020-12-07 13:16:00,1607346960.0,3.5237,3.5237,3.523,3.523,186.56
2020-12-07 13:17:00,1607347020.0,3.523,3.523,3.523,3.523,150.36
2020-12-07 13:18:00,1607347080.0,3.523,3.523,3.523,3.523,0.0
2020-12-07 13:19:00,1607347140.0,3.523,3.5246,3.523,3.5246,470.95
2020-12-07 13:20:00,1607347200.0,3.5246,3.5246,3.5246,3.5246,0.0
2020-12-07 13:21:00,1607347260.0,3.521,3.521,3.521,3.521,156.4
2020-12-07 13:22:00,1607347320.0,3.521,3.521,3.521,3.521,0.0
2020-12-07 13:23:00,1607347380.0,3.521,3.521,3.519,3.519,78.29
2020-12-07 13:24:00,1607347440.0,3.519,3.52,3.519,3.52,64.04
2020-12-07 13:25:00,1607347500.0,3.52,3.52,3.519,3.519,730.75
2020-12-07 13:26:00,1607347560.0,3.519,3.5193,3.5151,3.5151,170.32
2020-12-07 13:27:00,1607347620.0,3.5151,3.5151,3.5151,3.5151,40.08
2020-12-07 13:28:00,1607347680.0,3.5151,3.5191,3.5134,3.5191,247.32
2020-12-07 13:29:00,1607347740.0,3.5194,3.52,3.5139,3.52,746.47
2020-12-07 13:30:00,1607347800.0,3.514,3.514,3.5133,3.5134,122.9
2020-12-07 13:31:00,1607347860.0,3.5135,3.5135,3.5101,3.5101,435.65
2020-12-07 13:32:00,1607347920.0,3.5101,3.5131,3.5083,3.5084,335.52
2020-12-07 13:33:00,1607347980.0,3.5084,3.5106,3.5054,3.5067,1024.45
2020-12-07 13:34:00,1607348040.0,3.5067,3.5137,3.5067,3.5071,389.64
2020-12-07 13:35:00,1607348100.0,3.5071,3.5071,3.5068,3.5068,515.24
2020-12-07 13:36:00,1607348160.0,3.5068,3.5091,3.5046,3.5047,212.35
2020-12-07 13:37:00,1607348220.0,3.5047,3.5086,3.5046,3.5046,220.72
2020-12-07 13:38:00,1607348280.0,3.5046,3.5046,3.501,3.501,363.38
2020-12-07 13:39:00,1607348340.0,3.501,3.5042,3.495,3.495,349.06
2020-12-07 13:40:00,1607348400.0,3.4951,3.4971,3.493,3.4931,146.14
2020-12-07 13:41:00,1607348460.0,3.4931,3.4931,3.4924,3.4931,150.63
2020-12-07 13:42:00,1607348520.0,3.4931,3.4931,3.4931,3.4931,20.1
2020-12-07 13:43:00,1607348580.0,3.4931,3.4931,3.4931,3.4931,88.33
2020-12-07 13:44:00,1607348640.0,3.4973,3.4973,3.4931,3.4931,51.44
2020-12-07 13:45:00,1607348700.0,3.4998,3.5004,3.4998,3.5004,169.21
2020-12-07 13:46:00,1607348760.0,3.5019,3.5023,3.4957,3.5016,158.52
2020-12-07 13:47:00,1607348820.0,3.5016,3.5016,3.5016,3.5016,0.0
2020-12-07 13:48:00,1607348880.0,3.5004,3.5004,3.5004,3.5004,110.79
2020-12-07 13:49:00,1607348940.0,3.5039,3.5039,3.5005,3.5007,777.07
2020-12-07 13:50:00,1607349000.0,3.5007,3.5007,3.5007,3.5007,66.47
2020-12-07 13:51:00,1607349060.0,3.5007,3.5007,3.5007,3.5007,0.0
2020-12-07 13:52:00,1607349120.0,3.5007,3.5038,3.5004,3.5004,165.14
2020-12-07 13:53:00,1607349180.0,3.5004,3.5004,3.5004,3.5004,28.0
2020-12-07 13:54:00,1607349240.0,3.5004,3.5004,3.5004,3.5004,0.0
2020-12-07 13:55:00,1607349300.0,3.5005,3.501,3.5004,3.501,554.82
2020-12-07 13:56:00,1607349360.0,3.501,3.5013,3.501,3.5013,1534.48
2020-12-07 13:57:00,1607349420.0,3.5012,3.5012,3.501,3.501,153.88
2020-12-07 13:58:00,1607349480.0,3.5011,3.5011,3.501,3.501,197.0
2020-12-07 13:59:00,1607349540.0,3.501,3.5018,3.5004,3.5005,253.56
2020-12-07 14:00:00,1607349600.0,3.5004,3.5017,3.5004,3.5017,90.06
2020-12-07 14:01:00,1607349660.0,3.5004,3.5004,3.4931,3.4934,703.21
2020-12-07 14:02:00,1607349720.0,3.4934,3.4934,3.4931,3.4933,177.07
2020-12-07 14:03:00,1607349780.0,3.4932,3.495,3.4849,3.4931,637.55
2020-12-07 14:04:00,1607349840.0,3.493,3.4933,3.493,3.493,1062.65
2020-12-07 14:05:00,1607349900.0,3.4976,3.4976,3.4976,3.4976,105.3
2020-12-07 14:06:00,1607349960.0,3.4933,3.4933,3.4932,3.4932,65.01
2020-12-07 14:07:00,1607350020.0,3.4967,3.4967,3.4967,3.4967,21.0
2020-12-07 14:08:00,1607350080.0,3.4967,3.497,3.4933,3.4933,77.2
2020-12-07 14:09:00,1607350140.0,3.4933,3.4933,3.4931,3.4931,247.22
2020-12-07 14:10:00,1607350200.0,3.493,3.493,3.493,3.493,240.85
2020-12-07 14:11:00,1607350260.0,3.493,3.493,3.4846,3.4846,236.26
2020-12-07 14:12:00,1607350320.0,3.4846,3.4846,3.4846,3.4846,0.0
2020-12-07 14:13:00,1607350380.0,3.489,3.489,3.4849,3.485,314.06
2020-12-07 14:14:00,1607350440.0,3.485,3.485,3.4849,3.4849,372.0
2020-12-07 14:15:00,1607350500.0,3.4878,3.4878,3.4878,3.4878,4.04
2020-12-07 14:16:00,1607350560.0,3.485,3.485,3.482,3.4821,144.65
2020-12-07 14:17:00,1607350620.0,3.4821,3.4821,3.4821,3.4821,0.0
2020-12-07 14:18:00,1607350680.0,3.4821,3.4821,3.4821,3.4821,0.0
2020-12-07 14:19:00,1607350740.0,3.4904,3.4906,3.4904,3.4906,90.09
2020-12-07 14:20:00,1607350800.0,3.4866,3.4866,3.4861,3.4861,449.99
2020-12-07 14:21:00,1607350860.0,3.4943,3.4969,3.4942,3.4969,320.33
2020-12-07 14:22:00,1607350920.0,3.497,3.5,3.4897,3.4897,65.95
2020-12-07 14:23:00,1607350980.0,3.4984,3.5,3.4925,3.496,1493.56
2020-12-07 14:24:00,1607351040.0,3.4968,3.4973,3.4968,3.497,251.0
2020-12-07 14:25:00,1607351100.0,3.497,3.5061,3.497,3.5,88.57
2020-12-07 14:26:00,1607351160.0,3.495,3.4991,3.4942,3.4991,164.4
2020-12-07 14:27:00,1607351220.0,3.4942,3.4942,3.4942,3.4942,11.57
2020-12-07 14:28:00,1607351280.0,3.4942,3.4942,3.4942,3.4942,0.0
2020-12-07 14:29:00,1607351340.0,3.5039,3.5043,3.5039,3.5043,53.0
2020-12-07 14:30:00,1607351400.0,3.5045,3.5084,3.5045,3.5084,168.4
2020-12-07 14:31:00,1607351460.0,3.5082,3.5082,3.5065,3.5065,19.59
2020-12-07 14:32:00,1607351520.0,3.5065,3.5065,3.5065,3.5065,0.0
2020-12-07 14:33:00,1607351580.0,3.4998,3.4998,3.4997,3.4997,61.1
2020-12-07 14:34:00,1607351640.0,3.5029,3.5047,3.5029,3.5047,98.52
2020-12-07 14:35:00,1607351700.0,3.5047,3.5047,3.5047,3.5047,0.0
2020-12-07 14:36:00,1607351760.0,3.5035,3.5038,3.5035,3.5038,84.74
2020-12-07 14:37:00,1607351820.0,3.5,3.5,3.4998,3.4998,1346.2
2020-12-07 14:38:00,1607351880.0,3.4998,3.4998,3.4821,3.4821,4626.09
2020-12-07 14:39:00,1607351940.0,3.4842,3.4883,3.4755,3.4854,1828.83
2020-12-07 14:40:00,1607352000.0,3.4835,3.4857,3.4756,3.4844,439.79
2020-12-07 14:41:00,1607352060.0,3.48,3.4871,3.48,3.4834,336.31
2020-12-07 14:42:00,1607352120.0,3.4834,3.4834,3.4834,3.4834,0.0
2020-12-07 14:43:00,1607352180.0,3.4811,3.4826,3.4811,3.4826,120.81
2020-12-07 14:44:00,1607352240.0,3.4799,3.4848,3.4799,3.4808,142.66
2020-12-07 14:45:00,1607352300.0,3.4755,3.4851,3.4752,3.4808,263.99
2020-12-07 14:46:00,1607352360.0,3.4797,3.4898,3.4797,3.4895,405.57
2020-12-07 14:47:00,1607352420.0,3.4895,3.4899,3.488,3.4899,596.62
2020-12-07 14:48:00,1607352480.0,3.4899,3.4899,3.4884,3.4884,338.24
2020-12-07 14:49:00,1607352540.0,3.4896,3.4897,3.4879,3.4896,211.81
2020-12-07 14:50:00,1607352600.0,3.4896,3.4896,3.4896,3.4896,0.0
2020-12-07 14:51:00,1607352660.0,3.4882,3.4882,3.4882,3.4882,83.73
2020-12-07 14:52:00,1607352720.0,3.4883,3.4899,3.4824,3.4824,1507.5
2020-12-07 14:53:00,1607352780.0,3.4824,3.4882,3.482,3.4882,139.47
2020-12-07 14:54:00,1607352840.0,3.4898,3.4898,3.4816,3.4882,49.15
2020-12-07 14:55:00,1607352900.0,3.4882,3.4882,3.4882,3.4882,0.0
2020-12-07 14:56:00,1607352960.0,3.4893,3.4897,3.4893,3.4897,39.81
2020-12-07 14:57:00,1607353020.0,3.4899,3.4899,3.4899,3.4899,17.19
2020-12-07 14:58:00,1607353080.0,3.4899,3.4899,3.4899,3.4899,0.0
2020-12-07 14:59:00,1607353140.0,3.4899,3.4899,3.4899,3.4899,0.0
2020-12-07 15:00:00,1607353200.0,3.4899,3.4899,3.4899,3.4899,0.0
2020-12-07 15:01:00,1607353260.0,3.4872,3.489,3.4872,3.4882,209.22
2020-12-07 15:02:00,1607353320.0,3.489,3.4893,3.4807,3.4874,306.25
2020-12-07 15:03:00,1607353380.0,3.4894,3.4894,3.4894,3.4894,9.89
2020-12-07 15:04:00,1607353440.0,3.4894,3.4894,3.4894,3.4894,0.0
2020-12-07 15:05:00,1607353500.0,3.4896,3.4896,3.4896,3.4896,9.22
2020-12-07 15:06:00,1607353560.0,3.4806,3.4806,3.4802,3.4802,134.15
2020-12-07 15:07:00,1607353620.0,3.486,3.4874,3.486,3.4874,12.43
2020-12-07 15:08:00,1607353680.0,3.4874,3.4874,3.4874,3.4874,0.0
2020-12-07 15:09:00,1607353740.0,3.485,3.485,3.4802,3.485,415.42
2020-12-07 15:10:00,1607353800.0,3.485,3.485,3.485,3.485,154.43
2020-12-07 15:11:00,1607353860.0,3.485,3.485,3.485,3.485,0.0
2020-12-07 15:12:00,1607353920.0,3.4842,3.4842,3.4805,3.4805,166.43
2020-12-07 15:13:00,1607353980.0,3.4805,3.4805,3.4805,3.4805,0.0
2020-12-07 15:14:00,1607354040.0,3.4849,3.4849,3.4849,3.4849,18.0
2020-12-07 15:15:00,1607354100.0,3.4804,3.4804,3.4803,3.4803,12.6
2020-12-07 15:16:00,1607354160.0,3.4803,3.4803,3.4803,3.4803,0.0
2020-12-07 15:17:00,1607354220.0,3.4844,3.4844,3.4844,3.4844,50.0
2020-12-07 15:18:00,1607354280.0,3.4847,3.4849,3.4847,3.4849,62.57
2020-12-07 15:19:00,1607354340.0,3.4849,3.4849,3.4849,3.4849,65.59
2020-12-07 15:20:00,1607354400.0,3.4849,3.4849,3.4849,3.4849,0.0
2020-12-07 15:21:00,1607354460.0,3.4849,3.4849,3.4849,3.4849,0.0
2020-12-07 15:22:00,1607354520.0,3.4848,3.4942,3.4848,3.4942,5543.97
2020-12-07 15:23:00,1607354580.0,3.4878,3.4878,3.4877,3.4877,11.82
2020-12-07 15:24:00,1607354640.0,3.4877,3.4877,3.4877,3.4877,0.0
2020-12-07 15:25:00,1607354700.0,3.4877,3.4877,3.4877,3.4877,0.0
2020-12-07 15:26:00,1607354760.0,3.4923,3.4923,3.4923,3.4923,2.86
2020-12-07 15:27:00,1607354820.0,3.4855,3.4922,3.4827,3.4922,931.62
2020-12-07 15:28:00,1607354880.0,3.4922,3.4922,3.4922,3.4922,0.0
2020-12-07 15:29:00,1607354940.0,3.4836,3.4919,3.4836,3.4839,518.5
2020-12-07 15:30:00,1607355000.0,3.4838,3.4891,3.4833,3.4891,404.91
2020-12-07 15:31:00,1607355060.0,3.4835,3.4835,3.4803,3.4803,711.39
2020-12-07 15:32:00,1607355120.0,3.4803,3.4803,3.4803,3.4803,0.0
2020-12-07 15:33:00,1607355180.0,3.485,3.485,3.485,3.485,33.0
2020-12-07 15:34:00,1607355240.0,3.485,3.485,3.485,3.485,0.0
2020-12-07 15:35:00,1607355300.0,3.4842,3.4842,3.4842,3.4842,5.01
2020-12-07 15:36:00,1607355360.0,3.4855,3.4858,3.4855,3.4858,149.68
2020-12-07 15:37:00,1607355420.0,3.4805,3.4805,3.4804,3.4804,132.91
2020-12-07 15:38:00,1607355480.0,3.4804,3.4804,3.4804,3.4804,0.0
2020-12-07 15:39:00,1607355540.0,3.4804,3.4804,3.4804,3.4804,0.0
2020-12-07 15:40:00,1607355600.0,3.4804,3.4804,3.4804,3.4804,0.0
2020-12-07 15:41:00,1607355660.0,3.4848,3.4848,3.4848,3.4848,27.0
2020-12-07 15:42:00,1607355720.0,3.4848,3.4848,3.4848,3.4848,0.0
2020-12-07 15:43:00,1607355780.0,3.4848,3.4848,3.4848,3.4848,0.0
2020-12-07 15:44:00,1607355840.0,3.4804,3.4804,3.4804,3.4804,250.86
2020-12-07 15:45:00,1607355900.0,3.4804,3.4804,3.4804,3.4804,0.0
2020-12-07 15:46:00,1607355960.0,3.4804,3.4804,3.48,3.4804,558.11
2020-12-07 15:47:00,1607356020.0,3.4801,3.4801,3.4801,3.4801,24.74
2020-12-07 15:48:00,1607356080.0,3.4801,3.4801,3.48,3.48,31.24
2020-12-07 15:49:00,1607356140.0,3.48,3.48,3.48,3.48,0.0
2020-12-07 15:50:00,1607356200.0,3.4803,3.4803,3.4803,3.4803,3.7
2020-12-07 15:51:00,1607356260.0,3.4803,3.4803,3.4803,3.4803,0.0
2020-12-07 15:52:00,1607356320.0,3.4803,3.4803,3.4803,3.4803,47.99
2020-12-07 15:53:00,1607356380.0,3.4803,3.4803,3.4803,3.4803,0.0
2020-12-07 15:54:00,1607356440.0,3.4801,3.4801,3.4801,3.4801,75.0
2020-12-07 15:55:00,1607356500.0,3.4801,3.4801,3.4801,3.4801,0.0
2020-12-07 15:56:00,1607356560.0,3.4801,3.4801,3.4801,3.4801,337.34
2020-12-07 15:57:00,1607356620.0,3.4804,3.4827,3.4802,3.4827,188.34
2020-12-07 15:58:00,1607356680.0,3.4837,3.4837,3.4836,3.4836,47.82
2020-12-07 15:59:00,1607356740.0,3.4807,3.4807,3.4802,3.4802,31.9
2020-12-07 16:00:00,1607356800.0,3.4802,3.4849,3.4801,3.4849,369.72
2020-12-07 16:01:00,1607356860.0,3.4877,3.488,3.4877,3.488,230.72
2020-12-07 16:02:00,1607356920.0,3.488,3.488,3.488,3.488,0.0
2020-12-07 16:03:00,1607356980.0,3.488,3.488,3.4801,3.4803,441.98
2020-12-07 16:04:00,1607357040.0,3.4812,3.4847,3.4801,3.4801,445.47
2020-12-07 16:05:00,1607357100.0,3.4801,3.4857,3.4801,3.4814,120.03
2020-12-07 16:06:00,1607357160.0,3.4819,3.4819,3.4818,3.4818,67.5
2020-12-07 16:07:00,1607357220.0,3.4805,3.4819,3.4805,3.4819,114.13
2020-12-07 16:08:00,1607357280.0,3.4823,3.4823,3.479,3.479,165.86
2020-12-07 16:09:00,1607357340.0,3.4801,3.4838,3.4801,3.4838,424.72
2020-12-07 16:10:00,1607357400.0,3.4867,3.4868,3.4867,3.4868,24.59
2020-12-07 16:11:00,1607357460.0,3.4868,3.4868,3.4868,3.4868,0.0
2020-12-07 16:12:00,1607357520.0,3.482,3.482,3.482,3.482,37.98
2020-12-07 16:13:00,1607357580.0,3.482,3.482,3.482,3.482,0.0
2020-12-07 16:14:00,1607357640.0,3.4868,3.4868,3.4868,3.4868,6.42
2020-12-07 16:15:00,1607357700.0,3.4868,3.4868,3.4868,3.4868,0.0
2020-12-07 16:16:00,1607357760.0,3.4868,3.4868,3.4868,3.4868,0.0
2020-12-07 16:17:00,1607357820.0,3.4868,3.4868,3.4868,3.4868,0.0
2020-12-07 16:18:00,1607357880.0,3.4835,3.4835,3.4835,3.4835,4.7
2020-12-07 16:19:00,1607357940.0,3.4836,3.4871,3.4836,3.4843,317.32
2020-12-07 16:20:00,1607358000.0,3.4833,3.4871,3.48,3.4871,493.24
2020-12-07 16:21:00,1607358060.0,3.4821,3.4821,3.4821,3.4821,5.8
2020-12-07 16:22:00,1607358120.0,3.487,3.487,3.4868,3.487,870.68
2020-12-07 16:23:00,1607358180.0,3.4871,3.4871,3.4871,3.4871,28.67
2020-12-07 16:24:00,1607358240.0,3.4871,3.4871,3.4868,3.4869,386.58
2020-12-07 16:25:00,1607358300.0,3.4868,3.4868,3.4802,3.4802,313.0
2020-12-07 16:26:00,1607358360.0,3.4867,3.4867,3.4867,3.4867,20.7
2020-12-07 16:27:00,1607358420.0,3.4868,3.4868,3.4802,3.4802,22.62
2020-12-07 16:28:00,1607358480.0,3.4863,3.4866,3.4863,3.4866,92.46
2020-12-07 16:29:00,1607358540.0,3.4865,3.4871,3.4865,3.4871,83.3
2020-12-07 16:30:00,1607358600.0,3.4871,3.4871,3.4871,3.4871,3.45
2020-12-07 16:31:00,1607358660.0,3.4871,3.4871,3.4871,3.4871,0.0
2020-12-07 16:32:00,1607358720.0,3.4808,3.4809,3.4806,3.4806,35.31
2020-12-07 16:33:00,1607358780.0,3.4806,3.4806,3.4806,3.4806,8.22
2020-12-07 16:34:00,1607358840.0,3.4806,3.4806,3.4806,3.4806,0.0
2020-12-07 16:35:00,1607358900.0,3.4806,3.4806,3.4804,3.4804,359.42
2020-12-07 16:36:00,1607358960.0,3.478,3.4801,3.4766,3.4801,58.62
2020-12-07 16:37:00,1607359020.0,3.4801,3.4801,3.4801,3.4801,0.0
2020-12-07 16:38:00,1607359080.0,3.4767,3.4767,3.468,3.4745,1689.88
2020-12-07 16:39:00,1607359140.0,3.4745,3.4745,3.4683,3.4684,215.58
2020-12-07 16:40:00,1607359200.0,3.4684,3.4685,3.4595,3.4685,2072.71
2020-12-07 16:41:00,1607359260.0,3.4684,3.4685,3.4684,3.4685,77.99
2020-12-07 16:42:00,1607359320.0,3.4685,3.4761,3.4685,3.4757,354.29
2020-12-07 16:43:00,1607359380.0,3.4662,3.4662,3.4662,3.4662,5.82
2020-12-07 16:44:00,1607359440.0,3.4662,3.4662,3.4662,3.4662,0.0
2020-12-07 16:45:00,1607359500.0,3.4731,3.4731,3.4731,3.4731,25.96
2020-12-07 16:46:00,1607359560.0,3.4667,3.4752,3.4667,3.4752,54.18
2020-12-07 16:47:00,1607359620.0,3.4748,3.4752,3.4748,3.4752,98.09
2020-12-07 16:48:00,1607359680.0,3.4752,3.4752,3.4752,3.4752,0.0
2020-12-07 16:49:00,1607359740.0,3.4753,3.4787,3.4753,3.4787,100.0
2020-12-07 16:50:00,1607359800.0,3.4706,3.4706,3.4704,3.4704,103.2
2020-12-07 16:51:00,1607359860.0,3.4777,3.4784,3.474,3.4784,456.23
2020-12-07 16:52:00,1607359920.0,3.4784,3.4784,3.4747,3.4747,44.14
2020-12-07 16:53:00,1607359980.0,3.4783,3.4784,3.4783,3.4784,48.08
2020-12-07 16:54:00,1607360040.0,3.4784,3.4784,3.4784,3.4784,553.03
2020-12-07 16:55:00,1607360100.0,3.4784,3.4784,3.4784,3.4784,1241.0
2020-12-07 16:56:00,1607360160.0,3.478,3.478,3.478,3.478,398.02
2020-12-07 16:57:00,1607360220.0,3.4778,3.4779,3.4721,3.477,625.31
2020-12-07 16:58:00,1607360280.0,3.4724,3.477,3.4724,3.477,89.23
2020-12-07 16:59:00,1607360340.0,3.477,3.477,3.477,3.477,0.0
2020-12-07 17:00:00,1607360400.0,3.477,3.477,3.477,3.477,0.0
2020-12-07 17:01:00,1607360460.0,3.477,3.477,3.473,3.473,53.14
2020-12-07 17:02:00,1607360520.0,3.473,3.4773,3.473,3.4773,100.69
2020-12-07 17:03:00,1607360580.0,3.4766,3.478,3.4766,3.478,141.06
2020-12-07 17:04:00,1607360640.0,3.477,3.477,3.475,3.475,103.57
2020-12-07 17:05:00,1607360700.0,3.475,3.475,3.475,3.475,53.43
2020-12-07 17:06:00,1607360760.0,3.475,3.475,3.475,3.475,0.0
2020-12-07 17:07:00,1607360820.0,3.475,3.475,3.475,3.475,0.0
2020-12-07 17:08:00,1607360880.0,3.475,3.4792,3.475,3.475,163.79
2020-12-07 17:09:00,1607360940.0,3.475,3.475,3.475,3.475,0.0
2020-12-07 17:10:00,1607361000.0,3.475,3.475,3.475,3.475,0.0
2020-12-07 17:11:00,1607361060.0,3.475,3.475,3.475,3.475,0.0
2020-12-07 17:12:00,1607361120.0,3.479,3.479,3.475,3.475,81.0
2020-12-07 17:13:00,1607361180.0,3.4789,3.479,3.4789,3.479,25.0
2020-12-07 17:14:00,1607361240.0,3.4754,3.4754,3.47,3.47,2676.1
2020-12-07 17:15:00,1607361300.0,3.4772,3.4772,3.4772,3.4772,17.18
2020-12-07 17:16:00,1607361360.0,3.4772,3.4772,3.4772,3.4772,0.0
2020-12-07 17:17:00,1607361420.0,3.4772,3.4772,3.4772,3.4772,0.0
2020-12-07 17:18:00,1607361480.0,3.4773,3.4773,3.4771,3.4771,65.07
2020-12-07 17:19:00,1607361540.0,3.4764,3.4773,3.4764,3.4773,110.11
2020-12-07 17:20:00,1607361600.0,3.4773,3.4773,3.4773,3.4773,0.0
2020-12-07 17:21:00,1607361660.0,3.4733,3.4791,3.473,3.4791,274.27
2020-12-07 17:22:00,1607361720.0,3.4791,3.4791,3.4791,3.4791,0.0
2020-12-07 17:23:00,1607361780.0,3.478,3.478,3.478,3.478,25.01
2020-12-07 17:24:00,1607361840.0,3.4789,3.4792,3.4789,3.4792,396.22
2020-12-07 17:25:00,1607361900.0,3.4791,3.4791,3.4791,3.4791,8.44
2020-12-07 17:26:00,1607361960.0,3.4791,3.4791,3.4791,3.4791,0.0
2020-12-07 17:27:00,1607362020.0,3.4761,3.4761,3.4761,3.4761,22.9
2020-12-07 17:28:00,1607362080.0,3.4761,3.4761,3.4761,3.4761,0.0
2020-12-07 17:29:00,1607362140.0,3.4775,3.4775,3.4775,3.4775,100.0
2020-12-07 17:30:00,1607362200.0,3.4775,3.4775,3.4761,3.4761,667.65
2020-12-07 17:31:00,1607362260.0,3.4761,3.4787,3.4761,3.4761,117.39
2020-12-07 17:32:00,1607362320.0,3.4786,3.4786,3.4761,3.4761,538.87
2020-12-07 17:33:00,1607362380.0,3.4761,3.4779,3.4761,3.4761,178.81
2020-12-07 17:34:00,1607362440.0,3.4761,3.4777,3.4666,3.4666,182.87
2020-12-07 17:35:00,1607362500.0,3.4667,3.4695,3.4667,3.4671,103.9
2020-12-07 17:36:00,1607362560.0,3.4723,3.4724,3.4723,3.4724,57.19
2020-12-07 17:37:00,1607362620.0,3.4632,3.4723,3.46,3.4696,1094.48
2020-12-07 17:38:00,1607362680.0,3.4609,3.4684,3.4608,3.4684,208.94
2020-12-07 17:39:00,1607362740.0,3.4685,3.4685,3.4613,3.4682,709.02
2020-12-07 17:40:00,1607362800.0,3.4681,3.4681,3.4681,3.4681,6.0
2020-12-07 17:41:00,1607362860.0,3.4681,3.4681,3.4681,3.4681,0.0
2020-12-07 17:42:00,1607362920.0,3.4681,3.4681,3.4681,3.4681,56.03
2020-12-07 17:43:00,1607362980.0,3.4681,3.4682,3.4681,3.4682,77.08
2020-12-07 17:44:00,1607363040.0,3.4643,3.4643,3.4643,3.4643,20.0
2020-12-07 17:45:00,1607363100.0,3.4643,3.4643,3.4643,3.4643,0.0
2020-12-07 17:46:00,1607363160.0,3.4643,3.4643,3.4643,3.4643,0.0
2020-12-07 17:47:00,1607363220.0,3.4679,3.4679,3.4679,3.4679,3.93
2020-12-07 17:48:00,1607363280.0,3.4679,3.4687,3.4679,3.4687,242.05
2020-12-07 17:49:00,1607363340.0,3.4718,3.4719,3.4718,3.4718,110.23
2020-12-07 17:50:00,1607363400.0,3.4718,3.4742,3.4718,3.4742,174.12
2020-12-07 17:51:00,1607363460.0,3.4741,3.48,3.4741,3.48,232.32
2020-12-07 17:52:00,1607363520.0,3.48,3.48,3.48,3.48,0.0
2020-12-07 17:53:00,1607363580.0,3.4798,3.48,3.4798,3.48,269.48
2020-12-07 17:54:00,1607363640.0,3.4807,3.4807,3.4807,3.4807,75.0
2020-12-07 17:55:00,1607363700.0,3.48,3.48,3.48,3.48,36.19
2020-12-07 17:56:00,1607363760.0,3.4808,3.4808,3.4808,3.4808,58.4
2020-12-07 17:57:00,1607363820.0,3.4855,3.4855,3.4855,3.4855,3.46
2020-12-07 17:58:00,1607363880.0,3.4855,3.4855,3.4855,3.4855,0.0
2020-12-07 17:59:00,1607363940.0,3.4748,3.4748,3.4743,3.4743,126.7
2020-12-07 18:00:00,1607364000.0,3.4743,3.4743,3.4742,3.4742,80.36
2020-12-07 18:01:00,1607364060.0,3.4791,3.4791,3.4791,3.4791,114.97
2020-12-07 18:02:00,1607364120.0,3.4742,3.4742,3.4742,3.4742,31.02
2020-12-07 18:03:00,1607364180.0,3.4742,3.4742,3.4742,3.4742,137.52
2020-12-07 18:04:00,1607364240.0,3.4742,3.4742,3.4716,3.4716,126.07
2020-12-07 18:05:00,1607364300.0,3.4723,3.4723,3.4712,3.4712,132.34
2020-12-07 18:06:00,1607364360.0,3.4713,3.473,3.4649,3.4656,366.08
2020-12-07 18:07:00,1607364420.0,3.4722,3.4722,3.4669,3.4669,50.71
2020-12-07 18:08:00,1607364480.0,3.4651,3.4651,3.4651,3.4651,100.0
2020-12-07 18:09:00,1607364540.0,3.465,3.4689,3.465,3.4651,513.43
2020-12-07 18:10:00,1607364600.0,3.4651,3.4657,3.4651,3.4656,150.39
2020-12-07 18:11:00,1607364660.0,3.4651,3.4651,3.465,3.465,146.94
2020-12-07 18:12:00,1607364720.0,3.4651,3.4651,3.465,3.465,1044.24
2020-12-07 18:13:00,1607364780.0,3.468,3.468,3.4601,3.4647,491.79
2020-12-07 18:14:00,1607364840.0,3.4664,3.4667,3.4664,3.4665,125.72
2020-12-07 18:15:00,1607364900.0,3.4665,3.4667,3.4665,3.4667,459.06
2020-12-07 18:16:00,1607364960.0,3.4651,3.4651,3.4651,3.4651,10.86
2020-12-07 18:17:00,1607365020.0,3.4651,3.4651,3.4651,3.4651,0.0
2020-12-07 18:18:00,1607365080.0,3.4601,3.4639,3.4447,3.4487,3121.93
2020-12-07 18:19:00,1607365140.0,3.4431,3.4482,3.432,3.4419,2487.17
2020-12-07 18:20:00,1607365200.0,3.4423,3.4472,3.4422,3.4472,600.79
2020-12-07 18:21:00,1607365260.0,3.4414,3.4414,3.441,3.441,159.83
2020-12-07 18:22:00,1607365320.0,3.441,3.441,3.42,3.42,858.43
2020-12-07 18:23:00,1607365380.0,3.42,3.4264,3.4132,3.4132,1432.04
2020-12-07 18:24:00,1607365440.0,3.4167,3.4255,3.4167,3.42,551.16
2020-12-07 18:25:00,1607365500.0,3.42,3.4295,3.4166,3.4166,1521.69
2020-12-07 18:26:00,1607365560.0,3.4242,3.4287,3.4204,3.4211,147.27
2020-12-07 18:27:00,1607365620.0,3.4211,3.4211,3.4211,3.4211,0.0
2020-12-07 18:28:00,1607365680.0,3.4286,3.4287,3.4286,3.4287,82.78
2020-12-07 18:29:00,1607365740.0,3.4287,3.4384,3.4252,3.4252,471.77
2020-12-07 18:30:00,1607365800.0,3.4214,3.4214,3.421,3.421,206.71
2020-12-07 18:31:00,1607365860.0,3.4211,3.4262,3.42,3.4219,923.92
2020-12-07 18:32:00,1607365920.0,3.4187,3.4275,3.4187,3.4275,12.91
2020-12-07 18:33:00,1607365980.0,3.4271,3.4271,3.4178,3.4178,66.07
2020-12-07 18:34:00,1607366040.0,3.421,3.4259,3.4154,3.4213,264.24
2020-12-07 18:35:00,1607366100.0,3.4202,3.4202,3.42,3.4201,985.38
2020-12-07 18:36:00,1607366160.0,3.4199,3.4201,3.4199,3.4201,56.05
2020-12-07 18:37:00,1607366220.0,3.4201,3.43,3.4201,3.43,1327.49
2020-12-07 18:38:00,1607366280.0,3.4287,3.4287,3.4287,3.4287,7.77
2020-12-07 18:39:00,1607366340.0,3.4287,3.4287,3.4287,3.4287,6.58
2020-12-07 18:40:00,1607366400.0,3.4286,3.4286,3.419,3.4268,309.66
2020-12-07 18:41:00,1607366460.0,3.4139,3.414,3.4135,3.4137,501.49
2020-12-07 18:42:00,1607366520.0,3.4138,3.4199,3.4113,3.4127,1415.91
2020-12-07 18:43:00,1607366580.0,3.4127,3.4167,3.4115,3.4115,967.49
2020-12-07 18:44:00,1607366640.0,3.4118,3.4148,3.3984,3.3984,9889.92
2020-12-07 18:45:00,1607366700.0,3.3984,3.3984,3.3887,3.3887,783.73
2020-12-07 18:46:00,1607366760.0,3.3888,3.3888,3.3799,3.3803,1669.24
2020-12-07 18:47:00,1607366820.0,3.3813,3.3813,3.37,3.3702,2312.34
2020-12-07 18:48:00,1607366880.0,3.3702,3.3792,3.3652,3.3792,446.17
2020-12-07 18:49:00,1607366940.0,3.3791,3.3899,3.3791,3.3898,446.97
2020-12-07 18:50:00,1607367000.0,3.3856,3.3891,3.3855,3.3888,177.8
2020-12-07 18:51:00,1607367060.0,3.3886,3.3899,3.3736,3.3899,430.29
2020-12-07 18:52:00,1607367120.0,3.3899,3.399,3.3899,3.3985,1679.16
2020-12-07 18:53:00,1607367180.0,3.3986,3.3986,3.3869,3.3953,296.69
2020-12-07 18:54:00,1607367240.0,3.3916,3.3991,3.3865,3.3921,386.84
2020-12-07 18:55:00,1607367300.0,3.3926,3.3947,3.3907,3.3947,221.66
2020-12-07 18:56:00,1607367360.0,3.3947,3.3947,3.3892,3.393,55.87
2020-12-07 18:57:00,1607367420.0,3.39,3.3943,3.385,3.385,404.4
2020-12-07 18:58:00,1607367480.0,3.3919,3.3926,3.3919,3.3925,39.58
2020-12-07 18:59:00,1607367540.0,3.3925,3.3925,3.3925,3.3925,0.0
2020-12-07 19:00:00,1607367600.0,3.3868,3.3868,3.3801,3.3801,357.04
2020-12-07 19:01:00,1607367660.0,3.3869,3.387,3.3809,3.3859,89.75
2020-12-07 19:02:00,1607367720.0,3.3891,3.3891,3.3891,3.3891,83.78
2020-12-07 19:03:00,1607367780.0,3.395,3.398,3.395,3.398,100.2
2020-12-07 19:04:00,1607367840.0,3.4055,3.4055,3.3909,3.3909,102.97
2020-12-07 19:05:00,1607367900.0,3.3998,3.3998,3.3998,3.3998,15.0
2020-12-07 19:06:00,1607367960.0,3.3983,3.3983,3.3887,3.3887,124.44
2020-12-07 19:07:00,1607368020.0,3.3909,3.3909,3.3888,3.3889,210.6
2020-12-07 19:08:00,1607368080.0,3.3883,3.3948,3.3866,3.3866,159.45
2020-12-07 19:09:00,1607368140.0,3.3948,3.3962,3.3948,3.3948,204.98
2020-12-07 19:10:00,1607368200.0,3.3948,3.3948,3.3948,3.3948,0.0
2020-12-07 19:11:00,1607368260.0,3.396,3.396,3.396,3.396,29.87
2020-12-07 19:12:00,1607368320.0,3.3853,3.3853,3.3846,3.3846,543.57
2020-12-07 19:13:00,1607368380.0,3.3838,3.3849,3.3791,3.3811,180.23
2020-12-07 19:14:00,1607368440.0,3.381,3.3848,3.381,3.3848,911.1
2020-12-07 19:15:00,1607368500.0,3.3808,3.3809,3.3791,3.3793,226.84
2020-12-07 19:16:00,1607368560.0,3.3793,3.3804,3.379,3.379,331.12
2020-12-07 19:17:00,1607368620.0,3.3779,3.38,3.3753,3.3753,231.74
2020-12-07 19:18:00,1607368680.0,3.3798,3.3799,3.3798,3.3799,13.0
2020-12-07 19:19:00,1607368740.0,3.3754,3.3804,3.3744,3.3804,297.82
2020-12-07 19:20:00,1607368800.0,3.3802,3.3802,3.38,3.38,53.57
2020-12-07 19:21:00,1607368860.0,3.38,3.3809,3.3757,3.3759,252.2
2020-12-07 19:22:00,1607368920.0,3.3761,3.3858,3.3761,3.3858,95.26
2020-12-07 19:23:00,1607368980.0,3.3858,3.3858,3.3858,3.3858,0.0
2020-12-07 19:24:00,1607369040.0,3.3863,3.3895,3.3863,3.3895,94.95
2020-12-07 19:25:00,1607369100.0,3.3894,3.3895,3.389,3.389,191.77
2020-12-07 19:26:00,1607369160.0,3.3829,3.3829,3.365,3.3688,1405.26
2020-12-07 19:27:00,1607369220.0,3.372,3.3789,3.3696,3.3696,138.95
2020-12-07 19:28:00,1607369280.0,3.3758,3.3838,3.372,3.3838,627.24
2020-12-07 19:29:00,1607369340.0,3.3855,3.4,3.3821,3.4,1202.54
2020-12-07 19:30:00,1607369400.0,3.4,3.4024,3.3951,3.3951,498.42
2020-12-07 19:31:00,1607369460.0,3.3879,3.3996,3.3879,3.3988,547.55
2020-12-07 19:32:00,1607369520.0,3.3976,3.4057,3.3942,3.4057,546.79
2020-12-07 19:33:00,1607369580.0,3.4061,3.4061,3.3948,3.3954,441.72
2020-12-07 19:34:00,1607369640.0,3.3924,3.3992,3.3901,3.3905,353.76
2020-12-07 19:35:00,1607369700.0,3.3901,3.3916,3.3841,3.3842,963.11
2020-12-07 19:36:00,1607369760.0,3.3842,3.3891,3.378,3.3805,1443.72
2020-12-07 19:37:00,1607369820.0,3.3805,3.3805,3.378,3.378,1476.76
2020-12-07 19:38:00,1607369880.0,3.3762,3.38,3.3718,3.378,1692.79
2020-12-07 19:39:00,1607369940.0,3.3768,3.3768,3.3712,3.372,315.72
2020-12-07 19:40:00,1607370000.0,3.3712,3.3712,3.3698,3.3698,33.92
2020-12-07 19:41:00,1607370060.0,3.3688,3.3757,3.3681,3.3757,287.06
2020-12-07 19:42:00,1607370120.0,3.3699,3.3699,3.3698,3.3698,117.36
2020-12-07 19:43:00,1607370180.0,3.3699,3.3699,3.3699,3.3699,122.01
2020-12-07 19:44:00,1607370240.0,3.3699,3.3699,3.3698,3.3699,160.16
2020-12-07 19:45:00,1607370300.0,3.3699,3.3699,3.3698,3.3698,279.62
2020-12-07 19:46:00,1607370360.0,3.3698,3.3698,3.3698,3.3698,78.24
2020-12-07 19:47:00,1607370420.0,3.3698,3.3699,3.3698,3.3699,115.13
2020-12-07 19:48:00,1607370480.0,3.371,3.371,3.3698,3.3699,830.74
2020-12-07 19:49:00,1607370540.0,3.3699,3.3699,3.3652,3.3653,1298.55
2020-12-07 19:50:00,1607370600.0,3.3653,3.3654,3.36,3.36,630.68
2020-12-07 19:51:00,1607370660.0,3.36,3.36,3.36,3.36,0.0
2020-12-07 19:52:00,1607370720.0,3.3673,3.3685,3.3615,3.3615,382.27
2020-12-07 19:53:00,1607370780.0,3.3615,3.3698,3.3615,3.3697,120.83
2020-12-07 19:54:00,1607370840.0,3.37,3.37,3.3646,3.3646,107.74
2020-12-07 19:55:00,1607370900.0,3.3692,3.3699,3.3692,3.3698,29.02
2020-12-07 19:56:00,1607370960.0,3.3699,3.37,3.3699,3.3699,92.31
2020-12-07 19:57:00,1607371020.0,3.3665,3.3665,3.3662,3.3662,76.0
2020-12-07 19:58:00,1607371080.0,3.3662,3.3663,3.3616,3.3616,153.61
2020-12-07 19:59:00,1607371140.0,3.3616,3.3671,3.3605,3.3671,108.87
2020-12-07 20:00:00,1607371200.0,3.36,3.36,3.3,3.3467,22441.25
2020-12-07 20:01:00,1607371260.0,3.347,3.3486,3.347,3.3486,106.48
2020-12-07 20:02:00,1607371320.0,3.3472,3.3472,3.3366,3.3366,905.92
2020-12-07 20:03:00,1607371380.0,3.3426,3.3426,3.3172,3.3357,3055.31
2020-12-07 20:04:00,1607371440.0,3.3355,3.3394,3.3273,3.3273,1227.73
2020-12-07 20:05:00,1607371500.0,3.3318,3.3318,3.3317,3.3317,99.67
2020-12-07 20:06:00,1607371560.0,3.3317,3.3363,3.3146,3.3353,4114.0
2020-12-07 20:07:00,1607371620.0,3.3354,3.3357,3.3322,3.3351,639.54
2020-12-07 20:08:00,1607371680.0,3.3333,3.3357,3.332,3.3324,469.29
2020-12-07 20:09:00,1607371740.0,3.3333,3.3357,3.3333,3.3357,327.98
2020-12-07 20:10:00,1607371800.0,3.3356,3.3357,3.33,3.3357,498.0
2020-12-07 20:11:00,1607371860.0,3.3357,3.3357,3.3339,3.3356,235.14
2020-12-07 20:12:00,1607371920.0,3.3357,3.338,3.3357,3.338,478.19
2020-12-07 20:13:00,1607371980.0,3.338,3.3418,3.338,3.3418,599.71
2020-12-07 20:14:00,1607372040.0,3.3419,3.3433,3.3413,3.3432,476.96
2020-12-07 20:15:00,1607372100.0,3.3432,3.3435,3.3428,3.3435,226.45
2020-12-07 20:16:00,1607372160.0,3.3435,3.3488,3.3435,3.3472,358.31
2020-12-07 20:17:00,1607372220.0,3.3461,3.3472,3.3461,3.3472,855.52
2020-12-07 20:18:00,1607372280.0,3.35,3.3507,3.35,3.3507,97.0
2020-12-07 20:19:00,1607372340.0,3.3528,3.353,3.35,3.35,289.06
2020-12-07 20:20:00,1607372400.0,3.3523,3.3585,3.3523,3.3585,178.53
2020-12-07 20:21:00,1607372460.0,3.3563,3.3607,3.3563,3.3607,1004.47
2020-12-07 20:22:00,1607372520.0,3.359,3.3601,3.359,3.36,265.43
2020-12-07 20:23:00,1607372580.0,3.36,3.3644,3.3544,3.3644,39.12
2020-12-07 20:24:00,1607372640.0,3.362,3.362,3.362,3.362,5.14
2020-12-07 20:25:00,1607372700.0,3.3651,3.3651,3.3651,3.3651,5.02
2020-12-07 20:26:00,1607372760.0,3.3593,3.3593,3.3593,3.3593,42.93
2020-12-07 20:27:00,1607372820.0,3.3586,3.3586,3.3586,3.3586,7.95
2020-12-07 20:28:00,1607372880.0,3.3587,3.3651,3.3586,3.3651,274.52
2020-12-07 20:29:00,1607372940.0,3.3651,3.3651,3.3584,3.3584,218.98
2020-12-07 20:30:00,1607373000.0,3.3584,3.3789,3.358,3.3597,4156.66
2020-12-07 20:31:00,1607373060.0,3.3589,3.3598,3.3588,3.3598,156.89
2020-12-07 20:32:00,1607373120.0,3.36,3.3605,3.3587,3.359,116.09
2020-12-07 20:33:00,1607373180.0,3.365,3.365,3.3592,3.3605,116.15
2020-12-07 20:34:00,1607373240.0,3.3609,3.3648,3.3603,3.3648,92.16
2020-12-07 20:35:00,1607373300.0,3.3602,3.3602,3.359,3.3591,459.3
2020-12-07 20:36:00,1607373360.0,3.3591,3.363,3.3584,3.3585,188.73
2020-12-07 20:37:00,1607373420.0,3.3584,3.3644,3.3584,3.359,245.56
2020-12-07 20:38:00,1607373480.0,3.3594,3.3594,3.3562,3.3562,94.01
2020-12-07 20:39:00,1607373540.0,3.36,3.3643,3.36,3.3643,23.51
2020-12-07 20:40:00,1607373600.0,3.3555,3.3555,3.3527,3.3527,74.1
2020-12-07 20:41:00,1607373660.0,3.3599,3.3599,3.355,3.355,298.84
2020-12-07 20:42:00,1607373720.0,3.3583,3.3583,3.348,3.348,92.55
2020-12-07 20:43:00,1607373780.0,3.3462,3.3569,3.345,3.3568,586.49
2020-12-07 20:44:00,1607373840.0,3.3599,3.36,3.3548,3.3548,169.83
2020-12-07 20:45:00,1607373900.0,3.3539,3.3539,3.349,3.349,83.0
2020-12-07 20:46:00,1607373960.0,3.3501,3.3569,3.3483,3.3569,253.82
2020-12-07 20:47:00,1607374020.0,3.3502,3.3502,3.3482,3.3482,85.55
2020-12-07 20:48:00,1607374080.0,3.3486,3.3565,3.3485,3.3565,236.87
2020-12-07 20:49:00,1607374140.0,3.3493,3.3493,3.349,3.349,24.95
2020-12-07 20:50:00,1607374200.0,3.349,3.349,3.349,3.349,0.0
2020-12-07 20:51:00,1607374260.0,3.349,3.349,3.349,3.349,0.0
2020-12-07 20:52:00,1607374320.0,3.3565,3.3565,3.3487,3.3487,78.14
2020-12-07 20:53:00,1607374380.0,3.3487,3.3487,3.3487,3.3487,0.0
2020-12-07 20:54:00,1607374440.0,3.3489,3.3527,3.3485,3.3485,105.85
2020-12-07 20:55:00,1607374500.0,3.3486,3.3486,3.3486,3.3486,15.86
2020-12-07 20:56:00,1607374560.0,3.3485,3.3485,3.345,3.345,187.33
2020-12-07 20:57:00,1607374620.0,3.3499,3.3544,3.3498,3.3544,499.81
2020-12-07 20:58:00,1607374680.0,3.3551,3.3551,3.3455,3.3455,1696.64
2020-12-07 20:59:00,1607374740.0,3.3565,3.3587,3.3565,3.3571,54.38
2020-12-07 21:00:00,1607374800.0,3.3476,3.3569,3.3476,3.3569,14.99
2020-12-07 21:01:00,1607374860.0,3.3536,3.3544,3.3475,3.3475,150.58
2020-12-07 21:02:00,1607374920.0,3.3485,3.3536,3.3451,3.3536,69.72
2020-12-07 21:03:00,1607374980.0,3.3499,3.35,3.3428,3.3428,142.72
2020-12-07 21:04:00,1607375040.0,3.344,3.3497,3.3439,3.3497,62.82
2020-12-07 21:05:00,1607375100.0,3.3474,3.3474,3.3417,3.3417,123.57
2020-12-07 21:06:00,1607375160.0,3.3491,3.3491,3.3491,3.3491,9.8
2020-12-07 21:07:00,1607375220.0,3.3401,3.3493,3.3401,3.3493,11.03
2020-12-07 21:08:00,1607375280.0,3.3493,3.3493,3.345,3.345,158.95
2020-12-07 21:09:00,1607375340.0,3.345,3.3493,3.345,3.3493,40.64
2020-12-07 21:10:00,1607375400.0,3.3492,3.3492,3.3473,3.3473,93.0
2020-12-07 21:11:00,1607375460.0,3.3492,3.3499,3.3492,3.3499,38.59
2020-12-07 21:12:00,1607375520.0,3.3499,3.3499,3.3499,3.3499,23.21
2020-12-07 21:13:00,1607375580.0,3.349,3.349,3.345,3.345,96.0
2020-12-07 21:14:00,1607375640.0,3.3499,3.3499,3.3452,3.3499,47.98
2020-12-07 21:15:00,1607375700.0,3.3499,3.3499,3.345,3.345,197.73
2020-12-07 21:16:00,1607375760.0,3.345,3.345,3.345,3.345,50.22
2020-12-07 21:17:00,1607375820.0,3.346,3.346,3.346,3.346,97.48
2020-12-07 21:18:00,1607375880.0,3.3498,3.3499,3.345,3.345,402.31
2020-12-07 21:19:00,1607375940.0,3.3498,3.3499,3.3498,3.3499,103.7
2020-12-07 21:20:00,1607376000.0,3.3499,3.3499,3.3499,3.3499,18.8
2020-12-07 21:21:00,1607376060.0,3.3499,3.3499,3.3499,3.3499,525.35
2020-12-07 21:22:00,1607376120.0,3.3499,3.3499,3.3499,3.3499,225.22
2020-12-07 21:23:00,1607376180.0,3.3499,3.3499,3.3498,3.3499,177.71
2020-12-07 21:24:00,1607376240.0,3.3499,3.3499,3.3499,3.3499,157.0
2020-12-07 21:25:00,1607376300.0,3.3499,3.3499,3.3499,3.3499,132.0
2020-12-07 21:26:00,1607376360.0,3.3499,3.3499,3.3469,3.3499,256.08
2020-12-07 21:27:00,1607376420.0,3.3499,3.3499,3.345,3.3452,302.64
2020-12-07 21:28:00,1607376480.0,3.3497,3.3497,3.3497,3.3497,64.6
2020-12-07 21:29:00,1607376540.0,3.3474,3.3474,3.3465,3.3465,23.91
2020-12-07 21:30:00,1607376600.0,3.3472,3.3497,3.3472,3.3497,227.21
2020-12-07 21:31:00,1607376660.0,3.3456,3.3456,3.3455,3.3455,48.3
2020-12-07 21:32:00,1607376720.0,3.3455,3.3455,3.3455,3.3455,0.0
2020-12-07 21:33:00,1607376780.0,3.3492,3.3492,3.3492,3.3492,5.6
2020-12-07 21:34:00,1607376840.0,3.3495,3.3495,3.349,3.3495,504.97
2020-12-07 21:35:00,1607376900.0,3.3495,3.3495,3.3495,3.3495,0.0
2020-12-07 21:36:00,1607376960.0,3.3498,3.3498,3.3495,3.3495,88.91
2020-12-07 21:37:00,1607377020.0,3.3495,3.3495,3.3495,3.3495,0.0
2020-12-07 21:38:00,1607377080.0,3.3498,3.3499,3.3498,3.3499,1318.48
2020-12-07 21:39:00,1607377140.0,3.3499,3.3548,3.3499,3.3545,5157.69
2020-12-07 21:40:00,1607377200.0,3.3545,3.3558,3.3459,3.35,4277.76
2020-12-07 21:41:00,1607377260.0,3.3532,3.3542,3.3481,3.3541,821.52
2020-12-07 21:42:00,1607377320.0,3.3541,3.357,3.3541,3.357,321.04
2020-12-07 21:43:00,1607377380.0,3.3515,3.3588,3.3515,3.3587,454.92
2020-12-07 21:44:00,1607377440.0,3.3586,3.3627,3.3543,3.3618,1413.93
2020-12-07 21:45:00,1607377500.0,3.3615,3.3618,3.3606,3.3606,102.49
2020-12-07 21:46:00,1607377560.0,3.3606,3.3643,3.3563,3.3606,703.75
2020-12-07 21:47:00,1607377620.0,3.3625,3.3625,3.356,3.356,879.21
2020-12-07 21:48:00,1607377680.0,3.3629,3.3629,3.3562,3.3598,179.06
2020-12-07 21:49:00,1607377740.0,3.3596,3.3596,3.3596,3.3596,8.26
2020-12-07 21:50:00,1607377800.0,3.3552,3.3553,3.3552,3.3552,834.48
2020-12-07 21:51:00,1607377860.0,3.3552,3.3682,3.3552,3.3682,2687.4
2020-12-07 21:52:00,1607377920.0,3.3678,3.3678,3.3559,3.3603,515.66
2020-12-07 21:53:00,1607377980.0,3.3601,3.3647,3.36,3.3601,370.22
2020-12-07 21:54:00,1607378040.0,3.36,3.36,3.36,3.36,178.99
2020-12-07 21:55:00,1607378100.0,3.36,3.36,3.36,3.36,160.16
2020-12-07 21:56:00,1607378160.0,3.36,3.3622,3.36,3.361,288.7
2020-12-07 21:57:00,1607378220.0,3.361,3.3619,3.3601,3.3601,572.65
2020-12-07 21:58:00,1607378280.0,3.3614,3.3615,3.3614,3.3615,171.9
2020-12-07 21:59:00,1607378340.0,3.3611,3.3611,3.3556,3.3609,381.34
2020-12-07 22:00:00,1607378400.0,3.3598,3.36,3.3555,3.3555,110.0
2020-12-07 22:01:00,1607378460.0,3.3611,3.3624,3.3611,3.3624,48.66
2020-12-07 22:02:00,1607378520.0,3.3624,3.3624,3.3624,3.3624,11.92
2020-12-07 22:03:00,1607378580.0,3.3626,3.3626,3.3576,3.3578,466.76
2020-12-07 22:04:00,1607378640.0,3.3598,3.3598,3.358,3.3585,189.6
2020-12-07 22:05:00,1607378700.0,3.3591,3.3627,3.3591,3.36,116.23
2020-12-07 22:06:00,1607378760.0,3.36,3.361,3.36,3.361,85.62
2020-12-07 22:07:00,1607378820.0,3.3643,3.3643,3.3624,3.3624,89.42
2020-12-07 22:08:00,1607378880.0,3.3624,3.3624,3.3624,3.3624,340.67
2020-12-07 22:09:00,1607378940.0,3.3644,3.3646,3.3624,3.3624,502.06
2020-12-07 22:10:00,1607379000.0,3.3646,3.3646,3.3601,3.3601,218.45
2020-12-07 22:11:00,1607379060.0,3.3601,3.3601,3.3601,3.3601,0.0
2020-12-07 22:12:00,1607379120.0,3.3601,3.3601,3.3601,3.3601,0.0
2020-12-07 22:13:00,1607379180.0,3.3644,3.3649,3.3644,3.3649,148.98
2020-12-07 22:14:00,1607379240.0,3.3646,3.3647,3.3646,3.3647,8.49
2020-12-07 22:15:00,1607379300.0,3.3653,3.3657,3.365,3.365,325.66
2020-12-07 22:16:00,1607379360.0,3.365,3.365,3.365,3.365,250.0
2020-12-07 22:17:00,1607379420.0,3.365,3.3684,3.365,3.365,123.77
2020-12-07 22:18:00,1607379480.0,3.3696,3.37,3.3652,3.3652,132.0
2020-12-07 22:19:00,1607379540.0,3.3699,3.37,3.3699,3.37,68.0
2020-12-07 22:20:00,1607379600.0,3.3699,3.37,3.3601,3.3601,544.25
2020-12-07 22:21:00,1607379660.0,3.366,3.3684,3.366,3.366,324.06
2020-12-07 22:22:00,1607379720.0,3.366,3.3699,3.366,3.3699,134.0
2020-12-07 22:23:00,1607379780.0,3.3699,3.3699,3.3663,3.3663,111.41
2020-12-07 22:24:00,1607379840.0,3.3664,3.3712,3.366,3.3712,442.57
2020-12-07 22:25:00,1607379900.0,3.3712,3.3832,3.3668,3.37,2449.6
2020-12-07 22:26:00,1607379960.0,3.375,3.375,3.375,3.375,2.96
2020-12-07 22:27:00,1607380020.0,3.3741,3.3742,3.3741,3.3741,40.51
2020-12-07 22:28:00,1607380080.0,3.3741,3.3741,3.3702,3.3702,179.26
2020-12-07 22:29:00,1607380140.0,3.3701,3.3701,3.3602,3.3602,896.65
2020-12-07 22:30:00,1607380200.0,3.3602,3.3659,3.3583,3.3583,277.44
2020-12-07 22:31:00,1607380260.0,3.3583,3.3583,3.3562,3.3562,144.03
2020-12-07 22:32:00,1607380320.0,3.3603,3.3603,3.3543,3.3599,218.55
2020-12-07 22:33:00,1607380380.0,3.36,3.3718,3.36,3.3697,1739.46
2020-12-07 22:34:00,1607380440.0,3.3705,3.374,3.3698,3.374,170.35
2020-12-07 22:35:00,1607380500.0,3.374,3.374,3.374,3.374,0.0
2020-12-07 22:36:00,1607380560.0,3.3725,3.3725,3.3725,3.3725,29.65
2020-12-07 22:37:00,1607380620.0,3.3725,3.3725,3.3725,3.3725,0.0
2020-12-07 22:38:00,1607380680.0,3.3725,3.3731,3.3725,3.3731,47.55
2020-12-07 22:39:00,1607380740.0,3.3732,3.3735,3.372,3.372,157.85
2020-12-07 22:40:00,1607380800.0,3.3737,3.3737,3.3737,3.3737,70.51
2020-12-07 22:41:00,1607380860.0,3.373,3.3733,3.373,3.373,556.13
2020-12-07 22:42:00,1607380920.0,3.373,3.373,3.3708,3.3727,413.0
2020-12-07 22:43:00,1607380980.0,3.3708,3.3708,3.3601,3.3602,1027.51
2020-12-07 22:44:00,1607381040.0,3.3694,3.3783,3.3606,3.3783,3649.73
2020-12-07 22:45:00,1607381100.0,3.3783,3.3796,3.3783,3.3796,102.39
2020-12-07 22:46:00,1607381160.0,3.3794,3.3812,3.3794,3.3812,261.36
2020-12-07 22:47:00,1607381220.0,3.3829,3.3829,3.3813,3.3829,397.35
2020-12-07 22:48:00,1607381280.0,3.3813,3.3813,3.3783,3.3783,302.69
2020-12-07 22:49:00,1607381340.0,3.3794,3.3794,3.3783,3.3783,135.67
2020-12-07 22:50:00,1607381400.0,3.3783,3.3783,3.3783,3.3783,0.0
2020-12-07 22:51:00,1607381460.0,3.3783,3.3783,3.3783,3.3783,0.0
2020-12-07 22:52:00,1607381520.0,3.3783,3.3783,3.3783,3.3783,0.0
2020-12-07 22:53:00,1607381580.0,3.3821,3.385,3.3821,3.385,205.12
2020-12-07 22:54:00,1607381640.0,3.385,3.3861,3.385,3.3861,25.68
2020-12-07 22:55:00,1607381700.0,3.3792,3.3885,3.3792,3.3812,209.86
2020-12-07 22:56:00,1607381760.0,3.3884,3.389,3.3884,3.389,115.48
2020-12-07 22:57:00,1607381820.0,3.389,3.389,3.383,3.386,164.16
2020-12-07 22:58:00,1607381880.0,3.3833,3.3921,3.383,3.383,1112.91
2020-12-07 22:59:00,1607381940.0,3.3919,3.3921,3.3919,3.3921,553.88
2020-12-07 23:00:00,1607382000.0,3.3897,3.3897,3.3807,3.3807,677.48
2020-12-07 23:01:00,1607382060.0,3.3796,3.3796,3.3781,3.3781,605.44
2020-12-07 23:02:00,1607382120.0,3.3781,3.3837,3.377,3.3837,57.04
2020-12-07 23:03:00,1607382180.0,3.3836,3.3836,3.3836,3.3836,8.91
2020-12-07 23:04:00,1607382240.0,3.3835,3.3835,3.3801,3.3801,66.28
2020-12-07 23:05:00,1607382300.0,3.3801,3.3801,3.3801,3.3801,0.0
2020-12-07 23:06:00,1607382360.0,3.38,3.38,3.3774,3.3774,255.3
2020-12-07 23:07:00,1607382420.0,3.3776,3.3832,3.3774,3.3775,449.56
2020-12-07 23:08:00,1607382480.0,3.3775,3.3775,3.3775,3.3775,0.0
2020-12-07 23:09:00,1607382540.0,3.3773,3.3773,3.3773,3.3773,15.0
2020-12-07 23:10:00,1607382600.0,3.3773,3.3773,3.3773,3.3773,100.0
2020-12-07 23:11:00,1607382660.0,3.3773,3.3773,3.3773,3.3773,0.0
2020-12-07 23:12:00,1607382720.0,3.3773,3.3773,3.3725,3.3725,100.0
2020-12-07 23:13:00,1607382780.0,3.3794,3.3794,3.3794,3.3794,2.99
2020-12-07 23:14:00,1607382840.0,3.3727,3.3727,3.3717,3.3717,81.37
2020-12-07 23:15:00,1607382900.0,3.3785,3.3787,3.3785,3.3787,32.86
2020-12-07 23:16:00,1607382960.0,3.3787,3.3788,3.3699,3.3699,37.62
2020-12-07 23:17:00,1607383020.0,3.3788,3.3795,3.3713,3.3713,302.31
2020-12-07 23:18:00,1607383080.0,3.3791,3.3791,3.379,3.379,13.08
2020-12-07 23:19:00,1607383140.0,3.3724,3.3724,3.37,3.37,241.48
2020-12-07 23:20:00,1607383200.0,3.3712,3.3712,3.37,3.37,34.84
2020-12-07 23:21:00,1607383260.0,3.37,3.37,3.37,3.37,0.0
2020-12-07 23:22:00,1607383320.0,3.3702,3.3702,3.37,3.37,299.77
2020-12-07 23:23:00,1607383380.0,3.3783,3.3783,3.3783,3.3783,326.15
2020-12-07 23:24:00,1607383440.0,3.3783,3.3791,3.3716,3.3791,27.97
2020-12-07 23:25:00,1607383500.0,3.3719,3.3719,3.3719,3.3719,10.11
2020-12-07 23:26:00,1607383560.0,3.379,3.379,3.379,3.379,8.87
2020-12-07 23:27:00,1607383620.0,3.379,3.379,3.379,3.379,0.0
2020-12-07 23:28:00,1607383680.0,3.379,3.379,3.379,3.379,8.13
2020-12-07 23:29:00,1607383740.0,3.379,3.3792,3.379,3.3792,140.4
2020-12-07 23:30:00,1607383800.0,3.3792,3.3896,3.3792,3.3896,403.31
2020-12-07 23:31:00,1607383860.0,3.3882,3.3899,3.3882,3.3899,87.65
2020-12-07 23:32:00,1607383920.0,3.3899,3.3899,3.3899,3.3899,0.0
2020-12-07 23:33:00,1607383980.0,3.3899,3.3899,3.3899,3.3899,0.0
2020-12-07 23:34:00,1607384040.0,3.3899,3.3899,3.3899,3.3899,0.0
2020-12-07 23:35:00,1607384100.0,3.3788,3.3878,3.3788,3.3878,139.3
2020-12-07 23:36:00,1607384160.0,3.3878,3.3878,3.3878,3.3878,0.0
2020-12-07 23:37:00,1607384220.0,3.3878,3.3878,3.3878,3.3878,56.44
2020-12-07 23:38:00,1607384280.0,3.3815,3.3898,3.3812,3.3898,136.64
2020-12-07 23:39:00,1607384340.0,3.385,3.385,3.3847,3.3847,27.17
2020-12-07 23:40:00,1607384400.0,3.3847,3.3847,3.3847,3.3847,0.0
2020-12-07 23:41:00,1607384460.0,3.3847,3.3847,3.3847,3.3847,0.0
2020-12-07 23:42:00,1607384520.0,3.3875,3.3888,3.3798,3.3798,453.91
2020-12-07 23:43:00,1607384580.0,3.3889,3.3889,3.3889,3.3889,8.86
2020-12-07 23:44:00,1607384640.0,3.3884,3.3884,3.3812,3.3812,90.0
2020-12-07 23:45:00,1607384700.0,3.3812,3.3812,3.3812,3.3812,0.0
2020-12-07 23:46:00,1607384760.0,3.3813,3.3894,3.3813,3.3894,65.48
2020-12-07 23:47:00,1607384820.0,3.3894,3.3894,3.3894,3.3894,29.51
2020-12-07 23:48:00,1607384880.0,3.388,3.3886,3.3826,3.3826,243.1
2020-12-07 23:49:00,1607384940.0,3.3826,3.387,3.3813,3.387,169.51
2020-12-07 23:50:00,1607385000.0,3.3822,3.3822,3.3812,3.3812,120.21
2020-12-07 23:51:00,1607385060.0,3.3812,3.3812,3.3812,3.3812,0.0
2020-12-07 23:52:00,1607385120.0,3.3812,3.3812,3.3812,3.3812,0.0
2020-12-07 23:53:00,1607385180.0,3.3889,3.3889,3.3889,3.3889,2.99
2020-12-07 23:54:00,1607385240.0,3.3889,3.3889,3.3889,3.3889,0.0
2020-12-07 23:55:00,1607385300.0,3.387,3.389,3.387,3.389,500.71
2020-12-07 23:56:00,1607385360.0,3.3887,3.3896,3.3887,3.3896,57.82
2020-12-07 23:57:00,1607385420.0,3.3896,3.3896,3.3896,3.3896,0.0
2020-12-07 23:58:00,1607385480.0,3.3894,3.3895,3.3894,3.3895,48.22
2020-12-07 23:59:00,1607385540.0,3.3895,3.3895,3.3895,3.3895,0.0
