Universal Time,Unix Time,Open,High,Low,Close,Volume
2019-03-09 00:00:00,1552089600.0,14.2848,14.2848,14.2166,14.22,6014.01
2019-03-09 00:01:00,1552089660.0,14.22,14.2201,14.1312,14.1335,6456.29
2019-03-09 00:02:00,1552089720.0,14.1316,14.147,14.0942,14.1199,4993.18
2019-03-09 00:03:00,1552089780.0,14.1014,14.1233,14.0934,14.1096,1365.41
2019-03-09 00:04:00,1552089840.0,14.1107,14.1261,14.092,14.092,1271.68
2019-03-09 00:05:00,1552089900.0,14.0942,14.1027,14.08,14.092,3843.3
2019-03-09 00:06:00,1552089960.0,14.092,14.1193,14.092,14.1186,1543.79
2019-03-09 00:07:00,1552090020.0,14.1184,14.1184,14.0879,14.0879,1040.12
2019-03-09 00:08:00,1552090080.0,14.092,14.0929,14.0866,14.089,1272.94
2019-03-09 00:09:00,1552090140.0,14.0867,14.089,14.08,14.08,2268.26
2019-03-09 00:10:00,1552090200.0,14.0833,14.0833,14.052,14.0619,1199.93
2019-03-09 00:11:00,1552090260.0,14.0615,14.0653,14.052,14.0595,385.99
2019-03-09 00:12:00,1552090320.0,14.0557,14.0597,14.0287,14.0287,3764.53
2019-03-09 00:13:00,1552090380.0,14.0275,14.0275,14.0,14.0002,5678.2
2019-03-09 00:14:00,1552090440.0,14.0001,14.0002,13.966,14.0002,7737.73
2019-03-09 00:15:00,1552090500.0,14.0003,14.0192,13.9918,14.0192,945.29
2019-03-09 00:16:00,1552090560.0,14.0186,14.0311,14.0,14.0035,892.72
2019-03-09 00:17:00,1552090620.0,14.0034,14.0323,13.9973,14.0323,2296.1
2019-03-09 00:18:00,1552090680.0,14.0334,14.0671,14.0323,14.0671,832.26
2019-03-09 00:19:00,1552090740.0,14.0667,14.1031,14.0667,14.1031,999.04
2019-03-09 00:20:00,1552090800.0,14.1031,14.1608,14.1031,14.1459,2876.73
2019-03-09 00:21:00,1552090860.0,14.1526,14.1546,14.0865,14.0865,2461.39
2019-03-09 00:22:00,1552090920.0,14.0938,14.1088,14.0771,14.0891,4168.84
2019-03-09 00:23:00,1552090980.0,14.0931,14.1122,14.0879,14.1014,1642.39
2019-03-09 00:24:00,1552091040.0,14.1001,14.1001,14.05,14.05,2178.8
2019-03-09 00:25:00,1552091100.0,14.0742,14.0742,14.0384,14.0499,1389.61
2019-03-09 00:26:00,1552091160.0,14.0427,14.0562,14.0373,14.0446,628.81
2019-03-09 00:27:00,1552091220.0,14.0445,14.0566,14.0374,14.0374,2750.38
2019-03-09 00:28:00,1552091280.0,14.0436,14.0599,14.0402,14.0598,1408.72
2019-03-09 00:29:00,1552091340.0,14.0615,14.0867,14.0601,14.0601,2498.86
2019-03-09 00:30:00,1552091400.0,14.0635,14.0718,14.0521,14.0718,2710.02
2019-03-09 00:31:00,1552091460.0,14.0638,14.0745,14.059,14.0715,1794.52
2019-03-09 00:32:00,1552091520.0,14.0694,14.0867,14.0694,14.0867,1200.14
2019-03-09 00:33:00,1552091580.0,14.0867,14.1122,14.0796,14.095,2037.94
2019-03-09 00:34:00,1552091640.0,14.1,14.1178,14.09,14.1098,1643.46
2019-03-09 00:35:00,1552091700.0,14.1097,14.15,14.1066,14.1278,1233.24
2019-03-09 00:36:00,1552091760.0,14.1423,14.1602,14.1341,14.1602,1325.91
2019-03-09 00:37:00,1552091820.0,14.1632,14.1845,14.1343,14.1601,2676.31
2019-03-09 00:38:00,1552091880.0,14.1536,14.1887,14.1535,14.1806,1671.55
2019-03-09 00:39:00,1552091940.0,14.1808,14.1867,14.1649,14.1722,3030.62
2019-03-09 00:40:00,1552092000.0,14.1722,14.1857,14.1686,14.1752,1183.25
2019-03-09 00:41:00,1552092060.0,14.1752,14.1752,14.1417,14.1575,1438.28
2019-03-09 00:42:00,1552092120.0,14.1556,14.1645,14.1499,14.1629,2428.87
2019-03-09 00:43:00,1552092180.0,14.1643,14.1814,14.1549,14.165,2181.81
2019-03-09 00:44:00,1552092240.0,14.1651,14.1784,14.1584,14.1782,809.76
2019-03-09 00:45:00,1552092300.0,14.1781,14.1782,14.1502,14.1555,981.01
2019-03-09 00:46:00,1552092360.0,14.1632,14.1668,14.1553,14.1626,1244.02
2019-03-09 00:47:00,1552092420.0,14.1626,14.18,14.1587,14.1738,1887.02
2019-03-09 00:48:00,1552092480.0,14.1799,14.2,14.1583,14.1898,2985.51
2019-03-09 00:49:00,1552092540.0,14.1895,14.2183,14.1554,14.1556,4357.84
2019-03-09 00:50:00,1552092600.0,14.157,14.1865,14.153,14.1865,1836.12
2019-03-09 00:51:00,1552092660.0,14.1865,14.2,14.1865,14.1865,746.12
2019-03-09 00:52:00,1552092720.0,14.1822,14.21,14.182,14.2092,1574.79
2019-03-09 00:53:00,1552092780.0,14.2091,14.25,14.2091,14.2258,2973.91
2019-03-09 00:54:00,1552092840.0,14.2208,14.2208,14.144,14.1788,4305.6
2019-03-09 00:55:00,1552092900.0,14.1716,14.1751,14.1633,14.1633,812.18
2019-03-09 00:56:00,1552092960.0,14.1674,14.1675,14.1304,14.1371,606.33
2019-03-09 00:57:00,1552093020.0,14.1369,14.137,14.0932,14.1184,3886.98
2019-03-09 00:58:00,1552093080.0,14.1268,14.1378,14.1268,14.1376,1423.13
2019-03-09 00:59:00,1552093140.0,14.1428,14.1755,14.1428,14.1755,1868.4
2019-03-09 01:00:00,1552093200.0,14.1709,14.185,14.1649,14.1842,900.52
2019-03-09 01:01:00,1552093260.0,14.1836,14.1923,14.1776,14.185,712.42
2019-03-09 01:02:00,1552093320.0,14.1919,14.1923,14.1819,14.1819,2012.42
2019-03-09 01:03:00,1552093380.0,14.1829,14.1895,14.1573,14.1628,1117.45
2019-03-09 01:04:00,1552093440.0,14.1623,14.1673,14.1574,14.1673,1294.83
2019-03-09 01:05:00,1552093500.0,14.1675,14.1809,14.1675,14.1728,628.19
2019-03-09 01:06:00,1552093560.0,14.1724,14.186,14.1541,14.1773,963.42
2019-03-09 01:07:00,1552093620.0,14.1771,14.1771,14.1377,14.163,2921.24
2019-03-09 01:08:00,1552093680.0,14.1615,14.1617,14.1333,14.1524,1624.15
2019-03-09 01:09:00,1552093740.0,14.1522,14.1575,14.133,14.1392,718.64
2019-03-09 01:10:00,1552093800.0,14.1391,14.14,14.1128,14.1207,1261.18
2019-03-09 01:11:00,1552093860.0,14.1206,14.1249,14.1122,14.12,1130.09
2019-03-09 01:12:00,1552093920.0,14.12,14.12,14.1173,14.12,965.71
2019-03-09 01:13:00,1552093980.0,14.12,14.134,14.12,14.1263,1200.62
2019-03-09 01:14:00,1552094040.0,14.1327,14.1372,14.1288,14.1292,1605.28
2019-03-09 01:15:00,1552094100.0,14.1323,14.1357,14.1165,14.1196,1367.98
2019-03-09 01:16:00,1552094160.0,14.1194,14.1194,14.1065,14.1148,1760.85
2019-03-09 01:17:00,1552094220.0,14.1147,14.1148,14.1069,14.1128,813.74
2019-03-09 01:18:00,1552094280.0,14.1121,14.1197,14.0855,14.1068,2103.21
2019-03-09 01:19:00,1552094340.0,14.1068,14.1072,14.0817,14.0905,1171.65
2019-03-09 01:20:00,1552094400.0,14.0908,14.0988,14.0497,14.05,2162.01
2019-03-09 01:21:00,1552094460.0,14.05,14.05,14.0204,14.0205,1335.48
2019-03-09 01:22:00,1552094520.0,14.0279,14.05,14.0279,14.046,1511.38
2019-03-09 01:23:00,1552094580.0,14.027,14.0453,14.0167,14.022,1088.37
2019-03-09 01:24:00,1552094640.0,14.03,14.0301,14.0195,14.027,647.03
2019-03-09 01:25:00,1552094700.0,14.0264,14.0264,14.0,14.0001,2654.08
2019-03-09 01:26:00,1552094760.0,14.0,14.0051,13.97,13.975,2543.58
2019-03-09 01:27:00,1552094820.0,13.9716,14.0117,13.9609,14.0117,1471.6
2019-03-09 01:28:00,1552094880.0,14.0169,14.0715,14.0081,14.0714,1481.42
2019-03-09 01:29:00,1552094940.0,14.0714,14.1188,14.0714,14.1164,1489.04
2019-03-09 01:30:00,1552095000.0,14.1168,14.1234,14.086,14.1025,1778.23
2019-03-09 01:31:00,1552095060.0,14.1069,14.125,14.1069,14.1169,392.44
2019-03-09 01:32:00,1552095120.0,14.1055,14.1139,14.0903,14.0963,405.85
2019-03-09 01:33:00,1552095180.0,14.0962,14.108,14.0962,14.1044,746.99
2019-03-09 01:34:00,1552095240.0,14.1133,14.1136,14.1045,14.109,1029.21
2019-03-09 01:35:00,1552095300.0,14.1101,14.1169,14.11,14.1165,710.82
2019-03-09 01:36:00,1552095360.0,14.1163,14.1163,14.1078,14.1078,234.37
2019-03-09 01:37:00,1552095420.0,14.1028,14.1061,14.0838,14.1012,723.71
2019-03-09 01:38:00,1552095480.0,14.1009,14.1012,14.0866,14.0919,1339.95
2019-03-09 01:39:00,1552095540.0,14.0918,14.116,14.0918,14.116,1967.31
2019-03-09 01:40:00,1552095600.0,14.116,14.1428,14.116,14.1428,3233.54
2019-03-09 01:41:00,1552095660.0,14.1426,14.18,14.1339,14.1705,1274.93
2019-03-09 01:42:00,1552095720.0,14.171,14.1965,14.1709,14.1875,654.55
2019-03-09 01:43:00,1552095780.0,14.1876,14.1982,14.1816,14.1956,893.95
2019-03-09 01:44:00,1552095840.0,14.1956,14.2,14.1673,14.1673,933.6
2019-03-09 01:45:00,1552095900.0,14.1667,14.1762,14.1667,14.1699,1735.91
2019-03-09 01:46:00,1552095960.0,14.17,14.17,14.1211,14.1223,664.16
2019-03-09 01:47:00,1552096020.0,14.1223,14.1306,14.1001,14.1306,2278.28
2019-03-09 01:48:00,1552096080.0,14.1227,14.149,14.1226,14.149,368.82
2019-03-09 01:49:00,1552096140.0,14.149,14.1573,14.1377,14.1499,1200.09
2019-03-09 01:50:00,1552096200.0,14.1486,14.1632,14.1478,14.1543,496.76
2019-03-09 01:51:00,1552096260.0,14.161,14.1633,14.1431,14.1488,1110.02
2019-03-09 01:52:00,1552096320.0,14.1434,14.149,14.1434,14.1489,463.64
2019-03-09 01:53:00,1552096380.0,14.1489,14.1489,14.1228,14.1228,924.18
2019-03-09 01:54:00,1552096440.0,14.1171,14.1246,14.1065,14.1109,487.77
2019-03-09 01:55:00,1552096500.0,14.11,14.1171,14.11,14.1161,923.78
2019-03-09 01:56:00,1552096560.0,14.1101,14.1101,14.0949,14.0991,629.94
2019-03-09 01:57:00,1552096620.0,14.1,14.1,14.0928,14.0999,1470.7
2019-03-09 01:58:00,1552096680.0,14.1,14.1171,14.1,14.1149,1350.88
2019-03-09 01:59:00,1552096740.0,14.1161,14.1315,14.1155,14.12,1239.96
2019-03-09 02:00:00,1552096800.0,14.1323,14.1617,14.1322,14.1516,1656.54
2019-03-09 02:01:00,1552096860.0,14.1607,14.2,14.1607,14.192,2161.69
2019-03-09 02:02:00,1552096920.0,14.1999,14.2027,14.1873,14.2,4019.28
2019-03-09 02:03:00,1552096980.0,14.1928,14.1976,14.1742,14.1742,1489.38
2019-03-09 02:04:00,1552097040.0,14.1827,14.197,14.18,14.1897,538.28
2019-03-09 02:05:00,1552097100.0,14.1974,14.2029,14.19,14.2029,476.54
2019-03-09 02:06:00,1552097160.0,14.2029,14.2029,14.1954,14.2025,2437.84
2019-03-09 02:07:00,1552097220.0,14.2025,14.2026,14.1999,14.1999,723.07
2019-03-09 02:08:00,1552097280.0,14.1998,14.1998,14.192,14.1991,77.19
2019-03-09 02:09:00,1552097340.0,14.1997,14.2,14.192,14.192,638.54
2019-03-09 02:10:00,1552097400.0,14.1959,14.1979,14.1743,14.1743,1896.63
2019-03-09 02:11:00,1552097460.0,14.1827,14.2,14.1827,14.2,1053.76
2019-03-09 02:12:00,1552097520.0,14.1997,14.1997,14.182,14.1899,1011.56
2019-03-09 02:13:00,1552097580.0,14.1899,14.1899,14.1831,14.1894,1598.18
2019-03-09 02:14:00,1552097640.0,14.1894,14.1912,14.1822,14.1858,2072.18
2019-03-09 02:15:00,1552097700.0,14.1922,14.2,14.185,14.1999,828.29
2019-03-09 02:16:00,1552097760.0,14.1998,14.2,14.1939,14.2,1241.78
2019-03-09 02:17:00,1552097820.0,14.2,14.2051,14.1939,14.2051,3203.07
2019-03-09 02:18:00,1552097880.0,14.2056,14.2532,14.2056,14.2532,5406.66
2019-03-09 02:19:00,1552097940.0,14.2532,14.2651,14.2491,14.2508,4719.25
2019-03-09 02:20:00,1552098000.0,14.2548,14.2548,14.2457,14.2534,1191.71
2019-03-09 02:21:00,1552098060.0,14.2491,14.2533,14.2345,14.25,1545.43
2019-03-09 02:22:00,1552098120.0,14.24,14.25,14.2345,14.2407,953.94
2019-03-09 02:23:00,1552098180.0,14.241,14.2522,14.2245,14.2522,1617.62
2019-03-09 02:24:00,1552098240.0,14.2526,14.2535,14.2436,14.2436,657.95
2019-03-09 02:25:00,1552098300.0,14.2447,14.2719,14.2447,14.2719,1945.43
2019-03-09 02:26:00,1552098360.0,14.2719,14.2973,14.2668,14.289,2593.93
2019-03-09 02:27:00,1552098420.0,14.2973,14.3324,14.2892,14.3266,5242.67
2019-03-09 02:28:00,1552098480.0,14.3311,14.3655,14.3265,14.3595,3934.9
2019-03-09 02:29:00,1552098540.0,14.3595,14.385,14.3595,14.3826,7132.88
2019-03-09 02:30:00,1552098600.0,14.3826,14.4,14.3728,14.385,5366.3
2019-03-09 02:31:00,1552098660.0,14.3851,14.3999,14.3674,14.39,3498.91
2019-03-09 02:32:00,1552098720.0,14.399,14.3999,14.3861,14.3929,1193.9
2019-03-09 02:33:00,1552098780.0,14.3871,14.4,14.3862,14.3897,4343.36
2019-03-09 02:34:00,1552098840.0,14.384,14.3896,14.378,14.3781,2378.13
2019-03-09 02:35:00,1552098900.0,14.3781,14.3795,14.3621,14.3624,4084.53
2019-03-09 02:36:00,1552098960.0,14.379,14.38,14.3643,14.38,1876.46
2019-03-09 02:37:00,1552099020.0,14.3807,14.4,14.3755,14.4,1355.64
2019-03-09 02:38:00,1552099080.0,14.3999,14.46,14.3999,14.46,6117.24
2019-03-09 02:39:00,1552099140.0,14.46,14.4795,14.4521,14.4795,2381.76
2019-03-09 02:40:00,1552099200.0,14.4706,14.5263,14.4701,14.5108,9129.19
2019-03-09 02:41:00,1552099260.0,14.4995,14.5107,14.4111,14.4565,6491.97
2019-03-09 02:42:00,1552099320.0,14.4563,14.528,14.4562,14.5115,3891.07
2019-03-09 02:43:00,1552099380.0,14.5191,14.55,14.5008,14.55,8995.0
2019-03-09 02:44:00,1552099440.0,14.5499,14.58,14.54,14.561,2913.05
2019-03-09 02:45:00,1552099500.0,14.5611,14.5611,14.5139,14.5288,6011.62
2019-03-09 02:46:00,1552099560.0,14.5297,14.5297,14.4796,14.5,2731.22
2019-03-09 02:47:00,1552099620.0,14.5,14.5,14.4814,14.4999,2395.9
2019-03-09 02:48:00,1552099680.0,14.4938,14.4941,14.4578,14.4687,3470.48
2019-03-09 02:49:00,1552099740.0,14.4772,14.5174,14.4712,14.5114,4191.05
2019-03-09 02:50:00,1552099800.0,14.5134,14.5447,14.5133,14.5447,2399.05
2019-03-09 02:51:00,1552099860.0,14.542,14.5743,14.5321,14.5736,2506.1
2019-03-09 02:52:00,1552099920.0,14.5746,14.59,14.5648,14.5898,2872.25
2019-03-09 02:53:00,1552099980.0,14.5899,14.67,14.5897,14.6687,18189.12
2019-03-09 02:54:00,1552100040.0,14.6687,14.7,14.6426,14.6899,10398.36
2019-03-09 02:55:00,1552100100.0,14.6899,14.7203,14.6259,14.7203,10198.23
2019-03-09 02:56:00,1552100160.0,14.7203,14.73,14.6878,14.7,5978.57
2019-03-09 02:57:00,1552100220.0,14.6995,14.74,14.6749,14.7267,6225.06
2019-03-09 02:58:00,1552100280.0,14.7245,14.75,14.71,14.74,5078.14
2019-03-09 02:59:00,1552100340.0,14.7372,14.7484,14.6785,14.7002,7900.52
2019-03-09 03:00:00,1552100400.0,14.7099,14.7475,14.6955,14.7475,3277.49
2019-03-09 03:01:00,1552100460.0,14.7368,14.798,14.7356,14.7973,6144.15
2019-03-09 03:02:00,1552100520.0,14.798,14.7989,14.7687,14.7687,8141.36
2019-03-09 03:03:00,1552100580.0,14.7817,14.7884,14.7653,14.7689,2549.43
2019-03-09 03:04:00,1552100640.0,14.7689,14.7755,14.7305,14.7703,7550.63
2019-03-09 03:05:00,1552100700.0,14.7722,14.773,14.7436,14.7436,1628.29
2019-03-09 03:06:00,1552100760.0,14.7432,14.7432,14.681,14.681,6035.91
2019-03-09 03:07:00,1552100820.0,14.681,14.681,14.5903,14.6,13240.33
2019-03-09 03:08:00,1552100880.0,14.6033,14.6841,14.5999,14.664,9106.39
2019-03-09 03:09:00,1552100940.0,14.6754,14.6923,14.6633,14.6789,2912.09
2019-03-09 03:10:00,1552101000.0,14.6779,14.6879,14.624,14.669,3866.63
2019-03-09 03:11:00,1552101060.0,14.6673,14.6673,14.6149,14.6155,2443.9
2019-03-09 03:12:00,1552101120.0,14.6231,14.6262,14.55,14.5699,6226.07
2019-03-09 03:13:00,1552101180.0,14.5647,14.5688,14.523,14.523,5440.11
2019-03-09 03:14:00,1552101240.0,14.523,14.523,14.5115,14.5122,6215.11
2019-03-09 03:15:00,1552101300.0,14.5122,14.5953,14.511,14.5597,9359.36
2019-03-09 03:16:00,1552101360.0,14.5467,14.55,14.541,14.5467,2196.14
2019-03-09 03:17:00,1552101420.0,14.5488,14.61,14.5361,14.5908,6261.19
2019-03-09 03:18:00,1552101480.0,14.5908,14.6149,14.5836,14.5982,3737.83
2019-03-09 03:19:00,1552101540.0,14.5986,14.6109,14.5829,14.5829,3645.59
2019-03-09 03:20:00,1552101600.0,14.5829,14.6256,14.556,14.6222,2313.72
2019-03-09 03:21:00,1552101660.0,14.6288,14.6343,14.5918,14.6095,4940.85
2019-03-09 03:22:00,1552101720.0,14.6185,14.6185,14.6,14.6002,1046.3
2019-03-09 03:23:00,1552101780.0,14.6058,14.6109,14.6002,14.6042,3722.24
2019-03-09 03:24:00,1552101840.0,14.6103,14.6216,14.6103,14.6134,263.49
2019-03-09 03:25:00,1552101900.0,14.6211,14.6216,14.6075,14.6215,1389.74
2019-03-09 03:26:00,1552101960.0,14.6079,14.6216,14.6003,14.6037,1685.76
2019-03-09 03:27:00,1552102020.0,14.6037,14.6279,14.6037,14.6102,1515.69
2019-03-09 03:28:00,1552102080.0,14.6179,14.625,14.61,14.625,2191.37
2019-03-09 03:29:00,1552102140.0,14.6235,14.6345,14.6235,14.6345,1290.81
2019-03-09 03:30:00,1552102200.0,14.6328,14.6734,14.6304,14.6734,2214.49
2019-03-09 03:31:00,1552102260.0,14.6734,14.7,14.6569,14.6732,6310.49
2019-03-09 03:32:00,1552102320.0,14.6739,14.7088,14.6479,14.648,7177.2
2019-03-09 03:33:00,1552102380.0,14.6555,14.6555,14.6428,14.6499,1708.72
2019-03-09 03:34:00,1552102440.0,14.65,14.69,14.6452,14.69,1697.32
2019-03-09 03:35:00,1552102500.0,14.6929,14.7386,14.6924,14.7386,2100.49
2019-03-09 03:36:00,1552102560.0,14.7364,14.7533,14.7339,14.739,6703.41
2019-03-09 03:37:00,1552102620.0,14.7497,14.7541,14.7411,14.7541,1989.08
2019-03-09 03:38:00,1552102680.0,14.7544,14.7857,14.75,14.78,2712.49
2019-03-09 03:39:00,1552102740.0,14.78,14.7883,14.739,14.739,5273.43
2019-03-09 03:40:00,1552102800.0,14.7372,14.7372,14.68,14.728,4889.73
2019-03-09 03:41:00,1552102860.0,14.73,14.7395,14.7233,14.7258,903.4
2019-03-09 03:42:00,1552102920.0,14.7232,14.7232,14.6679,14.689,3294.46
2019-03-09 03:43:00,1552102980.0,14.6861,14.7,14.67,14.6928,862.34
2019-03-09 03:44:00,1552103040.0,14.6969,14.7097,14.6906,14.6999,3377.57
2019-03-09 03:45:00,1552103100.0,14.7,14.7697,14.6999,14.7492,5769.83
2019-03-09 03:46:00,1552103160.0,14.7492,14.7891,14.7438,14.7861,4716.77
2019-03-09 03:47:00,1552103220.0,14.7891,14.8265,14.7891,14.8265,12776.53
2019-03-09 03:48:00,1552103280.0,14.8242,14.8288,14.8,14.8153,8011.29
2019-03-09 03:49:00,1552103340.0,14.8153,14.8153,14.7729,14.7816,1822.71
2019-03-09 03:50:00,1552103400.0,14.7962,14.7963,14.7477,14.7755,4077.76
2019-03-09 03:51:00,1552103460.0,14.7857,14.7857,14.7619,14.772,1797.5
2019-03-09 03:52:00,1552103520.0,14.7793,14.7794,14.7552,14.7688,3028.1
2019-03-09 03:53:00,1552103580.0,14.7684,14.7857,14.7552,14.7857,2451.62
2019-03-09 03:54:00,1552103640.0,14.7856,14.7982,14.78,14.7967,2664.0
2019-03-09 03:55:00,1552103700.0,14.7982,14.8117,14.7949,14.8014,4071.69
2019-03-09 03:56:00,1552103760.0,14.8014,14.8153,14.8013,14.805,4631.22
2019-03-09 03:57:00,1552103820.0,14.8013,14.805,14.7916,14.8,3578.4
2019-03-09 03:58:00,1552103880.0,14.8,14.82,14.8,14.82,2837.16
2019-03-09 03:59:00,1552103940.0,14.8197,14.82,14.8117,14.8118,962.69
2019-03-09 04:00:00,1552104000.0,14.8093,14.8183,14.8028,14.8176,1111.27
2019-03-09 04:01:00,1552104060.0,14.8129,14.8176,14.8063,14.8174,2946.55
2019-03-09 04:02:00,1552104120.0,14.8163,14.8191,14.8061,14.8184,923.84
2019-03-09 04:03:00,1552104180.0,14.8093,14.8093,14.7894,14.7994,4314.64
2019-03-09 04:04:00,1552104240.0,14.8,14.8158,14.8,14.815,1723.05
2019-03-09 04:05:00,1552104300.0,14.815,14.815,14.7704,14.771,5132.75
2019-03-09 04:06:00,1552104360.0,14.771,14.7877,14.7649,14.7877,1814.78
2019-03-09 04:07:00,1552104420.0,14.7796,14.8,14.7704,14.7704,1323.17
2019-03-09 04:08:00,1552104480.0,14.7704,14.79,14.7609,14.79,2351.56
2019-03-09 04:09:00,1552104540.0,14.79,14.7982,14.781,14.7982,461.97
2019-03-09 04:10:00,1552104600.0,14.7982,14.8058,14.79,14.8053,2507.37
2019-03-09 04:11:00,1552104660.0,14.8053,14.8053,14.798,14.8,914.54
2019-03-09 04:12:00,1552104720.0,14.8039,14.8042,14.7914,14.8,1097.39
2019-03-09 04:13:00,1552104780.0,14.8001,14.8001,14.79,14.79,641.17
2019-03-09 04:14:00,1552104840.0,14.7946,14.7946,14.778,14.7806,1273.52
2019-03-09 04:15:00,1552104900.0,14.7807,14.8,14.7779,14.7955,1605.39
2019-03-09 04:16:00,1552104960.0,14.7956,14.8,14.7877,14.7955,1734.71
2019-03-09 04:17:00,1552105020.0,14.791,14.7999,14.7813,14.7896,4698.89
2019-03-09 04:18:00,1552105080.0,14.7896,14.7898,14.7653,14.7653,1883.17
2019-03-09 04:19:00,1552105140.0,14.7797,14.7815,14.7077,14.7153,3274.12
2019-03-09 04:20:00,1552105200.0,14.7165,14.7165,14.6396,14.6632,5195.34
2019-03-09 04:21:00,1552105260.0,14.6626,14.75,14.6625,14.7303,4973.46
2019-03-09 04:22:00,1552105320.0,14.7432,14.7433,14.6785,14.69,1922.1
2019-03-09 04:23:00,1552105380.0,14.691,14.7142,14.6817,14.7142,1885.57
2019-03-09 04:24:00,1552105440.0,14.7121,14.7236,14.7078,14.7208,1756.15
2019-03-09 04:25:00,1552105500.0,14.7207,14.7337,14.71,14.7182,1641.39
2019-03-09 04:26:00,1552105560.0,14.7174,14.7466,14.7149,14.7437,2004.95
2019-03-09 04:27:00,1552105620.0,14.7434,14.7692,14.7373,14.7625,3217.62
2019-03-09 04:28:00,1552105680.0,14.7681,14.7777,14.764,14.768,1127.4
2019-03-09 04:29:00,1552105740.0,14.7681,14.7775,14.7539,14.7649,1066.12
2019-03-09 04:30:00,1552105800.0,14.758,14.758,14.745,14.745,1233.41
2019-03-09 04:31:00,1552105860.0,14.7513,14.7557,14.745,14.7539,2138.0
2019-03-09 04:32:00,1552105920.0,14.7451,14.7511,14.72,14.72,2266.42
2019-03-09 04:33:00,1552105980.0,14.7268,14.7274,14.6812,14.6824,3845.3
2019-03-09 04:34:00,1552106040.0,14.6899,14.6963,14.6734,14.6812,1129.41
2019-03-09 04:35:00,1552106100.0,14.6742,14.6806,14.6136,14.6175,4259.28
2019-03-09 04:36:00,1552106160.0,14.6247,14.6247,14.57,14.5786,7143.18
2019-03-09 04:37:00,1552106220.0,14.5846,14.5871,14.5586,14.5667,883.07
2019-03-09 04:38:00,1552106280.0,14.5671,14.5929,14.5558,14.59,4688.98
2019-03-09 04:39:00,1552106340.0,14.5921,14.6326,14.585,14.6288,2675.81
2019-03-09 04:40:00,1552106400.0,14.6248,14.6338,14.61,14.6134,2465.2
2019-03-09 04:41:00,1552106460.0,14.6101,14.6223,14.5618,14.6175,4521.58
2019-03-09 04:42:00,1552106520.0,14.5994,14.605,14.586,14.6016,1103.76
2019-03-09 04:43:00,1552106580.0,14.6066,14.6066,14.5997,14.6015,713.95
2019-03-09 04:44:00,1552106640.0,14.599,14.6051,14.5951,14.5957,510.74
2019-03-09 04:45:00,1552106700.0,14.6035,14.61,14.5957,14.6027,369.63
2019-03-09 04:46:00,1552106760.0,14.6099,14.63,14.6099,14.61,3250.13
2019-03-09 04:47:00,1552106820.0,14.6197,14.6213,14.61,14.62,1008.94
2019-03-09 04:48:00,1552106880.0,14.6181,14.6198,14.61,14.61,869.84
2019-03-09 04:49:00,1552106940.0,14.6101,14.6192,14.6023,14.6114,158.68
2019-03-09 04:50:00,1552107000.0,14.6024,14.6024,14.5969,14.6018,1346.12
2019-03-09 04:51:00,1552107060.0,14.5969,14.6018,14.5714,14.5814,3934.26
2019-03-09 04:52:00,1552107120.0,14.58,14.5801,14.5618,14.5725,1683.3
2019-03-09 04:53:00,1552107180.0,14.5719,14.5753,14.5603,14.5714,1366.9
2019-03-09 04:54:00,1552107240.0,14.5714,14.5799,14.558,14.558,1770.52
2019-03-09 04:55:00,1552107300.0,14.5636,14.5639,14.5333,14.5333,6272.35
2019-03-09 04:56:00,1552107360.0,14.5362,14.5364,14.4015,14.4673,14209.37
2019-03-09 04:57:00,1552107420.0,14.467,14.4791,14.4395,14.4791,5801.35
2019-03-09 04:58:00,1552107480.0,14.4795,14.5458,14.467,14.5458,5504.31
2019-03-09 04:59:00,1552107540.0,14.5386,14.58,14.5286,14.58,2845.39
2019-03-09 05:00:00,1552107600.0,14.5714,14.6201,14.5666,14.6166,6234.22
2019-03-09 05:01:00,1552107660.0,14.6166,14.6538,14.6166,14.6538,2542.32
2019-03-09 05:02:00,1552107720.0,14.645,14.6702,14.6414,14.6701,2652.14
2019-03-09 05:03:00,1552107780.0,14.6625,14.6625,14.58,14.6023,7700.73
2019-03-09 05:04:00,1552107840.0,14.6106,14.6174,14.6041,14.6148,1810.5
2019-03-09 05:05:00,1552107900.0,14.6108,14.6171,14.5475,14.5803,6079.47
2019-03-09 05:06:00,1552107960.0,14.5722,14.6027,14.5722,14.5949,1202.31
2019-03-09 05:07:00,1552108020.0,14.6042,14.608,14.6,14.6064,2532.85
2019-03-09 05:08:00,1552108080.0,14.6001,14.6365,14.6001,14.63,1323.33
2019-03-09 05:09:00,1552108140.0,14.6297,14.6299,14.6,14.6067,1375.07
2019-03-09 05:10:00,1552108200.0,14.6001,14.6001,14.5747,14.5748,1679.06
2019-03-09 05:11:00,1552108260.0,14.5865,14.5901,14.5767,14.5818,1091.1
2019-03-09 05:12:00,1552108320.0,14.5845,14.6055,14.5814,14.6055,425.98
2019-03-09 05:13:00,1552108380.0,14.6082,14.63,14.5976,14.6254,3243.32
2019-03-09 05:14:00,1552108440.0,14.616,14.6632,14.6072,14.6611,2957.96
2019-03-09 05:15:00,1552108500.0,14.663,14.6717,14.6503,14.6503,763.12
2019-03-09 05:16:00,1552108560.0,14.6504,14.6602,14.6225,14.6345,904.36
2019-03-09 05:17:00,1552108620.0,14.6314,14.66,14.6314,14.66,3035.0
2019-03-09 05:18:00,1552108680.0,14.6601,14.6629,14.6449,14.6452,844.57
2019-03-09 05:19:00,1552108740.0,14.6498,14.664,14.6492,14.6558,1331.67
2019-03-09 05:20:00,1552108800.0,14.6636,14.6719,14.6597,14.6643,340.64
2019-03-09 05:21:00,1552108860.0,14.672,14.6896,14.672,14.6826,1054.0
2019-03-09 05:22:00,1552108920.0,14.6899,14.6925,14.683,14.6924,1267.51
2019-03-09 05:23:00,1552108980.0,14.6924,14.7091,14.6924,14.7077,1314.93
2019-03-09 05:24:00,1552109040.0,14.71,14.7328,14.7,14.722,3074.28
2019-03-09 05:25:00,1552109100.0,14.7219,14.7264,14.6855,14.6953,1396.91
2019-03-09 05:26:00,1552109160.0,14.6952,14.6952,14.6719,14.6851,2773.04
2019-03-09 05:27:00,1552109220.0,14.6842,14.6842,14.6225,14.629,2115.35
2019-03-09 05:28:00,1552109280.0,14.629,14.6356,14.6206,14.6206,1383.41
2019-03-09 05:29:00,1552109340.0,14.622,14.622,14.5969,14.5969,1159.68
2019-03-09 05:30:00,1552109400.0,14.5965,14.5965,14.5617,14.5651,1215.77
2019-03-09 05:31:00,1552109460.0,14.5719,14.5884,14.5719,14.5882,1787.73
2019-03-09 05:32:00,1552109520.0,14.5882,14.5913,14.58,14.5846,1266.44
2019-03-09 05:33:00,1552109580.0,14.5911,14.6292,14.5911,14.6092,2287.62
2019-03-09 05:34:00,1552109640.0,14.6186,14.629,14.6186,14.6202,492.99
2019-03-09 05:35:00,1552109700.0,14.6288,14.6288,14.6,14.6,1841.04
2019-03-09 05:36:00,1552109760.0,14.6183,14.6235,14.5711,14.5711,3607.09
2019-03-09 05:37:00,1552109820.0,14.5711,14.5711,14.51,14.5377,2450.53
2019-03-09 05:38:00,1552109880.0,14.5313,14.5364,14.4827,14.4911,3926.97
2019-03-09 05:39:00,1552109940.0,14.4894,14.5122,14.4717,14.5088,4303.25
2019-03-09 05:40:00,1552110000.0,14.5031,14.54,14.5,14.5399,3756.16
2019-03-09 05:41:00,1552110060.0,14.5396,14.5457,14.5366,14.5366,1215.9
2019-03-09 05:42:00,1552110120.0,14.54,14.5534,14.509,14.509,1450.22
2019-03-09 05:43:00,1552110180.0,14.5161,14.5161,14.47,14.4996,2629.5
2019-03-09 05:44:00,1552110240.0,14.4871,14.4902,14.47,14.4771,1358.57
2019-03-09 05:45:00,1552110300.0,14.4763,14.4902,14.4665,14.4902,2525.64
2019-03-09 05:46:00,1552110360.0,14.4872,14.514,14.4843,14.5134,2436.64
2019-03-09 05:47:00,1552110420.0,14.5138,14.5138,14.5005,14.51,2200.66
2019-03-09 05:48:00,1552110480.0,14.5083,14.51,14.5064,14.5098,539.2
2019-03-09 05:49:00,1552110540.0,14.5135,14.5141,14.5012,14.5112,1215.91
2019-03-09 05:50:00,1552110600.0,14.5053,14.5053,14.494,14.4983,1720.2
2019-03-09 05:51:00,1552110660.0,14.4996,14.4996,14.4643,14.4745,2768.32
2019-03-09 05:52:00,1552110720.0,14.4739,14.4771,14.4438,14.4438,4385.91
2019-03-09 05:53:00,1552110780.0,14.4488,14.4488,14.4388,14.4399,3318.49
2019-03-09 05:54:00,1552110840.0,14.4388,14.45,14.4207,14.45,3256.06
2019-03-09 05:55:00,1552110900.0,14.4359,14.4895,14.427,14.4739,5069.59
2019-03-09 05:56:00,1552110960.0,14.479,14.479,14.4714,14.4725,1128.79
2019-03-09 05:57:00,1552111020.0,14.4768,14.4999,14.4726,14.4999,1013.33
2019-03-09 05:58:00,1552111080.0,14.5,14.566,14.4999,14.5621,4120.07
2019-03-09 05:59:00,1552111140.0,14.5621,14.5969,14.5621,14.5923,5612.0
2019-03-09 06:00:00,1552111200.0,14.5923,14.6224,14.5849,14.62,2125.32
2019-03-09 06:01:00,1552111260.0,14.6223,14.6455,14.57,14.589,4785.73
2019-03-09 06:02:00,1552111320.0,14.5868,14.5877,14.5506,14.5633,3158.21
2019-03-09 06:03:00,1552111380.0,14.5626,14.6,14.55,14.5899,1956.79
2019-03-09 06:04:00,1552111440.0,14.59,14.6,14.5793,14.58,3377.0
2019-03-09 06:05:00,1552111500.0,14.58,14.58,14.55,14.5565,1807.3
2019-03-09 06:06:00,1552111560.0,14.5469,14.571,14.5429,14.5524,2450.78
2019-03-09 06:07:00,1552111620.0,14.5512,14.5523,14.5006,14.5216,2551.45
2019-03-09 06:08:00,1552111680.0,14.5168,14.5197,14.49,14.5,2953.82
2019-03-09 06:09:00,1552111740.0,14.5061,14.5187,14.5,14.5164,2524.36
2019-03-09 06:10:00,1552111800.0,14.5196,14.5354,14.5196,14.5294,1153.56
2019-03-09 06:11:00,1552111860.0,14.5291,14.5291,14.5189,14.5189,395.03
2019-03-09 06:12:00,1552111920.0,14.5236,14.5283,14.52,14.5233,1718.77
2019-03-09 06:13:00,1552111980.0,14.5233,14.5499,14.5232,14.5499,1062.81
2019-03-09 06:14:00,1552112040.0,14.55,14.5612,14.5464,14.5548,1929.71
2019-03-09 06:15:00,1552112100.0,14.5552,14.5699,14.5232,14.5378,831.79
2019-03-09 06:16:00,1552112160.0,14.5347,14.5515,14.5302,14.5515,858.25
2019-03-09 06:17:00,1552112220.0,14.5515,14.5768,14.5459,14.5622,1440.9
2019-03-09 06:18:00,1552112280.0,14.5606,14.5681,14.5488,14.563,324.03
2019-03-09 06:19:00,1552112340.0,14.563,14.5699,14.5548,14.5681,1822.88
2019-03-09 06:20:00,1552112400.0,14.569,14.5749,14.5598,14.5749,2310.69
2019-03-09 06:21:00,1552112460.0,14.5748,14.583,14.5551,14.5551,2741.76
2019-03-09 06:22:00,1552112520.0,14.5459,14.5551,14.54,14.5488,1536.4
2019-03-09 06:23:00,1552112580.0,14.5503,14.5696,14.5503,14.5663,2297.15
2019-03-09 06:24:00,1552112640.0,14.5704,14.6252,14.5704,14.6057,7096.83
2019-03-09 06:25:00,1552112700.0,14.6143,14.6256,14.6083,14.611,1667.44
2019-03-09 06:26:00,1552112760.0,14.6197,14.6254,14.6019,14.6194,1504.81
2019-03-09 06:27:00,1552112820.0,14.6188,14.6188,14.6039,14.6068,1184.74
2019-03-09 06:28:00,1552112880.0,14.6068,14.6482,14.602,14.6378,4163.9
2019-03-09 06:29:00,1552112940.0,14.6378,14.6382,14.6044,14.616,580.47
2019-03-09 06:30:00,1552113000.0,14.6119,14.6186,14.592,14.5999,348.5
2019-03-09 06:31:00,1552113060.0,14.594,14.594,14.5438,14.5459,975.85
2019-03-09 06:32:00,1552113120.0,14.5482,14.6,14.5437,14.5969,1487.93
2019-03-09 06:33:00,1552113180.0,14.5968,14.6022,14.55,14.555,2417.49
2019-03-09 06:34:00,1552113240.0,14.5521,14.5521,14.5239,14.53,658.08
2019-03-09 06:35:00,1552113300.0,14.5251,14.5373,14.5246,14.5345,1472.31
2019-03-09 06:36:00,1552113360.0,14.5345,14.5433,14.52,14.5345,2860.52
2019-03-09 06:37:00,1552113420.0,14.5344,14.5344,14.52,14.5281,1310.07
2019-03-09 06:38:00,1552113480.0,14.525,14.525,14.5102,14.5169,1870.15
2019-03-09 06:39:00,1552113540.0,14.52,14.53,14.51,14.5158,1468.02
2019-03-09 06:40:00,1552113600.0,14.5134,14.5206,14.5085,14.5126,790.25
2019-03-09 06:41:00,1552113660.0,14.5086,14.5112,14.5005,14.5083,1307.87
2019-03-09 06:42:00,1552113720.0,14.5018,14.5377,14.5005,14.5311,4215.05
2019-03-09 06:43:00,1552113780.0,14.5303,14.5555,14.53,14.5547,1523.91
2019-03-09 06:44:00,1552113840.0,14.5514,14.5597,14.5446,14.553,578.68
2019-03-09 06:45:00,1552113900.0,14.5533,14.56,14.5533,14.558,1809.05
2019-03-09 06:46:00,1552113960.0,14.558,14.5704,14.5577,14.56,2480.02
2019-03-09 06:47:00,1552114020.0,14.5602,14.5701,14.5477,14.57,1036.49
2019-03-09 06:48:00,1552114080.0,14.5617,14.5743,14.5616,14.5743,1571.9
2019-03-09 06:49:00,1552114140.0,14.5708,14.574,14.5653,14.574,891.7
2019-03-09 06:50:00,1552114200.0,14.574,14.5743,14.566,14.5743,1427.42
2019-03-09 06:51:00,1552114260.0,14.5677,14.5724,14.5656,14.57,2227.66
2019-03-09 06:52:00,1552114320.0,14.57,14.5718,14.55,14.5502,3218.4
2019-03-09 06:53:00,1552114380.0,14.5523,14.5523,14.5255,14.5296,1249.19
2019-03-09 06:54:00,1552114440.0,14.5255,14.5519,14.523,14.5466,1874.97
2019-03-09 06:55:00,1552114500.0,14.5529,14.5627,14.5471,14.5608,473.13
2019-03-09 06:56:00,1552114560.0,14.5543,14.5804,14.5542,14.5764,4961.52
2019-03-09 06:57:00,1552114620.0,14.5771,14.5997,14.577,14.5954,2115.05
2019-03-09 06:58:00,1552114680.0,14.5801,14.5944,14.5762,14.5801,893.03
2019-03-09 06:59:00,1552114740.0,14.5745,14.5745,14.5459,14.5581,3732.35
2019-03-09 07:00:00,1552114800.0,14.5579,14.5587,14.5358,14.5521,1529.82
2019-03-09 07:01:00,1552114860.0,14.5504,14.5774,14.5409,14.5774,2541.33
2019-03-09 07:02:00,1552114920.0,14.5651,14.5789,14.5619,14.5666,1036.44
2019-03-09 07:03:00,1552114980.0,14.5667,14.5781,14.5517,14.5601,2883.74
2019-03-09 07:04:00,1552115040.0,14.5494,14.5955,14.5306,14.5811,8795.41
2019-03-09 07:05:00,1552115100.0,14.5622,14.5929,14.5279,14.5279,4727.28
2019-03-09 07:06:00,1552115160.0,14.5267,14.5663,14.5,14.5647,5923.36
2019-03-09 07:07:00,1552115220.0,14.5699,14.6031,14.5699,14.5935,3178.42
2019-03-09 07:08:00,1552115280.0,14.5957,14.6499,14.5953,14.6499,2823.15
2019-03-09 07:09:00,1552115340.0,14.6499,14.6629,14.649,14.6622,3432.75
2019-03-09 07:10:00,1552115400.0,14.657,14.665,14.6503,14.6599,1824.81
2019-03-09 07:11:00,1552115460.0,14.6598,14.6634,14.6494,14.6494,1738.56
2019-03-09 07:12:00,1552115520.0,14.6494,14.6653,14.6407,14.6653,2301.22
2019-03-09 07:13:00,1552115580.0,14.6642,14.6951,14.6642,14.692,3215.16
2019-03-09 07:14:00,1552115640.0,14.6912,14.72,14.6887,14.6937,1787.21
2019-03-09 07:15:00,1552115700.0,14.7098,14.7225,14.6973,14.7125,2653.86
2019-03-09 07:16:00,1552115760.0,14.7125,14.7282,14.7081,14.7082,3633.53
2019-03-09 07:17:00,1552115820.0,14.7081,14.7181,14.694,14.6983,2803.96
2019-03-09 07:18:00,1552115880.0,14.6983,14.7012,14.6841,14.6986,2330.76
2019-03-09 07:19:00,1552115940.0,14.7072,14.71,14.68,14.6895,1614.26
2019-03-09 07:20:00,1552116000.0,14.6838,14.6838,14.6689,14.67,2057.04
2019-03-09 07:21:00,1552116060.0,14.6734,14.6773,14.6684,14.6685,1305.17
2019-03-09 07:22:00,1552116120.0,14.6742,14.6764,14.6675,14.6675,1411.74
2019-03-09 07:23:00,1552116180.0,14.6724,14.6764,14.6642,14.665,1911.97
2019-03-09 07:24:00,1552116240.0,14.6681,14.6849,14.6681,14.6807,1786.79
2019-03-09 07:25:00,1552116300.0,14.6806,14.6977,14.6806,14.6825,1146.48
2019-03-09 07:26:00,1552116360.0,14.6833,14.691,14.68,14.68,1662.91
2019-03-09 07:27:00,1552116420.0,14.6799,14.6867,14.6715,14.6715,699.69
2019-03-09 07:28:00,1552116480.0,14.67,14.67,14.6488,14.65,3709.71
2019-03-09 07:29:00,1552116540.0,14.65,14.6565,14.6473,14.6529,1173.63
2019-03-09 07:30:00,1552116600.0,14.6527,14.6529,14.6465,14.65,1833.07
2019-03-09 07:31:00,1552116660.0,14.6499,14.65,14.6499,14.65,117.87
2019-03-09 07:32:00,1552116720.0,14.6499,14.65,14.6361,14.6484,592.25
2019-03-09 07:33:00,1552116780.0,14.6377,14.6454,14.6199,14.6207,2538.97
2019-03-09 07:34:00,1552116840.0,14.6191,14.6729,14.5645,14.6415,10336.18
2019-03-09 07:35:00,1552116900.0,14.6475,14.6689,14.6407,14.651,2854.17
2019-03-09 07:36:00,1552116960.0,14.652,14.6699,14.6519,14.659,2289.96
2019-03-09 07:37:00,1552117020.0,14.6651,14.691,14.6651,14.6828,1600.64
2019-03-09 07:38:00,1552117080.0,14.681,14.681,14.6479,14.6479,1675.41
2019-03-09 07:39:00,1552117140.0,14.6488,14.6591,14.64,14.6503,961.48
2019-03-09 07:40:00,1552117200.0,14.6421,14.6555,14.64,14.6509,2171.73
2019-03-09 07:41:00,1552117260.0,14.6504,14.66,14.6504,14.66,741.65
2019-03-09 07:42:00,1552117320.0,14.652,14.652,14.6009,14.6479,4413.59
2019-03-09 07:43:00,1552117380.0,14.6481,14.6527,14.6453,14.648,914.01
2019-03-09 07:44:00,1552117440.0,14.6479,14.696,14.6456,14.696,2327.87
2019-03-09 07:45:00,1552117500.0,14.6965,14.73,14.6826,14.73,3088.36
2019-03-09 07:46:00,1552117560.0,14.7181,14.73,14.7105,14.7216,3941.5
2019-03-09 07:47:00,1552117620.0,14.7219,14.7398,14.7192,14.7348,3868.24
2019-03-09 07:48:00,1552117680.0,14.7348,14.7794,14.7348,14.7763,3228.5
2019-03-09 07:49:00,1552117740.0,14.7772,14.7877,14.75,14.7876,6867.6
2019-03-09 07:50:00,1552117800.0,14.7877,14.79,14.7315,14.7329,6481.0
2019-03-09 07:51:00,1552117860.0,14.7329,14.7807,14.7328,14.772,2274.83
2019-03-09 07:52:00,1552117920.0,14.7775,14.7787,14.7315,14.7732,4601.99
2019-03-09 07:53:00,1552117980.0,14.7719,14.7888,14.7561,14.7762,2801.77
2019-03-09 07:54:00,1552118040.0,14.7703,14.7933,14.77,14.7933,3582.45
2019-03-09 07:55:00,1552118100.0,14.7883,14.7981,14.7882,14.798,1232.2
2019-03-09 07:56:00,1552118160.0,14.798,14.7983,14.79,14.7981,772.37
2019-03-09 07:57:00,1552118220.0,14.798,14.8178,14.798,14.815,14583.43
2019-03-09 07:58:00,1552118280.0,14.8178,14.8263,14.815,14.8188,1673.44
2019-03-09 07:59:00,1552118340.0,14.8262,14.84,14.8262,14.838,4863.02
2019-03-09 08:00:00,1552118400.0,14.84,14.862,14.8279,14.8608,4955.41
2019-03-09 08:01:00,1552118460.0,14.862,14.8846,14.8608,14.8846,6884.39
2019-03-09 08:02:00,1552118520.0,14.883,14.92,14.8798,14.9,10864.65
2019-03-09 08:03:00,1552118580.0,14.8999,14.9031,14.863,14.88,5800.48
2019-03-09 08:04:00,1552118640.0,14.8804,14.8805,14.86,14.8786,4440.8
2019-03-09 08:05:00,1552118700.0,14.8732,14.8732,14.7982,14.7982,3445.47
2019-03-09 08:06:00,1552118760.0,14.8,14.839,14.7503,14.8087,7801.62
2019-03-09 08:07:00,1552118820.0,14.8061,14.8245,14.781,14.8038,7208.06
2019-03-09 08:08:00,1552118880.0,14.8011,14.8012,14.7743,14.7882,1514.23
2019-03-09 08:09:00,1552118940.0,14.7922,14.8314,14.7922,14.8306,3911.79
2019-03-09 08:10:00,1552119000.0,14.8305,14.85,14.8224,14.8416,2028.99
2019-03-09 08:11:00,1552119060.0,14.833,14.8416,14.8134,14.8134,2088.25
2019-03-09 08:12:00,1552119120.0,14.8133,14.8133,14.7857,14.7858,600.91
2019-03-09 08:13:00,1552119180.0,14.79,14.79,14.7727,14.79,3219.65
2019-03-09 08:14:00,1552119240.0,14.7879,14.7901,14.7876,14.7894,949.35
2019-03-09 08:15:00,1552119300.0,14.7893,14.7958,14.7817,14.7817,1139.69
2019-03-09 08:16:00,1552119360.0,14.7909,14.7937,14.7817,14.7817,257.84
2019-03-09 08:17:00,1552119420.0,14.79,14.79,14.7502,14.7502,2456.1
2019-03-09 08:18:00,1552119480.0,14.759,14.759,14.7159,14.7241,3246.54
2019-03-09 08:19:00,1552119540.0,14.7246,14.7291,14.6774,14.6903,3515.32
2019-03-09 08:20:00,1552119600.0,14.6888,14.6888,14.6224,14.645,4031.06
2019-03-09 08:21:00,1552119660.0,14.6449,14.6966,14.6262,14.6949,5414.19
2019-03-09 08:22:00,1552119720.0,14.6961,14.7498,14.6802,14.7123,4213.48
2019-03-09 08:23:00,1552119780.0,14.7173,14.7591,14.7173,14.7509,1286.7
2019-03-09 08:24:00,1552119840.0,14.76,14.7626,14.74,14.7488,277.42
2019-03-09 08:25:00,1552119900.0,14.7416,14.7416,14.738,14.741,1633.33
2019-03-09 08:26:00,1552119960.0,14.74,14.75,14.738,14.7442,1509.18
2019-03-09 08:27:00,1552120020.0,14.7443,14.745,14.7443,14.745,418.74
2019-03-09 08:28:00,1552120080.0,14.745,14.7775,14.745,14.7655,1688.45
2019-03-09 08:29:00,1552120140.0,14.7774,14.7972,14.7705,14.7938,2883.07
2019-03-09 08:30:00,1552120200.0,14.7924,14.7924,14.7653,14.79,707.55
2019-03-09 08:31:00,1552120260.0,14.79,14.7974,14.7881,14.7974,1359.04
2019-03-09 08:32:00,1552120320.0,14.7974,14.8144,14.7974,14.813,723.86
2019-03-09 08:33:00,1552120380.0,14.8127,14.8129,14.8019,14.8105,599.48
2019-03-09 08:34:00,1552120440.0,14.8011,14.8074,14.7854,14.8074,1225.76
2019-03-09 08:35:00,1552120500.0,14.8103,14.8209,14.7808,14.801,4409.0
2019-03-09 08:36:00,1552120560.0,14.801,14.8089,14.7786,14.7938,1856.14
2019-03-09 08:37:00,1552120620.0,14.7986,14.8065,14.7938,14.7938,1287.03
2019-03-09 08:38:00,1552120680.0,14.7912,14.7985,14.787,14.7947,1866.52
2019-03-09 08:39:00,1552120740.0,14.7937,14.8065,14.7884,14.806,1763.96
2019-03-09 08:40:00,1552120800.0,14.7983,14.8091,14.7956,14.8059,957.41
2019-03-09 08:41:00,1552120860.0,14.8063,14.8134,14.7868,14.8,773.0
2019-03-09 08:42:00,1552120920.0,14.8017,14.8017,14.7884,14.7886,693.57
2019-03-09 08:43:00,1552120980.0,14.7948,14.8021,14.7854,14.7935,1279.82
2019-03-09 08:44:00,1552121040.0,14.7874,14.7999,14.7845,14.7942,1677.78
2019-03-09 08:45:00,1552121100.0,14.7907,14.8132,14.7907,14.8132,1479.44
2019-03-09 08:46:00,1552121160.0,14.8091,14.813,14.8052,14.81,786.98
2019-03-09 08:47:00,1552121220.0,14.8086,14.8086,14.7506,14.7641,2917.96
2019-03-09 08:48:00,1552121280.0,14.7646,14.7735,14.7499,14.76,276.45
2019-03-09 08:49:00,1552121340.0,14.76,14.76,14.7373,14.754,1291.4
2019-03-09 08:50:00,1552121400.0,14.754,14.7834,14.7459,14.7834,1202.45
2019-03-09 08:51:00,1552121460.0,14.7833,14.785,14.7539,14.7666,2312.81
2019-03-09 08:52:00,1552121520.0,14.7668,14.7686,14.7573,14.7573,1258.95
2019-03-09 08:53:00,1552121580.0,14.7573,14.7641,14.75,14.757,3396.64
2019-03-09 08:54:00,1552121640.0,14.7558,14.763,14.74,14.7469,1246.74
2019-03-09 08:55:00,1552121700.0,14.7469,14.7678,14.7394,14.7537,903.14
2019-03-09 08:56:00,1552121760.0,14.7536,14.772,14.7536,14.7602,1820.37
2019-03-09 08:57:00,1552121820.0,14.755,14.761,14.75,14.7517,2347.17
2019-03-09 08:58:00,1552121880.0,14.7523,14.7583,14.7498,14.7521,1954.17
2019-03-09 08:59:00,1552121940.0,14.7543,14.7544,14.729,14.751,1243.35
2019-03-09 09:00:00,1552122000.0,14.7496,14.7819,14.7496,14.7592,2515.19
2019-03-09 09:01:00,1552122060.0,14.7577,14.758,14.7358,14.7544,1373.48
2019-03-09 09:02:00,1552122120.0,14.7463,14.7556,14.728,14.7317,2416.36
2019-03-09 09:03:00,1552122180.0,14.728,14.7354,14.728,14.7352,1188.88
2019-03-09 09:04:00,1552122240.0,14.7352,14.7374,14.722,14.7374,605.58
2019-03-09 09:05:00,1552122300.0,14.7374,14.7441,14.6713,14.6923,4391.7
2019-03-09 09:06:00,1552122360.0,14.6924,14.6924,14.65,14.67,2687.19
2019-03-09 09:07:00,1552122420.0,14.673,14.673,14.6528,14.6604,685.8
2019-03-09 09:08:00,1552122480.0,14.6604,14.6685,14.6532,14.6533,350.81
2019-03-09 09:09:00,1552122540.0,14.6533,14.6753,14.6533,14.6652,1286.18
2019-03-09 09:10:00,1552122600.0,14.6652,14.705,14.6652,14.6943,1240.93
2019-03-09 09:11:00,1552122660.0,14.69,14.7043,14.6783,14.6797,4046.99
2019-03-09 09:12:00,1552122720.0,14.6807,14.6932,14.6797,14.6864,509.97
2019-03-09 09:13:00,1552122780.0,14.6865,14.7092,14.6857,14.7092,1203.76
2019-03-09 09:14:00,1552122840.0,14.7131,14.7222,14.7108,14.7161,170.65
2019-03-09 09:15:00,1552122900.0,14.7225,14.7231,14.7104,14.7104,1529.26
2019-03-09 09:16:00,1552122960.0,14.7155,14.716,14.6888,14.6982,2081.04
2019-03-09 09:17:00,1552123020.0,14.6948,14.6997,14.6734,14.6832,508.27
2019-03-09 09:18:00,1552123080.0,14.6819,14.7,14.6758,14.7,1421.69
2019-03-09 09:19:00,1552123140.0,14.6999,14.7,14.6983,14.6983,2331.49
2019-03-09 09:20:00,1552123200.0,14.6988,14.6997,14.682,14.699,759.81
2019-03-09 09:21:00,1552123260.0,14.699,14.7,14.6865,14.6866,1677.87
2019-03-09 09:22:00,1552123320.0,14.6869,14.6972,14.6648,14.6828,2215.15
2019-03-09 09:23:00,1552123380.0,14.6767,14.6846,14.6578,14.67,971.41
2019-03-09 09:24:00,1552123440.0,14.6579,14.6663,14.65,14.6589,1355.54
2019-03-09 09:25:00,1552123500.0,14.6585,14.6589,14.65,14.65,1693.75
2019-03-09 09:26:00,1552123560.0,14.65,14.6603,14.6149,14.6171,5496.98
2019-03-09 09:27:00,1552123620.0,14.6251,14.6252,14.5792,14.5959,4281.66
2019-03-09 09:28:00,1552123680.0,14.5959,14.6031,14.5789,14.5789,596.32
2019-03-09 09:29:00,1552123740.0,14.5916,14.5937,14.5789,14.5826,566.86
2019-03-09 09:30:00,1552123800.0,14.58,14.6133,14.5789,14.6069,3397.29
2019-03-09 09:31:00,1552123860.0,14.6067,14.6149,14.6053,14.6055,254.14
2019-03-09 09:32:00,1552123920.0,14.6122,14.6479,14.6094,14.6329,1428.97
2019-03-09 09:33:00,1552123980.0,14.6346,14.6347,14.6187,14.6187,477.6
2019-03-09 09:34:00,1552124040.0,14.6199,14.6409,14.6199,14.633,317.12
2019-03-09 09:35:00,1552124100.0,14.6406,14.6727,14.6406,14.6727,440.48
2019-03-09 09:36:00,1552124160.0,14.6727,14.707,14.6682,14.6981,1551.25
2019-03-09 09:37:00,1552124220.0,14.7066,14.7221,14.6891,14.7129,4214.4
2019-03-09 09:38:00,1552124280.0,14.7122,14.7221,14.7047,14.71,1184.8
2019-03-09 09:39:00,1552124340.0,14.7099,14.7487,14.7052,14.7357,5628.44
2019-03-09 09:40:00,1552124400.0,14.7357,14.7361,14.69,14.7144,3763.44
2019-03-09 09:41:00,1552124460.0,14.7143,14.7143,14.6987,14.703,1061.57
2019-03-09 09:42:00,1552124520.0,14.7095,14.7096,14.6949,14.6973,1046.23
2019-03-09 09:43:00,1552124580.0,14.6971,14.6971,14.692,14.6936,489.34
2019-03-09 09:44:00,1552124640.0,14.6922,14.6924,14.6892,14.6893,829.45
2019-03-09 09:45:00,1552124700.0,14.6892,14.6893,14.6787,14.6789,1041.9
2019-03-09 09:46:00,1552124760.0,14.679,14.679,14.65,14.668,836.62
2019-03-09 09:47:00,1552124820.0,14.6601,14.6776,14.65,14.6763,1036.74
2019-03-09 09:48:00,1552124880.0,14.6757,14.6836,14.6718,14.6807,1468.97
2019-03-09 09:49:00,1552124940.0,14.6836,14.7095,14.6808,14.7047,1197.91
2019-03-09 09:50:00,1552125000.0,14.7047,14.7181,14.7047,14.7096,2135.69
2019-03-09 09:51:00,1552125060.0,14.7047,14.7214,14.69,14.7078,1383.79
2019-03-09 09:52:00,1552125120.0,14.7077,14.7093,14.6916,14.6987,835.05
2019-03-09 09:53:00,1552125180.0,14.693,14.6981,14.69,14.6942,494.47
2019-03-09 09:54:00,1552125240.0,14.6941,14.7048,14.6869,14.6869,743.5
2019-03-09 09:55:00,1552125300.0,14.6912,14.6924,14.6734,14.6761,1525.32
2019-03-09 09:56:00,1552125360.0,14.6761,14.6835,14.6667,14.6735,1295.05
2019-03-09 09:57:00,1552125420.0,14.6729,14.688,14.6629,14.688,1168.49
2019-03-09 09:58:00,1552125480.0,14.6764,14.6764,14.6578,14.6589,593.11
2019-03-09 09:59:00,1552125540.0,14.658,14.6653,14.65,14.6561,1124.35
2019-03-09 10:00:00,1552125600.0,14.656,14.6643,14.65,14.6553,1636.56
2019-03-09 10:01:00,1552125660.0,14.6494,14.6665,14.6428,14.6537,1100.48
2019-03-09 10:02:00,1552125720.0,14.6537,14.659,14.6537,14.659,1352.5
2019-03-09 10:03:00,1552125780.0,14.659,14.6734,14.6588,14.6677,710.27
2019-03-09 10:04:00,1552125840.0,14.6677,14.6694,14.6603,14.6637,1412.2
2019-03-09 10:05:00,1552125900.0,14.6661,14.6833,14.6619,14.6831,1644.01
2019-03-09 10:06:00,1552125960.0,14.6783,14.6909,14.6783,14.6799,1129.38
2019-03-09 10:07:00,1552126020.0,14.679,14.69,14.6742,14.69,1286.84
2019-03-09 10:08:00,1552126080.0,14.69,14.6987,14.6898,14.6987,1314.33
2019-03-09 10:09:00,1552126140.0,14.6989,14.7016,14.694,14.699,1496.14
2019-03-09 10:10:00,1552126200.0,14.6988,14.7116,14.6988,14.7116,1497.88
2019-03-09 10:11:00,1552126260.0,14.7114,14.7119,14.7035,14.7036,329.31
2019-03-09 10:12:00,1552126320.0,14.7101,14.7101,14.6908,14.6995,1324.87
2019-03-09 10:13:00,1552126380.0,14.6992,14.7099,14.6992,14.7095,2100.07
2019-03-09 10:14:00,1552126440.0,14.7046,14.7099,14.7036,14.7037,1843.67
2019-03-09 10:15:00,1552126500.0,14.7045,14.7099,14.7045,14.7046,1116.02
2019-03-09 10:16:00,1552126560.0,14.7046,14.7046,14.6827,14.6916,2312.56
2019-03-09 10:17:00,1552126620.0,14.6858,14.6858,14.6734,14.6735,62.72
2019-03-09 10:18:00,1552126680.0,14.6736,14.6736,14.6477,14.6499,2517.86
2019-03-09 10:19:00,1552126740.0,14.6432,14.6432,14.604,14.604,1504.2
2019-03-09 10:20:00,1552126800.0,14.6124,14.6218,14.6022,14.6218,1480.64
2019-03-09 10:21:00,1552126860.0,14.6225,14.6226,14.6041,14.6072,1079.74
2019-03-09 10:22:00,1552126920.0,14.6052,14.6167,14.6024,14.6167,1372.91
2019-03-09 10:23:00,1552126980.0,14.61,14.6183,14.6057,14.6163,491.5
2019-03-09 10:24:00,1552127040.0,14.6063,14.613,14.6058,14.6125,2862.01
2019-03-09 10:25:00,1552127100.0,14.6125,14.6183,14.605,14.605,4074.78
2019-03-09 10:26:00,1552127160.0,14.605,14.6082,14.6015,14.6022,2029.56
2019-03-09 10:27:00,1552127220.0,14.6076,14.6076,14.5969,14.5969,1992.11
2019-03-09 10:28:00,1552127280.0,14.5969,14.6,14.5877,14.5976,1419.52
2019-03-09 10:29:00,1552127340.0,14.5971,14.5996,14.5971,14.598,98.93
2019-03-09 10:30:00,1552127400.0,14.5977,14.5997,14.5859,14.5997,785.02
2019-03-09 10:31:00,1552127460.0,14.5905,14.6047,14.59,14.6047,1887.67
2019-03-09 10:32:00,1552127520.0,14.6047,14.6067,14.6005,14.6061,2350.76
2019-03-09 10:33:00,1552127580.0,14.608,14.63,14.606,14.6201,1523.03
2019-03-09 10:34:00,1552127640.0,14.6288,14.6288,14.6127,14.6202,2728.14
2019-03-09 10:35:00,1552127700.0,14.6213,14.6288,14.6203,14.6261,599.13
2019-03-09 10:36:00,1552127760.0,14.6261,14.6343,14.6261,14.6303,953.85
2019-03-09 10:37:00,1552127820.0,14.6324,14.6428,14.6304,14.6335,2290.03
2019-03-09 10:38:00,1552127880.0,14.6479,14.6576,14.6437,14.6437,1534.38
2019-03-09 10:39:00,1552127940.0,14.6525,14.66,14.6439,14.6572,1121.11
2019-03-09 10:40:00,1552128000.0,14.6599,14.6653,14.6599,14.6637,878.63
2019-03-09 10:41:00,1552128060.0,14.6639,14.6764,14.6639,14.6764,980.05
2019-03-09 10:42:00,1552128120.0,14.6764,14.6769,14.669,14.6764,3183.76
2019-03-09 10:43:00,1552128180.0,14.6706,14.6706,14.6449,14.649,1175.0
2019-03-09 10:44:00,1552128240.0,14.6576,14.6576,14.637,14.645,1244.22
2019-03-09 10:45:00,1552128300.0,14.642,14.6449,14.642,14.6449,1457.73
2019-03-09 10:46:00,1552128360.0,14.6436,14.6441,14.6358,14.6358,2087.62
2019-03-09 10:47:00,1552128420.0,14.6375,14.6444,14.634,14.6438,1646.52
2019-03-09 10:48:00,1552128480.0,14.6437,14.65,14.6437,14.65,1816.61
2019-03-09 10:49:00,1552128540.0,14.6596,14.6596,14.6484,14.6564,1226.05
2019-03-09 10:50:00,1552128600.0,14.6501,14.6732,14.6456,14.6456,2240.2
2019-03-09 10:51:00,1552128660.0,14.644,14.6495,14.6307,14.6381,533.41
2019-03-09 10:52:00,1552128720.0,14.6382,14.6382,14.6173,14.6221,396.31
2019-03-09 10:53:00,1552128780.0,14.6131,14.6342,14.6061,14.6252,1237.2
2019-03-09 10:54:00,1552128840.0,14.6282,14.6336,14.6255,14.6255,1397.52
2019-03-09 10:55:00,1552128900.0,14.6283,14.6286,14.5913,14.5923,1275.96
2019-03-09 10:56:00,1552128960.0,14.599,14.6014,14.5843,14.5843,930.4
2019-03-09 10:57:00,1552129020.0,14.582,14.5856,14.55,14.5633,3742.6
2019-03-09 10:58:00,1552129080.0,14.5592,14.6071,14.5592,14.6071,1226.29
2019-03-09 10:59:00,1552129140.0,14.5933,14.6173,14.5831,14.5913,1115.07
2019-03-09 11:00:00,1552129200.0,14.5958,14.6056,14.5902,14.6,1233.39
2019-03-09 11:01:00,1552129260.0,14.5999,14.6001,14.5942,14.5999,2349.72
2019-03-09 11:02:00,1552129320.0,14.5999,14.6013,14.5999,14.6013,2874.37
2019-03-09 11:03:00,1552129380.0,14.6014,14.6133,14.6014,14.6089,2286.33
2019-03-09 11:04:00,1552129440.0,14.61,14.6324,14.6099,14.6322,1288.84
2019-03-09 11:05:00,1552129500.0,14.6238,14.6324,14.6222,14.6298,1539.45
2019-03-09 11:06:00,1552129560.0,14.6263,14.63,14.6132,14.6132,2199.64
2019-03-09 11:07:00,1552129620.0,14.6157,14.6237,14.6157,14.6212,641.69
2019-03-09 11:08:00,1552129680.0,14.6212,14.6215,14.6212,14.6214,726.48
2019-03-09 11:09:00,1552129740.0,14.6214,14.6324,14.6214,14.6277,1758.62
2019-03-09 11:10:00,1552129800.0,14.6296,14.6338,14.6277,14.6324,2214.5
2019-03-09 11:11:00,1552129860.0,14.6324,14.6344,14.6324,14.6332,1529.35
2019-03-09 11:12:00,1552129920.0,14.6329,14.6344,14.6203,14.6277,1766.98
2019-03-09 11:13:00,1552129980.0,14.6277,14.64,14.6277,14.64,3092.57
2019-03-09 11:14:00,1552130040.0,14.64,14.65,14.6399,14.65,1707.84
2019-03-09 11:15:00,1552130100.0,14.65,14.675,14.6452,14.6744,4891.69
2019-03-09 11:16:00,1552130160.0,14.6703,14.7009,14.6677,14.6797,5661.86
2019-03-09 11:17:00,1552130220.0,14.6884,14.6927,14.67,14.6712,4158.3
2019-03-09 11:18:00,1552130280.0,14.6713,14.6713,14.65,14.6506,1477.31
2019-03-09 11:19:00,1552130340.0,14.6587,14.66,14.651,14.6586,3393.52
2019-03-09 11:20:00,1552130400.0,14.6518,14.6629,14.6518,14.6629,1428.59
2019-03-09 11:21:00,1552130460.0,14.6592,14.67,14.6592,14.6668,1934.96
2019-03-09 11:22:00,1552130520.0,14.67,14.6709,14.658,14.6591,3374.78
2019-03-09 11:23:00,1552130580.0,14.659,14.6799,14.6576,14.6712,2906.38
2019-03-09 11:24:00,1552130640.0,14.6734,14.694,14.6734,14.694,2190.92
2019-03-09 11:25:00,1552130700.0,14.6821,14.69,14.6721,14.6781,2291.57
2019-03-09 11:26:00,1552130760.0,14.6789,14.6891,14.6783,14.6815,3354.89
2019-03-09 11:27:00,1552130820.0,14.6793,14.6795,14.6302,14.6339,6651.99
2019-03-09 11:28:00,1552130880.0,14.6335,14.6351,14.6256,14.6351,3550.88
2019-03-09 11:29:00,1552130940.0,14.636,14.6578,14.6224,14.6515,2557.74
2019-03-09 11:30:00,1552131000.0,14.6584,14.6834,14.6582,14.68,5503.55
2019-03-09 11:31:00,1552131060.0,14.68,14.6849,14.6523,14.6733,1902.8
2019-03-09 11:32:00,1552131120.0,14.6693,14.6836,14.6693,14.6829,2431.69
2019-03-09 11:33:00,1552131180.0,14.6827,14.6827,14.6743,14.6743,1261.1
2019-03-09 11:34:00,1552131240.0,14.672,14.6801,14.671,14.674,472.26
2019-03-09 11:35:00,1552131300.0,14.6801,14.7034,14.6771,14.7034,2386.7
2019-03-09 11:36:00,1552131360.0,14.7034,14.71,14.7006,14.71,4587.02
2019-03-09 11:37:00,1552131420.0,14.7041,14.71,14.7016,14.7099,2306.67
2019-03-09 11:38:00,1552131480.0,14.7082,14.7084,14.6995,14.6999,1528.6
2019-03-09 11:39:00,1552131540.0,14.7,14.7,14.657,14.657,1542.76
2019-03-09 11:40:00,1552131600.0,14.657,14.6741,14.65,14.6729,2331.87
2019-03-09 11:41:00,1552131660.0,14.6729,14.6765,14.6599,14.6599,1653.28
2019-03-09 11:42:00,1552131720.0,14.6591,14.7019,14.6591,14.6887,3511.06
2019-03-09 11:43:00,1552131780.0,14.684,14.6889,14.6823,14.6889,634.71
2019-03-09 11:44:00,1552131840.0,14.6896,14.705,14.6895,14.7017,1570.35
2019-03-09 11:45:00,1552131900.0,14.6979,14.7057,14.6896,14.6953,941.16
2019-03-09 11:46:00,1552131960.0,14.6895,14.6895,14.6757,14.6853,1607.19
2019-03-09 11:47:00,1552132020.0,14.6853,14.6895,14.6629,14.6629,3114.28
2019-03-09 11:48:00,1552132080.0,14.6578,14.66,14.6501,14.6555,1873.93
2019-03-09 11:49:00,1552132140.0,14.6553,14.7,14.649,14.7,4089.62
2019-03-09 11:50:00,1552132200.0,14.699,14.7001,14.6802,14.6802,2487.15
2019-03-09 11:51:00,1552132260.0,14.6769,14.6858,14.6745,14.6764,1801.23
2019-03-09 11:52:00,1552132320.0,14.675,14.675,14.66,14.6635,1907.84
2019-03-09 11:53:00,1552132380.0,14.6633,14.7,14.6592,14.6819,5001.94
2019-03-09 11:54:00,1552132440.0,14.6811,14.6997,14.6811,14.6851,1216.83
2019-03-09 11:55:00,1552132500.0,14.6852,14.6939,14.6851,14.6861,2059.79
2019-03-09 11:56:00,1552132560.0,14.6889,14.6932,14.685,14.69,3220.9
2019-03-09 11:57:00,1552132620.0,14.6901,14.7015,14.6901,14.6952,1282.31
2019-03-09 11:58:00,1552132680.0,14.6913,14.6939,14.685,14.6928,2565.84
2019-03-09 11:59:00,1552132740.0,14.6852,14.6892,14.6851,14.6883,769.68
2019-03-09 12:00:00,1552132800.0,14.6882,14.705,14.687,14.6974,2814.18
2019-03-09 12:01:00,1552132860.0,14.7046,14.705,14.692,14.6974,4045.09
2019-03-09 12:02:00,1552132920.0,14.7,14.705,14.698,14.7047,2039.53
2019-03-09 12:03:00,1552132980.0,14.7045,14.7045,14.7,14.7037,1493.64
2019-03-09 12:04:00,1552133040.0,14.7,14.7077,14.7,14.7074,4620.78
2019-03-09 12:05:00,1552133100.0,14.7075,14.7076,14.707,14.7075,2216.81
2019-03-09 12:06:00,1552133160.0,14.7076,14.7076,14.6933,14.7036,3364.83
2019-03-09 12:07:00,1552133220.0,14.7035,14.7036,14.6939,14.6939,1823.72
2019-03-09 12:08:00,1552133280.0,14.6882,14.6936,14.6641,14.6724,3696.9
2019-03-09 12:09:00,1552133340.0,14.6724,14.6724,14.6591,14.6688,759.55
2019-03-09 12:10:00,1552133400.0,14.6687,14.6861,14.66,14.6761,3100.18
2019-03-09 12:11:00,1552133460.0,14.6762,14.6882,14.6624,14.6876,2916.38
2019-03-09 12:12:00,1552133520.0,14.6877,14.7092,14.6876,14.7091,2062.93
2019-03-09 12:13:00,1552133580.0,14.7058,14.71,14.693,14.71,2872.39
2019-03-09 12:14:00,1552133640.0,14.7099,14.7145,14.693,14.6971,3695.73
2019-03-09 12:15:00,1552133700.0,14.7021,14.7401,14.6983,14.734,4120.22
2019-03-09 12:16:00,1552133760.0,14.734,14.7343,14.7191,14.7321,3164.45
2019-03-09 12:17:00,1552133820.0,14.732,14.734,14.7253,14.734,1029.61
2019-03-09 12:18:00,1552133880.0,14.734,14.7534,14.734,14.7422,5603.57
2019-03-09 12:19:00,1552133940.0,14.7422,14.7571,14.72,14.7308,2564.95
2019-03-09 12:20:00,1552134000.0,14.7331,14.7334,14.7328,14.7328,2081.8
2019-03-09 12:21:00,1552134060.0,14.7328,14.7328,14.7071,14.7213,4122.27
2019-03-09 12:22:00,1552134120.0,14.7214,14.73,14.72,14.7275,2316.93
2019-03-09 12:23:00,1552134180.0,14.7297,14.7328,14.7232,14.732,1484.81
2019-03-09 12:24:00,1552134240.0,14.7327,14.7445,14.7299,14.73,2937.21
2019-03-09 12:25:00,1552134300.0,14.7426,14.76,14.7404,14.7504,2473.76
2019-03-09 12:26:00,1552134360.0,14.7523,14.7578,14.7455,14.7518,362.53
2019-03-09 12:27:00,1552134420.0,14.7577,14.7785,14.745,14.75,4905.44
2019-03-09 12:28:00,1552134480.0,14.7453,14.75,14.7448,14.7499,5931.17
2019-03-09 12:29:00,1552134540.0,14.7498,14.7499,14.7328,14.7489,2032.19
2019-03-09 12:30:00,1552134600.0,14.7498,14.7498,14.7385,14.7468,2397.11
2019-03-09 12:31:00,1552134660.0,14.7429,14.7481,14.7308,14.7341,3035.52
2019-03-09 12:32:00,1552134720.0,14.7307,14.7389,14.7306,14.7389,1899.31
2019-03-09 12:33:00,1552134780.0,14.739,14.7438,14.7331,14.74,308.55
2019-03-09 12:34:00,1552134840.0,14.74,14.7426,14.7333,14.7396,198.96
2019-03-09 12:35:00,1552134900.0,14.7396,14.7396,14.7091,14.7176,3467.29
2019-03-09 12:36:00,1552134960.0,14.7154,14.728,14.7091,14.7272,2868.36
2019-03-09 12:37:00,1552135020.0,14.7272,14.7392,14.7272,14.7326,123.3
2019-03-09 12:38:00,1552135080.0,14.7327,14.7383,14.7182,14.7198,1534.98
2019-03-09 12:39:00,1552135140.0,14.7184,14.7254,14.71,14.7193,4037.89
2019-03-09 12:40:00,1552135200.0,14.7193,14.7228,14.7075,14.7193,1913.14
2019-03-09 12:41:00,1552135260.0,14.7272,14.7272,14.718,14.7206,1596.49
2019-03-09 12:42:00,1552135320.0,14.7234,14.7234,14.7127,14.7165,1528.84
2019-03-09 12:43:00,1552135380.0,14.7136,14.7271,14.7001,14.7139,5009.75
2019-03-09 12:44:00,1552135440.0,14.7135,14.7147,14.7094,14.7147,870.53
2019-03-09 12:45:00,1552135500.0,14.714,14.714,14.6822,14.6955,2541.89
2019-03-09 12:46:00,1552135560.0,14.6997,14.7,14.6834,14.69,4007.94
2019-03-09 12:47:00,1552135620.0,14.6899,14.69,14.6821,14.687,2071.3
2019-03-09 12:48:00,1552135680.0,14.6836,14.6941,14.6785,14.6905,5230.09
2019-03-09 12:49:00,1552135740.0,14.688,14.7,14.6827,14.6923,4390.15
2019-03-09 12:50:00,1552135800.0,14.692,14.7,14.6817,14.6932,3160.79
2019-03-09 12:51:00,1552135860.0,14.6928,14.6928,14.68,14.6883,2796.57
2019-03-09 12:52:00,1552135920.0,14.6901,14.7008,14.6901,14.695,4200.06
2019-03-09 12:53:00,1552135980.0,14.6962,14.6962,14.689,14.6891,4562.75
2019-03-09 12:54:00,1552136040.0,14.689,14.689,14.67,14.6712,4641.64
2019-03-09 12:55:00,1552136100.0,14.6693,14.6734,14.6545,14.66,3667.28
2019-03-09 12:56:00,1552136160.0,14.66,14.66,14.6334,14.6352,3747.61
2019-03-09 12:57:00,1552136220.0,14.6458,14.6459,14.63,14.63,2500.95
2019-03-09 12:58:00,1552136280.0,14.6304,14.6693,14.6273,14.6541,6635.05
2019-03-09 12:59:00,1552136340.0,14.6591,14.6926,14.658,14.677,3348.45
2019-03-09 13:00:00,1552136400.0,14.6769,14.687,14.659,14.6712,1576.74
2019-03-09 13:01:00,1552136460.0,14.6744,14.6989,14.6744,14.6934,2008.44
2019-03-09 13:02:00,1552136520.0,14.6945,14.7056,14.6896,14.7056,3150.26
2019-03-09 13:03:00,1552136580.0,14.7066,14.7208,14.7066,14.7183,4194.71
2019-03-09 13:04:00,1552136640.0,14.7184,14.7272,14.7124,14.7193,2783.78
2019-03-09 13:05:00,1552136700.0,14.7192,14.738,14.7192,14.738,4122.6
2019-03-09 13:06:00,1552136760.0,14.738,14.7463,14.7253,14.7295,4161.29
2019-03-09 13:07:00,1552136820.0,14.7359,14.7396,14.7124,14.7234,5131.74
2019-03-09 13:08:00,1552136880.0,14.7283,14.74,14.7234,14.7397,2853.21
2019-03-09 13:09:00,1552136940.0,14.731,14.7883,14.7309,14.7692,8239.79
2019-03-09 13:10:00,1552137000.0,14.7676,14.7676,14.7244,14.7314,2991.57
2019-03-09 13:11:00,1552137060.0,14.7271,14.7313,14.7142,14.72,8435.82
2019-03-09 13:12:00,1552137120.0,14.72,14.7438,14.7124,14.7268,6375.46
2019-03-09 13:13:00,1552137180.0,14.7296,14.7296,14.6943,14.6943,3803.17
2019-03-09 13:14:00,1552137240.0,14.6941,14.6948,14.67,14.67,2136.14
2019-03-09 13:15:00,1552137300.0,14.6791,14.6937,14.679,14.6937,1400.89
2019-03-09 13:16:00,1552137360.0,14.686,14.7155,14.686,14.6957,2909.78
2019-03-09 13:17:00,1552137420.0,14.6948,14.7123,14.6785,14.6882,5235.33
2019-03-09 13:18:00,1552137480.0,14.6836,14.6836,14.67,14.67,3325.28
2019-03-09 13:19:00,1552137540.0,14.6718,14.6814,14.67,14.6734,5927.92
2019-03-09 13:20:00,1552137600.0,14.6736,14.7112,14.6735,14.7,3586.72
2019-03-09 13:21:00,1552137660.0,14.6973,14.6973,14.6904,14.695,4955.75
2019-03-09 13:22:00,1552137720.0,14.6905,14.7019,14.69,14.699,3108.82
2019-03-09 13:23:00,1552137780.0,14.6988,14.7039,14.6848,14.6917,3321.81
2019-03-09 13:24:00,1552137840.0,14.6935,14.7099,14.6935,14.7094,5240.92
2019-03-09 13:25:00,1552137900.0,14.7094,14.7095,14.6926,14.7023,3773.82
2019-03-09 13:26:00,1552137960.0,14.7023,14.7223,14.7009,14.706,9170.6
2019-03-09 13:27:00,1552138020.0,14.7055,14.713,14.6999,14.7041,2693.02
2019-03-09 13:28:00,1552138080.0,14.7067,14.7067,14.7006,14.7036,4194.32
2019-03-09 13:29:00,1552138140.0,14.7083,14.7118,14.703,14.7117,2102.79
2019-03-09 13:30:00,1552138200.0,14.703,14.7126,14.6958,14.6958,4446.01
2019-03-09 13:31:00,1552138260.0,14.6993,14.7037,14.6931,14.6996,4724.74
2019-03-09 13:32:00,1552138320.0,14.6982,14.6996,14.6647,14.6684,5564.75
2019-03-09 13:33:00,1552138380.0,14.6684,14.6684,14.645,14.6518,3741.05
2019-03-09 13:34:00,1552138440.0,14.6527,14.6647,14.65,14.664,7200.4
2019-03-09 13:35:00,1552138500.0,14.664,14.664,14.66,14.6601,4297.9
2019-03-09 13:36:00,1552138560.0,14.6601,14.664,14.6444,14.664,3330.94
2019-03-09 13:37:00,1552138620.0,14.6639,14.6647,14.6419,14.6561,3141.41
2019-03-09 13:38:00,1552138680.0,14.649,14.6527,14.6375,14.6375,3477.37
2019-03-09 13:39:00,1552138740.0,14.6355,14.6458,14.6302,14.636,3303.02
2019-03-09 13:40:00,1552138800.0,14.6436,14.6561,14.634,14.6466,1738.15
2019-03-09 13:41:00,1552138860.0,14.6553,14.6644,14.6548,14.6625,3224.71
2019-03-09 13:42:00,1552138920.0,14.6594,14.6615,14.65,14.65,4919.44
2019-03-09 13:43:00,1552138980.0,14.6524,14.6611,14.65,14.6568,3453.88
2019-03-09 13:44:00,1552139040.0,14.6568,14.6597,14.6515,14.6517,3835.71
2019-03-09 13:45:00,1552139100.0,14.6536,14.671,14.6517,14.6657,3488.32
2019-03-09 13:46:00,1552139160.0,14.6682,14.682,14.6565,14.6565,3198.12
2019-03-09 13:47:00,1552139220.0,14.6603,14.6603,14.6514,14.6549,4243.16
2019-03-09 13:48:00,1552139280.0,14.6542,14.6576,14.628,14.63,5194.86
2019-03-09 13:49:00,1552139340.0,14.6299,14.6402,14.59,14.59,8211.54
2019-03-09 13:50:00,1552139400.0,14.5986,14.639,14.59,14.6305,6435.42
2019-03-09 13:51:00,1552139460.0,14.6305,14.6329,14.5969,14.6018,5843.96
2019-03-09 13:52:00,1552139520.0,14.5976,14.5976,14.56,14.5706,10361.53
2019-03-09 13:53:00,1552139580.0,14.5643,14.5643,14.5333,14.548,2410.46
2019-03-09 13:54:00,1552139640.0,14.5537,14.5537,14.5102,14.5102,3538.15
2019-03-09 13:55:00,1552139700.0,14.5102,14.5129,14.4905,14.4906,5732.33
2019-03-09 13:56:00,1552139760.0,14.499,14.5457,14.4985,14.539,7413.04
2019-03-09 13:57:00,1552139820.0,14.5411,14.5607,14.5356,14.5424,5404.01
2019-03-09 13:58:00,1552139880.0,14.5435,14.5509,14.53,14.5398,7014.92
2019-03-09 13:59:00,1552139940.0,14.5342,14.5475,14.5335,14.5475,2870.66
2019-03-09 14:00:00,1552140000.0,14.548,14.5692,14.546,14.55,1774.19
2019-03-09 14:01:00,1552140060.0,14.5606,14.5693,14.5514,14.5599,955.96
2019-03-09 14:02:00,1552140120.0,14.5599,14.5742,14.55,14.5702,2831.15
2019-03-09 14:03:00,1552140180.0,14.574,14.5743,14.5526,14.5566,3338.49
2019-03-09 14:04:00,1552140240.0,14.5546,14.5605,14.5461,14.5499,1924.24
2019-03-09 14:05:00,1552140300.0,14.5472,14.55,14.495,14.495,9360.55
2019-03-09 14:06:00,1552140360.0,14.5166,14.5167,14.4496,14.4523,7934.02
2019-03-09 14:07:00,1552140420.0,14.4558,14.4791,14.4234,14.4788,4754.9
2019-03-09 14:08:00,1552140480.0,14.4788,14.4821,14.46,14.46,3975.51
2019-03-09 14:09:00,1552140540.0,14.46,14.463,14.4421,14.4502,1852.65
2019-03-09 14:10:00,1552140600.0,14.4502,14.4554,14.4023,14.4087,3873.16
2019-03-09 14:11:00,1552140660.0,14.4083,14.4186,14.38,14.3802,5549.36
2019-03-09 14:12:00,1552140720.0,14.3802,14.3921,14.3602,14.38,6927.67
2019-03-09 14:13:00,1552140780.0,14.3773,14.4013,14.3773,14.38,7030.98
2019-03-09 14:14:00,1552140840.0,14.3743,14.3792,14.3561,14.3564,5879.19
2019-03-09 14:15:00,1552140900.0,14.3647,14.3773,14.3528,14.3708,4564.7
2019-03-09 14:16:00,1552140960.0,14.3655,14.412,14.3602,14.4109,3309.67
2019-03-09 14:17:00,1552141020.0,14.4028,14.4415,14.3963,14.4238,6519.84
2019-03-09 14:18:00,1552141080.0,14.4255,14.4366,14.4237,14.4301,5289.63
2019-03-09 14:19:00,1552141140.0,14.43,14.43,14.4039,14.4081,3783.84
2019-03-09 14:20:00,1552141200.0,14.4118,14.4173,14.4037,14.4154,4281.6
2019-03-09 14:21:00,1552141260.0,14.4215,14.4426,14.4215,14.4426,5336.17
2019-03-09 14:22:00,1552141320.0,14.4403,14.4428,14.4162,14.4168,5842.46
2019-03-09 14:23:00,1552141380.0,14.4179,14.4455,14.4179,14.438,3469.94
2019-03-09 14:24:00,1552141440.0,14.4388,14.4608,14.4387,14.4424,3369.16
2019-03-09 14:25:00,1552141500.0,14.4461,14.45,14.4309,14.4309,6425.84
2019-03-09 14:26:00,1552141560.0,14.4308,14.4321,14.4126,14.4217,2003.33
2019-03-09 14:27:00,1552141620.0,14.4287,14.4299,14.425,14.4295,4459.32
2019-03-09 14:28:00,1552141680.0,14.4293,14.43,14.417,14.43,4233.59
2019-03-09 14:29:00,1552141740.0,14.4239,14.4366,14.4159,14.4321,3735.31
2019-03-09 14:30:00,1552141800.0,14.43,14.4325,14.4203,14.4265,3401.54
2019-03-09 14:31:00,1552141860.0,14.4263,14.4263,14.3802,14.395,4179.97
2019-03-09 14:32:00,1552141920.0,14.3943,14.401,14.3802,14.3931,5048.58
2019-03-09 14:33:00,1552141980.0,14.3896,14.3931,14.2979,14.3502,17244.0
2019-03-09 14:34:00,1552142040.0,14.35,14.35,14.3028,14.332,7806.39
2019-03-09 14:35:00,1552142100.0,14.3321,14.3435,14.3,14.3396,4317.48
2019-03-09 14:36:00,1552142160.0,14.3391,14.3834,14.333,14.375,8545.06
2019-03-09 14:37:00,1552142220.0,14.3822,14.3932,14.3641,14.3851,6216.27
2019-03-09 14:38:00,1552142280.0,14.3891,14.3891,14.357,14.357,4867.21
2019-03-09 14:39:00,1552142340.0,14.3672,14.3888,14.3672,14.3834,5085.68
2019-03-09 14:40:00,1552142400.0,14.3913,14.4035,14.3889,14.3958,6928.4
2019-03-09 14:41:00,1552142460.0,14.3958,14.4205,14.3958,14.4117,2967.94
2019-03-09 14:42:00,1552142520.0,14.4125,14.4138,14.4052,14.412,2342.18
2019-03-09 14:43:00,1552142580.0,14.4086,14.4086,14.38,14.3853,4955.51
2019-03-09 14:44:00,1552142640.0,14.386,14.3898,14.3355,14.3509,1575.44
2019-03-09 14:45:00,1552142700.0,14.3503,14.3514,14.33,14.3396,2202.81
2019-03-09 14:46:00,1552142760.0,14.3334,14.3473,14.3332,14.3395,4744.44
2019-03-09 14:47:00,1552142820.0,14.3399,14.3425,14.33,14.33,3424.22
2019-03-09 14:48:00,1552142880.0,14.3301,14.3374,14.305,14.305,3290.81
2019-03-09 14:49:00,1552142940.0,14.3194,14.3195,14.26,14.2799,5169.69
2019-03-09 14:50:00,1552143000.0,14.28,14.307,14.2739,14.2896,8916.57
2019-03-09 14:51:00,1552143060.0,14.2896,14.29,14.26,14.2776,3140.26
2019-03-09 14:52:00,1552143120.0,14.2674,14.2983,14.2606,14.2908,7184.91
2019-03-09 14:53:00,1552143180.0,14.2913,14.3265,14.2878,14.3265,3942.92
2019-03-09 14:54:00,1552143240.0,14.328,14.3652,14.3059,14.3133,7818.46
2019-03-09 14:55:00,1552143300.0,14.3386,14.3459,14.3,14.3247,6274.1
2019-03-09 14:56:00,1552143360.0,14.3247,14.3356,14.3009,14.3195,4725.67
2019-03-09 14:57:00,1552143420.0,14.3195,14.3418,14.3008,14.3354,4626.05
2019-03-09 14:58:00,1552143480.0,14.3356,14.3512,14.3356,14.3512,4685.62
2019-03-09 14:59:00,1552143540.0,14.3531,14.3715,14.3528,14.37,4831.33
2019-03-09 15:00:00,1552143600.0,14.3715,14.3889,14.37,14.3702,3783.13
2019-03-09 15:01:00,1552143660.0,14.3703,14.3879,14.3418,14.3605,6556.11
2019-03-09 15:02:00,1552143720.0,14.3641,14.3813,14.33,14.3615,6426.64
2019-03-09 15:03:00,1552143780.0,14.3525,14.3584,14.3278,14.3353,3389.49
2019-03-09 15:04:00,1552143840.0,14.335,14.3397,14.322,14.33,1958.7
2019-03-09 15:05:00,1552143900.0,14.3295,14.34,14.328,14.3331,3840.31
2019-03-09 15:06:00,1552143960.0,14.3201,14.3223,14.2956,14.3042,8094.14
2019-03-09 15:07:00,1552144020.0,14.3042,14.3313,14.3042,14.3266,1511.3
2019-03-09 15:08:00,1552144080.0,14.3165,14.353,14.3122,14.3391,4498.97
2019-03-09 15:09:00,1552144140.0,14.339,14.342,14.314,14.3207,3986.71
2019-03-09 15:10:00,1552144200.0,14.318,14.3417,14.3073,14.3417,6185.32
2019-03-09 15:11:00,1552144260.0,14.3355,14.37,14.3355,14.3667,5030.11
2019-03-09 15:12:00,1552144320.0,14.3664,14.3714,14.3602,14.366,4966.72
2019-03-09 15:13:00,1552144380.0,14.366,14.3926,14.366,14.39,5682.69
2019-03-09 15:14:00,1552144440.0,14.39,14.3925,14.3748,14.39,5527.63
2019-03-09 15:15:00,1552144500.0,14.3808,14.399,14.3801,14.3968,5090.69
2019-03-09 15:16:00,1552144560.0,14.3968,14.4614,14.3968,14.4506,7024.47
2019-03-09 15:17:00,1552144620.0,14.46,14.4948,14.46,14.4799,10150.59
2019-03-09 15:18:00,1552144680.0,14.4777,14.4821,14.4387,14.4736,6014.31
2019-03-09 15:19:00,1552144740.0,14.4735,14.5066,14.4369,14.5,14037.75
2019-03-09 15:20:00,1552144800.0,14.5,14.5241,14.4693,14.4842,9464.7
2019-03-09 15:21:00,1552144860.0,14.4864,14.5086,14.4781,14.5009,3527.12
2019-03-09 15:22:00,1552144920.0,14.4995,14.4995,14.477,14.4867,6075.1
2019-03-09 15:23:00,1552144980.0,14.4826,14.4826,14.4633,14.4762,2015.18
2019-03-09 15:24:00,1552145040.0,14.4755,14.4755,14.4514,14.4599,1198.18
2019-03-09 15:25:00,1552145100.0,14.4599,14.4671,14.4001,14.4207,4414.05
2019-03-09 15:26:00,1552145160.0,14.4135,14.4219,14.403,14.403,3733.0
2019-03-09 15:27:00,1552145220.0,14.403,14.4164,14.3692,14.4006,4745.8
2019-03-09 15:28:00,1552145280.0,14.4042,14.5377,14.4034,14.51,29310.21
2019-03-09 15:29:00,1552145340.0,14.5138,14.5544,14.51,14.5293,5914.92
2019-03-09 15:30:00,1552145400.0,14.526,14.585,14.5187,14.5827,3570.9
2019-03-09 15:31:00,1552145460.0,14.5827,14.6,14.5765,14.5997,7546.64
2019-03-09 15:32:00,1552145520.0,14.5998,14.6,14.5771,14.6,3939.16
2019-03-09 15:33:00,1552145580.0,14.6,14.6,14.5567,14.561,2829.85
2019-03-09 15:34:00,1552145640.0,14.5753,14.5851,14.563,14.5851,552.7
2019-03-09 15:35:00,1552145700.0,14.5855,14.5898,14.554,14.5726,1897.87
2019-03-09 15:36:00,1552145760.0,14.5625,14.5721,14.52,14.5263,2762.79
2019-03-09 15:37:00,1552145820.0,14.5263,14.531,14.4888,14.4981,3766.74
2019-03-09 15:38:00,1552145880.0,14.4959,14.4959,14.4428,14.4428,3701.03
2019-03-09 15:39:00,1552145940.0,14.4429,14.4552,14.423,14.4552,1863.49
2019-03-09 15:40:00,1552146000.0,14.4552,14.4822,14.4552,14.481,4414.88
2019-03-09 15:41:00,1552146060.0,14.481,14.5204,14.473,14.5175,3628.06
2019-03-09 15:42:00,1552146120.0,14.5175,14.5452,14.5159,14.5372,2542.44
2019-03-09 15:43:00,1552146180.0,14.536,14.55,14.536,14.5456,1624.19
2019-03-09 15:44:00,1552146240.0,14.5492,14.5504,14.5286,14.5318,2381.37
2019-03-09 15:45:00,1552146300.0,14.5409,14.5409,14.5079,14.5296,3163.61
2019-03-09 15:46:00,1552146360.0,14.5244,14.5459,14.5219,14.5358,2474.33
2019-03-09 15:47:00,1552146420.0,14.5321,14.5406,14.5149,14.52,661.89
2019-03-09 15:48:00,1552146480.0,14.5211,14.5211,14.4834,14.4898,2990.03
2019-03-09 15:49:00,1552146540.0,14.4899,14.4948,14.4687,14.4948,3535.24
2019-03-09 15:50:00,1552146600.0,14.491,14.4985,14.4773,14.48,4744.61
2019-03-09 15:51:00,1552146660.0,14.4834,14.4834,14.4693,14.4796,2506.54
2019-03-09 15:52:00,1552146720.0,14.4796,14.4796,14.4428,14.4428,2944.61
2019-03-09 15:53:00,1552146780.0,14.4421,14.4459,14.4041,14.4129,4160.66
2019-03-09 15:54:00,1552146840.0,14.4235,14.4235,14.4,14.4053,2796.85
2019-03-09 15:55:00,1552146900.0,14.4053,14.4245,14.4053,14.4083,2914.89
2019-03-09 15:56:00,1552146960.0,14.41,14.55,14.4067,14.5,18545.46
2019-03-09 15:57:00,1552147020.0,14.5002,14.52,14.5,14.5162,3939.35
2019-03-09 15:58:00,1552147080.0,14.5048,14.5317,14.5,14.528,6605.91
2019-03-09 15:59:00,1552147140.0,14.5282,14.5458,14.5282,14.5458,1005.01
2019-03-09 16:00:00,1552147200.0,14.5457,14.5559,14.5219,14.5338,3358.5
2019-03-09 16:01:00,1552147260.0,14.537,14.5784,14.5358,14.5731,2990.21
2019-03-09 16:02:00,1552147320.0,14.5746,14.5804,14.5631,14.57,2127.16
2019-03-09 16:03:00,1552147380.0,14.5753,14.5774,14.5546,14.5554,1643.04
2019-03-09 16:04:00,1552147440.0,14.5632,14.5774,14.5625,14.5773,670.04
2019-03-09 16:05:00,1552147500.0,14.5773,14.5876,14.5633,14.575,2992.53
2019-03-09 16:06:00,1552147560.0,14.5787,14.5814,14.558,14.5673,1149.2
2019-03-09 16:07:00,1552147620.0,14.5672,14.58,14.56,14.58,2887.01
2019-03-09 16:08:00,1552147680.0,14.58,14.5865,14.5725,14.5845,1094.71
2019-03-09 16:09:00,1552147740.0,14.5845,14.6,14.5785,14.6,5111.72
2019-03-09 16:10:00,1552147800.0,14.6002,14.6139,14.5884,14.5953,1723.8
2019-03-09 16:11:00,1552147860.0,14.6023,14.6125,14.57,14.5829,2283.06
2019-03-09 16:12:00,1552147920.0,14.5796,14.5881,14.506,14.5301,4702.17
2019-03-09 16:13:00,1552147980.0,14.531,14.5499,14.525,14.5397,2717.42
2019-03-09 16:14:00,1552148040.0,14.5344,14.5464,14.52,14.5268,2641.38
2019-03-09 16:15:00,1552148100.0,14.5253,14.544,14.5039,14.5132,2466.64
2019-03-09 16:16:00,1552148160.0,14.5174,14.5233,14.5036,14.5111,2008.43
2019-03-09 16:17:00,1552148220.0,14.511,14.528,14.511,14.5153,2393.28
2019-03-09 16:18:00,1552148280.0,14.516,14.5277,14.516,14.52,1887.03
2019-03-09 16:19:00,1552148340.0,14.519,14.5223,14.475,14.475,1182.28
2019-03-09 16:20:00,1552148400.0,14.475,14.5128,14.475,14.475,2120.47
2019-03-09 16:21:00,1552148460.0,14.4827,14.5173,14.4754,14.5133,822.82
2019-03-09 16:22:00,1552148520.0,14.5089,14.5173,14.5032,14.5094,973.77
2019-03-09 16:23:00,1552148580.0,14.5165,14.5204,14.4911,14.4956,1270.39
2019-03-09 16:24:00,1552148640.0,14.4904,14.4952,14.4576,14.4752,2068.85
2019-03-09 16:25:00,1552148700.0,14.473,14.4789,14.4428,14.4708,2797.46
2019-03-09 16:26:00,1552148760.0,14.4687,14.4849,14.45,14.461,2378.6
2019-03-09 16:27:00,1552148820.0,14.4499,14.4623,14.41,14.4316,2783.58
2019-03-09 16:28:00,1552148880.0,14.4316,14.4425,14.4278,14.4409,624.99
2019-03-09 16:29:00,1552148940.0,14.4318,14.436,14.4117,14.4214,2253.23
2019-03-09 16:30:00,1552149000.0,14.4214,14.4251,14.3544,14.3544,7554.92
2019-03-09 16:31:00,1552149060.0,14.3729,14.3792,14.3544,14.3771,2067.5
2019-03-09 16:32:00,1552149120.0,14.3712,14.39,14.37,14.3701,1982.86
2019-03-09 16:33:00,1552149180.0,14.3735,14.3926,14.3681,14.3864,1457.21
2019-03-09 16:34:00,1552149240.0,14.3926,14.3926,14.3711,14.3712,1874.88
2019-03-09 16:35:00,1552149300.0,14.3786,14.3787,14.3216,14.3547,4256.85
2019-03-09 16:36:00,1552149360.0,14.3642,14.3652,14.3395,14.35,2311.44
2019-03-09 16:37:00,1552149420.0,14.3447,14.3761,14.3447,14.3701,1816.73
2019-03-09 16:38:00,1552149480.0,14.3613,14.4463,14.3608,14.4314,5379.5
2019-03-09 16:39:00,1552149540.0,14.4322,14.4511,14.4207,14.4268,2070.72
2019-03-09 16:40:00,1552149600.0,14.4309,14.4402,14.4294,14.4393,679.99
2019-03-09 16:41:00,1552149660.0,14.439,14.45,14.4177,14.4198,2661.52
2019-03-09 16:42:00,1552149720.0,14.4197,14.4392,14.4126,14.4219,662.09
2019-03-09 16:43:00,1552149780.0,14.4235,14.4438,14.4235,14.4361,1108.47
2019-03-09 16:44:00,1552149840.0,14.4364,14.4463,14.4364,14.4384,974.25
2019-03-09 16:45:00,1552149900.0,14.4384,14.4447,14.4384,14.4447,783.94
2019-03-09 16:46:00,1552149960.0,14.4447,14.469,14.4384,14.455,3305.99
2019-03-09 16:47:00,1552150020.0,14.4461,14.4462,14.396,14.396,1944.39
2019-03-09 16:48:00,1552150080.0,14.4058,14.4074,14.3855,14.3972,1149.45
2019-03-09 16:49:00,1552150140.0,14.3901,14.3953,14.3801,14.3856,739.16
2019-03-09 16:50:00,1552150200.0,14.3854,14.4265,14.3847,14.4217,2882.11
2019-03-09 16:51:00,1552150260.0,14.4218,14.4312,14.4004,14.4089,2610.42
2019-03-09 16:52:00,1552150320.0,14.408,14.424,14.408,14.4136,468.05
2019-03-09 16:53:00,1552150380.0,14.4132,14.4133,14.3928,14.3984,1227.05
2019-03-09 16:54:00,1552150440.0,14.3981,14.4071,14.3771,14.4048,1303.19
2019-03-09 16:55:00,1552150500.0,14.388,14.4,14.3837,14.4,1225.25
2019-03-09 16:56:00,1552150560.0,14.3897,14.409,14.3897,14.4058,1410.05
2019-03-09 16:57:00,1552150620.0,14.4092,14.4092,14.3673,14.3673,4880.0
2019-03-09 16:58:00,1552150680.0,14.3673,14.3955,14.3461,14.3879,2414.51
2019-03-09 16:59:00,1552150740.0,14.3887,14.3944,14.3818,14.3878,1487.22
2019-03-09 17:00:00,1552150800.0,14.3998,14.43,14.3926,14.43,1083.59
2019-03-09 17:01:00,1552150860.0,14.43,14.4389,14.4151,14.4316,2457.2
2019-03-09 17:02:00,1552150920.0,14.4358,14.4358,14.4139,14.4209,1451.8
2019-03-09 17:03:00,1552150980.0,14.4201,14.4201,14.3928,14.41,1633.11
2019-03-09 17:04:00,1552151040.0,14.4075,14.4075,14.3692,14.3899,1716.92
2019-03-09 17:05:00,1552151100.0,14.3906,14.3955,14.3777,14.3789,1148.68
2019-03-09 17:06:00,1552151160.0,14.38,14.3831,14.3179,14.3257,3821.97
2019-03-09 17:07:00,1552151220.0,14.3327,14.333,14.3156,14.3176,983.46
2019-03-09 17:08:00,1552151280.0,14.3156,14.43,14.3156,14.4,12419.85
2019-03-09 17:09:00,1552151340.0,14.4,14.441,14.4,14.441,3026.03
2019-03-09 17:10:00,1552151400.0,14.4428,14.4469,14.4163,14.4245,1286.72
2019-03-09 17:11:00,1552151460.0,14.4246,14.4441,14.4187,14.4441,777.48
2019-03-09 17:12:00,1552151520.0,14.4442,14.5212,14.4403,14.5,6659.5
2019-03-09 17:13:00,1552151580.0,14.5041,14.5041,14.477,14.4942,3691.73
2019-03-09 17:14:00,1552151640.0,14.4931,14.4982,14.4834,14.4881,998.78
2019-03-09 17:15:00,1552151700.0,14.4887,14.4887,14.4598,14.4598,1534.7
2019-03-09 17:16:00,1552151760.0,14.4596,14.4657,14.4301,14.4301,2573.16
2019-03-09 17:17:00,1552151820.0,14.4338,14.4434,14.4138,14.4285,1761.53
2019-03-09 17:18:00,1552151880.0,14.4369,14.4369,14.421,14.427,403.64
2019-03-09 17:19:00,1552151940.0,14.4266,14.5204,14.4238,14.4752,15464.18
2019-03-09 17:20:00,1552152000.0,14.4815,14.5087,14.4747,14.4855,1992.79
2019-03-09 17:21:00,1552152060.0,14.4855,14.5448,14.4855,14.5399,3726.76
2019-03-09 17:22:00,1552152120.0,14.5325,14.5383,14.52,14.5327,1823.42
2019-03-09 17:23:00,1552152180.0,14.5325,14.5399,14.5152,14.534,4684.25
2019-03-09 17:24:00,1552152240.0,14.5301,14.55,14.5188,14.5495,5336.95
2019-03-09 17:25:00,1552152300.0,14.5495,14.5593,14.536,14.5548,3146.04
2019-03-09 17:26:00,1552152360.0,14.5422,14.5548,14.5204,14.5235,1910.91
2019-03-09 17:27:00,1552152420.0,14.5236,14.5389,14.5205,14.5265,1510.59
2019-03-09 17:28:00,1552152480.0,14.5251,14.53,14.5045,14.5286,2496.18
2019-03-09 17:29:00,1552152540.0,14.5216,14.5323,14.5212,14.5285,1047.98
2019-03-09 17:30:00,1552152600.0,14.5286,14.54,14.528,14.5326,476.29
2019-03-09 17:31:00,1552152660.0,14.5337,14.5391,14.5241,14.5363,1804.87
2019-03-09 17:32:00,1552152720.0,14.5344,14.5358,14.5329,14.5329,1382.25
2019-03-09 17:33:00,1552152780.0,14.53,14.5308,14.5296,14.5304,932.72
2019-03-09 17:34:00,1552152840.0,14.5331,14.5447,14.5331,14.5447,953.45
2019-03-09 17:35:00,1552152900.0,14.5424,14.56,14.5421,14.5599,1400.31
2019-03-09 17:36:00,1552152960.0,14.5599,14.5815,14.5599,14.5815,3554.58
2019-03-09 17:37:00,1552153020.0,14.5815,14.594,14.5743,14.594,1852.49
2019-03-09 17:38:00,1552153080.0,14.5837,14.6,14.5806,14.6,4257.4
2019-03-09 17:39:00,1552153140.0,14.5952,14.6099,14.5463,14.5467,4669.17
2019-03-09 17:40:00,1552153200.0,14.5466,14.5578,14.524,14.5578,2107.33
2019-03-09 17:41:00,1552153260.0,14.5528,14.5577,14.53,14.5379,3438.29
2019-03-09 17:42:00,1552153320.0,14.5301,14.537,14.5006,14.5158,707.83
2019-03-09 17:43:00,1552153380.0,14.5158,14.5299,14.4693,14.4739,2447.9
2019-03-09 17:44:00,1552153440.0,14.4693,14.512,14.4654,14.5015,3688.16
2019-03-09 17:45:00,1552153500.0,14.5143,14.5299,14.5099,14.5142,2719.59
2019-03-09 17:46:00,1552153560.0,14.5142,14.5284,14.5142,14.5243,3004.17
2019-03-09 17:47:00,1552153620.0,14.5243,14.5367,14.4826,14.495,4383.45
2019-03-09 17:48:00,1552153680.0,14.4941,14.5204,14.4856,14.5175,2174.71
2019-03-09 17:49:00,1552153740.0,14.5196,14.53,14.517,14.53,2961.84
2019-03-09 17:50:00,1552153800.0,14.5247,14.5425,14.5241,14.5425,886.5
2019-03-09 17:51:00,1552153860.0,14.5423,14.5427,14.5325,14.5337,698.17
2019-03-09 17:52:00,1552153920.0,14.5428,14.5555,14.5428,14.5555,947.86
2019-03-09 17:53:00,1552153980.0,14.5585,14.5666,14.5504,14.5627,1114.15
2019-03-09 17:54:00,1552154040.0,14.5661,14.5847,14.5627,14.5701,331.63
2019-03-09 17:55:00,1552154100.0,14.5674,14.5848,14.5644,14.5847,768.03
2019-03-09 17:56:00,1552154160.0,14.5848,14.5848,14.5753,14.5754,456.68
2019-03-09 17:57:00,1552154220.0,14.5785,14.5786,14.5669,14.5713,1504.71
2019-03-09 17:58:00,1552154280.0,14.5612,14.5659,14.5503,14.5552,288.14
2019-03-09 17:59:00,1552154340.0,14.5539,14.5567,14.5461,14.5545,2035.63
2019-03-09 18:00:00,1552154400.0,14.5549,14.5549,14.5375,14.54,2550.95
2019-03-09 18:01:00,1552154460.0,14.5438,14.5714,14.5364,14.5714,1993.45
2019-03-09 18:02:00,1552154520.0,14.5625,14.592,14.5624,14.5749,1157.45
2019-03-09 18:03:00,1552154580.0,14.5914,14.6124,14.5867,14.6124,1468.87
2019-03-09 18:04:00,1552154640.0,14.6128,14.64,14.6103,14.64,3702.4
2019-03-09 18:05:00,1552154700.0,14.64,14.64,14.6237,14.6325,1827.84
2019-03-09 18:06:00,1552154760.0,14.6305,14.6398,14.6152,14.6152,1731.28
2019-03-09 18:07:00,1552154820.0,14.617,14.6216,14.6033,14.617,1983.46
2019-03-09 18:08:00,1552154880.0,14.6257,14.63,14.62,14.63,3385.05
2019-03-09 18:09:00,1552154940.0,14.6341,14.6418,14.6323,14.6415,1548.87
2019-03-09 18:10:00,1552155000.0,14.6341,14.6341,14.5886,14.5908,1739.71
2019-03-09 18:11:00,1552155060.0,14.6058,14.6345,14.6058,14.6278,2848.86
2019-03-09 18:12:00,1552155120.0,14.6363,14.6389,14.6178,14.6178,1822.66
2019-03-09 18:13:00,1552155180.0,14.6265,14.6265,14.6038,14.6038,1751.79
2019-03-09 18:14:00,1552155240.0,14.6096,14.6305,14.6,14.6305,3222.91
2019-03-09 18:15:00,1552155300.0,14.6305,14.6305,14.6014,14.6094,3478.98
2019-03-09 18:16:00,1552155360.0,14.6015,14.6248,14.6,14.6239,2217.17
2019-03-09 18:17:00,1552155420.0,14.6241,14.6241,14.6,14.6078,1968.93
2019-03-09 18:18:00,1552155480.0,14.602,14.602,14.5539,14.5592,2578.76
2019-03-09 18:19:00,1552155540.0,14.5588,14.622,14.5562,14.5978,2295.81
2019-03-09 18:20:00,1552155600.0,14.6032,14.6203,14.6023,14.6135,1253.97
2019-03-09 18:21:00,1552155660.0,14.6196,14.6305,14.6196,14.6215,1768.56
2019-03-09 18:22:00,1552155720.0,14.6303,14.6303,14.5918,14.6098,1533.37
2019-03-09 18:23:00,1552155780.0,14.6114,14.6114,14.5851,14.5882,2150.68
2019-03-09 18:24:00,1552155840.0,14.5881,14.5948,14.5743,14.5853,1403.23
2019-03-09 18:25:00,1552155900.0,14.6043,14.63,14.6,14.63,876.11
2019-03-09 18:26:00,1552155960.0,14.6315,14.6315,14.6196,14.6209,1256.86
2019-03-09 18:27:00,1552156020.0,14.6199,14.636,14.6148,14.636,1742.82
2019-03-09 18:28:00,1552156080.0,14.6361,14.6392,14.6275,14.6324,1466.99
2019-03-09 18:29:00,1552156140.0,14.6306,14.6383,14.6266,14.6381,1985.18
2019-03-09 18:30:00,1552156200.0,14.6383,14.6428,14.63,14.63,2297.88
2019-03-09 18:31:00,1552156260.0,14.6298,14.6298,14.5981,14.607,1870.06
2019-03-09 18:32:00,1552156320.0,14.6052,14.6054,14.5794,14.5817,1174.29
2019-03-09 18:33:00,1552156380.0,14.5799,14.5817,14.5714,14.5749,1225.42
2019-03-09 18:34:00,1552156440.0,14.5749,14.575,14.5459,14.5677,1963.94
2019-03-09 18:35:00,1552156500.0,14.5746,14.5963,14.5678,14.591,1080.49
2019-03-09 18:36:00,1552156560.0,14.5886,14.5886,14.5787,14.5824,788.79
2019-03-09 18:37:00,1552156620.0,14.5849,14.5849,14.5704,14.5766,1569.88
2019-03-09 18:38:00,1552156680.0,14.5765,14.5765,14.5758,14.5761,1030.16
2019-03-09 18:39:00,1552156740.0,14.5775,14.58,14.5719,14.5719,2724.95
2019-03-09 18:40:00,1552156800.0,14.5764,14.58,14.5723,14.5771,1005.63
2019-03-09 18:41:00,1552156860.0,14.5795,14.5799,14.5729,14.5729,765.66
2019-03-09 18:42:00,1552156920.0,14.5783,14.5796,14.5407,14.5407,2833.6
2019-03-09 18:43:00,1552156980.0,14.5491,14.5682,14.5466,14.556,2250.64
2019-03-09 18:44:00,1552157040.0,14.5563,14.5609,14.5487,14.5487,1176.94
2019-03-09 18:45:00,1552157100.0,14.5407,14.5597,14.5363,14.5569,2034.23
2019-03-09 18:46:00,1552157160.0,14.5597,14.5872,14.5597,14.5768,2358.2
2019-03-09 18:47:00,1552157220.0,14.5739,14.5767,14.5644,14.5709,4035.86
2019-03-09 18:48:00,1552157280.0,14.571,14.5769,14.5683,14.5683,1058.6
2019-03-09 18:49:00,1552157340.0,14.5683,14.5699,14.5683,14.5699,1696.06
2019-03-09 18:50:00,1552157400.0,14.5699,14.5732,14.5691,14.573,1552.02
2019-03-09 18:51:00,1552157460.0,14.572,14.573,14.5611,14.5613,3490.4
2019-03-09 18:52:00,1552157520.0,14.5611,14.5663,14.5487,14.5663,2856.17
2019-03-09 18:53:00,1552157580.0,14.5613,14.5768,14.5612,14.5704,837.18
2019-03-09 18:54:00,1552157640.0,14.5707,14.5768,14.5703,14.5752,1967.74
2019-03-09 18:55:00,1552157700.0,14.572,14.5723,14.5602,14.5723,2074.53
2019-03-09 18:56:00,1552157760.0,14.5749,14.5767,14.5573,14.5729,5633.78
2019-03-09 18:57:00,1552157820.0,14.5577,14.5619,14.549,14.5546,3312.96
2019-03-09 18:58:00,1552157880.0,14.5574,14.5575,14.5349,14.5428,3301.19
2019-03-09 18:59:00,1552157940.0,14.5426,14.5451,14.5349,14.5359,1374.51
2019-03-09 19:00:00,1552158000.0,14.5399,14.54,14.5175,14.5304,3174.25
2019-03-09 19:01:00,1552158060.0,14.529,14.5339,14.5053,14.5206,3372.85
2019-03-09 19:02:00,1552158120.0,14.52,14.5202,14.5,14.5065,2923.32
2019-03-09 19:03:00,1552158180.0,14.5023,14.51,14.4948,14.5003,5563.04
2019-03-09 19:04:00,1552158240.0,14.5036,14.5276,14.5036,14.5244,2889.11
2019-03-09 19:05:00,1552158300.0,14.518,14.5525,14.5179,14.5311,3510.2
2019-03-09 19:06:00,1552158360.0,14.5314,14.5589,14.5314,14.5589,162.8
2019-03-09 19:07:00,1552158420.0,14.5591,14.5745,14.5591,14.5745,2092.73
2019-03-09 19:08:00,1552158480.0,14.5746,14.5768,14.568,14.5768,2618.53
2019-03-09 19:09:00,1552158540.0,14.568,14.5768,14.5645,14.5731,1257.73
2019-03-09 19:10:00,1552158600.0,14.5693,14.5768,14.5612,14.5698,2787.21
2019-03-09 19:11:00,1552158660.0,14.5759,14.5767,14.5649,14.5649,2376.27
2019-03-09 19:12:00,1552158720.0,14.5684,14.5764,14.5619,14.5764,1832.96
2019-03-09 19:13:00,1552158780.0,14.5767,14.58,14.5724,14.5728,2322.69
2019-03-09 19:14:00,1552158840.0,14.579,14.5953,14.5727,14.5817,2199.24
2019-03-09 19:15:00,1552158900.0,14.5753,14.5898,14.57,14.5774,4502.62
2019-03-09 19:16:00,1552158960.0,14.5823,14.5972,14.5823,14.5908,1753.28
2019-03-09 19:17:00,1552159020.0,14.5935,14.5935,14.5782,14.5864,1574.03
2019-03-09 19:18:00,1552159080.0,14.5856,14.59,14.5714,14.5799,2252.02
2019-03-09 19:19:00,1552159140.0,14.5797,14.5797,14.55,14.5517,2937.39
2019-03-09 19:20:00,1552159200.0,14.5478,14.55,14.5454,14.5454,4984.29
2019-03-09 19:21:00,1552159260.0,14.5447,14.545,14.523,14.5274,4126.5
2019-03-09 19:22:00,1552159320.0,14.537,14.5593,14.5274,14.5483,4764.7
2019-03-09 19:23:00,1552159380.0,14.5427,14.5427,14.5008,14.5008,3778.22
2019-03-09 19:24:00,1552159440.0,14.5162,14.521,14.5081,14.5178,1520.38
2019-03-09 19:25:00,1552159500.0,14.5161,14.5191,14.5159,14.519,4482.11
2019-03-09 19:26:00,1552159560.0,14.5272,14.5276,14.5115,14.5115,2077.61
2019-03-09 19:27:00,1552159620.0,14.5116,14.5304,14.5,14.5199,4114.18
2019-03-09 19:28:00,1552159680.0,14.5198,14.5211,14.5144,14.5196,3910.53
2019-03-09 19:29:00,1552159740.0,14.5184,14.5184,14.4821,14.4934,3707.28
2019-03-09 19:30:00,1552159800.0,14.4934,14.4993,14.48,14.4965,2337.61
2019-03-09 19:31:00,1552159860.0,14.4901,14.4965,14.49,14.4965,2044.88
2019-03-09 19:32:00,1552159920.0,14.494,14.4965,14.488,14.4933,2694.5
2019-03-09 19:33:00,1552159980.0,14.4944,14.4964,14.4749,14.4963,4402.96
2019-03-09 19:34:00,1552160040.0,14.4963,14.4964,14.4897,14.4958,3329.76
2019-03-09 19:35:00,1552160100.0,14.4961,14.5149,14.4922,14.5149,2913.67
2019-03-09 19:36:00,1552160160.0,14.5175,14.5305,14.5166,14.5213,2268.9
2019-03-09 19:37:00,1552160220.0,14.525,14.5445,14.5237,14.5434,2223.15
2019-03-09 19:38:00,1552160280.0,14.5447,14.5457,14.5369,14.5413,1992.5
2019-03-09 19:39:00,1552160340.0,14.5381,14.543,14.5241,14.5241,1101.59
2019-03-09 19:40:00,1552160400.0,14.5249,14.525,14.505,14.5072,975.1
2019-03-09 19:41:00,1552160460.0,14.5031,14.5098,14.5003,14.5073,1889.96
2019-03-09 19:42:00,1552160520.0,14.5098,14.5098,14.49,14.5001,4617.13
2019-03-09 19:43:00,1552160580.0,14.4994,14.5076,14.4994,14.5057,2594.92
2019-03-09 19:44:00,1552160640.0,14.5057,14.5097,14.5011,14.5056,1715.83
2019-03-09 19:45:00,1552160700.0,14.5094,14.514,14.5016,14.5016,3204.79
2019-03-09 19:46:00,1552160760.0,14.5054,14.5095,14.5048,14.5092,1561.78
2019-03-09 19:47:00,1552160820.0,14.503,14.5099,14.5015,14.5099,1178.29
2019-03-09 19:48:00,1552160880.0,14.506,14.5097,14.5033,14.506,2823.05
2019-03-09 19:49:00,1552160940.0,14.5116,14.5146,14.5016,14.5031,2246.94
2019-03-09 19:50:00,1552161000.0,14.5016,14.5093,14.5015,14.5015,4061.59
2019-03-09 19:51:00,1552161060.0,14.5015,14.5037,14.4934,14.5037,3362.96
2019-03-09 19:52:00,1552161120.0,14.5137,14.515,14.5084,14.5123,1876.99
2019-03-09 19:53:00,1552161180.0,14.5149,14.5204,14.5085,14.5128,2386.69
2019-03-09 19:54:00,1552161240.0,14.5126,14.5181,14.5038,14.5119,1690.36
2019-03-09 19:55:00,1552161300.0,14.5062,14.5165,14.5043,14.5044,2338.6
2019-03-09 19:56:00,1552161360.0,14.5046,14.5046,14.4934,14.4934,848.38
2019-03-09 19:57:00,1552161420.0,14.4991,14.5035,14.4939,14.5035,1198.11
2019-03-09 19:58:00,1552161480.0,14.5035,14.5064,14.4938,14.4968,2330.31
2019-03-09 19:59:00,1552161540.0,14.4939,14.5099,14.4939,14.5099,1523.24
2019-03-09 20:00:00,1552161600.0,14.5012,14.5057,14.4874,14.4874,1622.32
2019-03-09 20:01:00,1552161660.0,14.485,14.4874,14.4707,14.4707,3988.07
2019-03-09 20:02:00,1552161720.0,14.4746,14.4808,14.4707,14.4808,3444.61
2019-03-09 20:03:00,1552161780.0,14.4794,14.4815,14.4743,14.4747,2077.63
2019-03-09 20:04:00,1552161840.0,14.4787,14.4987,14.4787,14.4905,2822.21
2019-03-09 20:05:00,1552161900.0,14.4936,14.4949,14.4772,14.4903,3528.17
2019-03-09 20:06:00,1552161960.0,14.4977,14.4977,14.4597,14.4597,4139.55
2019-03-09 20:07:00,1552162020.0,14.4656,14.4792,14.458,14.4609,3512.31
2019-03-09 20:08:00,1552162080.0,14.4576,14.4605,14.4511,14.4548,4938.29
2019-03-09 20:09:00,1552162140.0,14.4524,14.4604,14.451,14.451,3796.16
2019-03-09 20:10:00,1552162200.0,14.451,14.4522,14.4233,14.4251,7584.19
2019-03-09 20:11:00,1552162260.0,14.4264,14.43,14.4045,14.412,5002.45
2019-03-09 20:12:00,1552162320.0,14.4046,14.4188,14.4045,14.4181,3313.05
2019-03-09 20:13:00,1552162380.0,14.4179,14.4197,14.4044,14.4044,3999.13
2019-03-09 20:14:00,1552162440.0,14.4109,14.4212,14.401,14.4212,4886.3
2019-03-09 20:15:00,1552162500.0,14.4298,14.4307,14.41,14.4199,2933.14
2019-03-09 20:16:00,1552162560.0,14.4278,14.431,14.4064,14.4083,4140.72
2019-03-09 20:17:00,1552162620.0,14.41,14.4354,14.401,14.43,6732.24
2019-03-09 20:18:00,1552162680.0,14.4305,14.4349,14.4096,14.4143,4501.77
2019-03-09 20:19:00,1552162740.0,14.4169,14.4321,14.4169,14.4254,3419.1
2019-03-09 20:20:00,1552162800.0,14.4212,14.4263,14.4059,14.4092,3526.67
2019-03-09 20:21:00,1552162860.0,14.4134,14.421,14.4041,14.4175,3722.26
2019-03-09 20:22:00,1552162920.0,14.4207,14.4262,14.4136,14.4174,2492.08
2019-03-09 20:23:00,1552162980.0,14.4174,14.4281,14.4154,14.418,3164.67
2019-03-09 20:24:00,1552163040.0,14.4206,14.4221,14.4136,14.4152,3762.2
2019-03-09 20:25:00,1552163100.0,14.4253,14.4426,14.4163,14.4403,3733.24
2019-03-09 20:26:00,1552163160.0,14.4391,14.4551,14.4391,14.4503,3118.56
2019-03-09 20:27:00,1552163220.0,14.4551,14.4581,14.447,14.447,3903.5
2019-03-09 20:28:00,1552163280.0,14.4496,14.4691,14.4484,14.4641,3254.09
2019-03-09 20:29:00,1552163340.0,14.4643,14.5099,14.4601,14.5015,4448.01
2019-03-09 20:30:00,1552163400.0,14.4953,14.5396,14.4951,14.5294,3818.9
2019-03-09 20:31:00,1552163460.0,14.5233,14.535,14.5113,14.5293,3130.58
2019-03-09 20:32:00,1552163520.0,14.523,14.53,14.4289,14.451,7284.23
2019-03-09 20:33:00,1552163580.0,14.4434,14.4802,14.4432,14.4794,3912.64
2019-03-09 20:34:00,1552163640.0,14.4703,14.4823,14.4553,14.4766,4043.41
2019-03-09 20:35:00,1552163700.0,14.4766,14.4943,14.4666,14.4696,4335.32
2019-03-09 20:36:00,1552163760.0,14.47,14.47,14.4445,14.4476,3429.09
2019-03-09 20:37:00,1552163820.0,14.4476,14.4477,14.4285,14.4285,1138.21
2019-03-09 20:38:00,1552163880.0,14.4312,14.4479,14.4312,14.4479,3452.24
2019-03-09 20:39:00,1552163940.0,14.4483,14.4536,14.4402,14.4475,3665.72
2019-03-09 20:40:00,1552164000.0,14.4474,14.4673,14.4453,14.4502,3028.29
2019-03-09 20:41:00,1552164060.0,14.4499,14.4514,14.4253,14.4253,2584.57
2019-03-09 20:42:00,1552164120.0,14.4277,14.4336,14.4183,14.4183,1545.46
2019-03-09 20:43:00,1552164180.0,14.4184,14.4243,14.4068,14.413,3412.55
2019-03-09 20:44:00,1552164240.0,14.4165,14.4166,14.4021,14.4021,2431.16
2019-03-09 20:45:00,1552164300.0,14.4018,14.41,14.35,14.3646,13954.71
2019-03-09 20:46:00,1552164360.0,14.3639,14.3684,14.3565,14.3637,2676.62
2019-03-09 20:47:00,1552164420.0,14.3608,14.3979,14.3565,14.3823,5115.11
2019-03-09 20:48:00,1552164480.0,14.3783,14.3911,14.37,14.3764,3178.82
2019-03-09 20:49:00,1552164540.0,14.3801,14.3858,14.373,14.3812,4311.64
2019-03-09 20:50:00,1552164600.0,14.3799,14.3799,14.3715,14.3756,2974.24
2019-03-09 20:51:00,1552164660.0,14.3725,14.3764,14.3579,14.361,3026.45
2019-03-09 20:52:00,1552164720.0,14.358,14.3631,14.3567,14.36,2256.74
2019-03-09 20:53:00,1552164780.0,14.3653,14.3765,14.3631,14.3734,4182.14
2019-03-09 20:54:00,1552164840.0,14.3765,14.3768,14.3639,14.3686,4156.29
2019-03-09 20:55:00,1552164900.0,14.3658,14.3669,14.3551,14.3625,3653.15
2019-03-09 20:56:00,1552164960.0,14.3563,14.3768,14.356,14.3709,2415.47
2019-03-09 20:57:00,1552165020.0,14.3739,14.3798,14.3713,14.379,3004.86
2019-03-09 20:58:00,1552165080.0,14.3754,14.3754,14.3699,14.3747,4066.64
2019-03-09 20:59:00,1552165140.0,14.3764,14.3799,14.3669,14.3727,1720.51
2019-03-09 21:00:00,1552165200.0,14.3745,14.3746,14.356,14.3642,4253.84
2019-03-09 21:01:00,1552165260.0,14.3725,14.3825,14.3673,14.3825,2516.54
2019-03-09 21:02:00,1552165320.0,14.3731,14.3804,14.3709,14.3796,2329.86
2019-03-09 21:03:00,1552165380.0,14.3811,14.4122,14.38,14.412,3198.0
2019-03-09 21:04:00,1552165440.0,14.4121,14.4379,14.412,14.42,4666.0
2019-03-09 21:05:00,1552165500.0,14.42,14.4411,14.42,14.4301,1202.11
2019-03-09 21:06:00,1552165560.0,14.4305,14.4358,14.4013,14.405,8490.76
2019-03-09 21:07:00,1552165620.0,14.4023,14.409,14.4,14.4079,2559.49
2019-03-09 21:08:00,1552165680.0,14.4074,14.4125,14.3943,14.3943,3281.6
2019-03-09 21:09:00,1552165740.0,14.4048,14.4092,14.3999,14.4092,2892.82
2019-03-09 21:10:00,1552165800.0,14.4143,14.4178,14.4092,14.4094,4019.78
2019-03-09 21:11:00,1552165860.0,14.4095,14.4202,14.4094,14.4196,2798.91
2019-03-09 21:12:00,1552165920.0,14.4159,14.4166,14.4086,14.4094,4089.43
2019-03-09 21:13:00,1552165980.0,14.4086,14.4244,14.4086,14.4244,2761.66
2019-03-09 21:14:00,1552166040.0,14.4208,14.44,14.4121,14.4349,5403.93
2019-03-09 21:15:00,1552166100.0,14.4329,14.4413,14.4322,14.4356,3438.47
2019-03-09 21:16:00,1552166160.0,14.44,14.4592,14.4396,14.4442,5033.2
2019-03-09 21:17:00,1552166220.0,14.4439,14.4494,14.4309,14.4369,3489.9
2019-03-09 21:18:00,1552166280.0,14.4359,14.4477,14.4354,14.4438,4090.16
2019-03-09 21:19:00,1552166340.0,14.4406,14.4492,14.4284,14.4317,3873.65
2019-03-09 21:20:00,1552166400.0,14.4253,14.4301,14.4085,14.427,3439.39
2019-03-09 21:21:00,1552166460.0,14.4266,14.45,14.4266,14.45,4183.92
2019-03-09 21:22:00,1552166520.0,14.45,14.4576,14.45,14.457,2074.64
2019-03-09 21:23:00,1552166580.0,14.454,14.4575,14.448,14.4489,3038.31
2019-03-09 21:24:00,1552166640.0,14.448,14.4484,14.4332,14.4395,1816.29
2019-03-09 21:25:00,1552166700.0,14.4339,14.4548,14.4339,14.4507,4646.12
2019-03-09 21:26:00,1552166760.0,14.4532,14.454,14.4494,14.4518,2763.89
2019-03-09 21:27:00,1552166820.0,14.4519,14.4519,14.4401,14.4401,3273.43
2019-03-09 21:28:00,1552166880.0,14.4397,14.4465,14.4367,14.4446,3137.8
2019-03-09 21:29:00,1552166940.0,14.4562,14.4574,14.4466,14.4507,2264.68
2019-03-09 21:30:00,1552167000.0,14.4505,14.4567,14.4343,14.4343,3258.21
2019-03-09 21:31:00,1552167060.0,14.4495,14.4517,14.428,14.4447,4326.73
2019-03-09 21:32:00,1552167120.0,14.4352,14.4356,14.42,14.427,2065.45
2019-03-09 21:33:00,1552167180.0,14.4221,14.4273,14.4162,14.4273,1831.62
2019-03-09 21:34:00,1552167240.0,14.4223,14.4236,14.4042,14.4152,2025.02
2019-03-09 21:35:00,1552167300.0,14.4147,14.4175,14.4,14.4094,2006.53
2019-03-09 21:36:00,1552167360.0,14.4071,14.4185,14.4046,14.416,2034.63
2019-03-09 21:37:00,1552167420.0,14.4139,14.4139,14.4,14.4,2244.01
2019-03-09 21:38:00,1552167480.0,14.4041,14.4054,14.3987,14.3997,4662.09
2019-03-09 21:39:00,1552167540.0,14.3987,14.4134,14.3987,14.4007,2225.95
2019-03-09 21:40:00,1552167600.0,14.4011,14.4037,14.4001,14.4037,1789.96
2019-03-09 21:41:00,1552167660.0,14.4011,14.4037,14.3955,14.4037,2649.38
2019-03-09 21:42:00,1552167720.0,14.4032,14.407,14.3985,14.4007,2396.68
2019-03-09 21:43:00,1552167780.0,14.4007,14.4054,14.3992,14.4019,1995.79
2019-03-09 21:44:00,1552167840.0,14.4048,14.4166,14.3911,14.3988,3207.71
2019-03-09 21:45:00,1552167900.0,14.3941,14.4042,14.3798,14.3822,3622.72
2019-03-09 21:46:00,1552167960.0,14.3815,14.3889,14.375,14.375,1842.23
2019-03-09 21:47:00,1552168020.0,14.3798,14.3842,14.3565,14.3571,2879.93
2019-03-09 21:48:00,1552168080.0,14.3563,14.361,14.3546,14.3591,2113.9
2019-03-09 21:49:00,1552168140.0,14.3611,14.3704,14.3547,14.3639,2976.35
2019-03-09 21:50:00,1552168200.0,14.36,14.3674,14.36,14.3651,3539.23
2019-03-09 21:51:00,1552168260.0,14.3638,14.3855,14.3623,14.3799,3533.32
2019-03-09 21:52:00,1552168320.0,14.3765,14.3849,14.3694,14.3771,2127.94
2019-03-09 21:53:00,1552168380.0,14.376,14.3892,14.376,14.3823,2458.11
2019-03-09 21:54:00,1552168440.0,14.3859,14.3921,14.3837,14.3921,2448.09
2019-03-09 21:55:00,1552168500.0,14.3914,14.3921,14.3905,14.3921,2051.42
2019-03-09 21:56:00,1552168560.0,14.3892,14.3955,14.3892,14.3931,4205.19
2019-03-09 21:57:00,1552168620.0,14.3955,14.4,14.3946,14.3965,1564.0
2019-03-09 21:58:00,1552168680.0,14.4,14.4079,14.3892,14.3892,1783.8
2019-03-09 21:59:00,1552168740.0,14.3903,14.3903,14.3789,14.3812,1256.63
2019-03-09 22:00:00,1552168800.0,14.3805,14.3853,14.3777,14.3824,2561.34
2019-03-09 22:01:00,1552168860.0,14.3887,14.4025,14.3887,14.3973,1564.3
2019-03-09 22:02:00,1552168920.0,14.404,14.4046,14.3604,14.3876,2832.08
2019-03-09 22:03:00,1552168980.0,14.3876,14.3894,14.3652,14.3761,2524.2
2019-03-09 22:04:00,1552169040.0,14.3776,14.3797,14.3654,14.3711,1628.02
2019-03-09 22:05:00,1552169100.0,14.3716,14.3761,14.37,14.3729,3192.52
2019-03-09 22:06:00,1552169160.0,14.3764,14.3851,14.3755,14.38,2462.88
2019-03-09 22:07:00,1552169220.0,14.3756,14.3849,14.3743,14.3781,3344.68
2019-03-09 22:08:00,1552169280.0,14.382,14.3968,14.3819,14.392,2783.43
2019-03-09 22:09:00,1552169340.0,14.3976,14.3992,14.3857,14.3893,2177.23
2019-03-09 22:10:00,1552169400.0,14.3904,14.3934,14.3872,14.3872,1762.7
2019-03-09 22:11:00,1552169460.0,14.3842,14.411,14.3757,14.403,2598.73
2019-03-09 22:12:00,1552169520.0,14.4034,14.412,14.3998,14.3998,3329.89
2019-03-09 22:13:00,1552169580.0,14.404,14.42,14.3999,14.4093,2766.71
2019-03-09 22:14:00,1552169640.0,14.4123,14.42,14.4067,14.4153,1981.58
2019-03-09 22:15:00,1552169700.0,14.4164,14.4173,14.4131,14.4163,2237.44
2019-03-09 22:16:00,1552169760.0,14.4134,14.4185,14.4134,14.4165,2494.09
2019-03-09 22:17:00,1552169820.0,14.4168,14.4168,14.4039,14.4055,1698.7
2019-03-09 22:18:00,1552169880.0,14.405,14.4054,14.37,14.37,2984.27
2019-03-09 22:19:00,1552169940.0,14.3689,14.3805,14.36,14.3805,2885.66
2019-03-09 22:20:00,1552170000.0,14.3778,14.3805,14.3632,14.3758,2430.35
2019-03-09 22:21:00,1552170060.0,14.3761,14.3955,14.37,14.3948,3123.7
2019-03-09 22:22:00,1552170120.0,14.3948,14.3948,14.37,14.3722,2754.94
2019-03-09 22:23:00,1552170180.0,14.3715,14.3795,14.355,14.3614,4090.25
2019-03-09 22:24:00,1552170240.0,14.3631,14.3631,14.3525,14.3525,581.22
2019-03-09 22:25:00,1552170300.0,14.3526,14.3548,14.3427,14.3547,3723.42
2019-03-09 22:26:00,1552170360.0,14.3548,14.3645,14.3479,14.3645,1442.55
2019-03-09 22:27:00,1552170420.0,14.3709,14.3724,14.3645,14.3712,521.45
2019-03-09 22:28:00,1552170480.0,14.3674,14.3814,14.3674,14.3734,1400.19
2019-03-09 22:29:00,1552170540.0,14.3755,14.3788,14.3733,14.3735,1953.26
2019-03-09 22:30:00,1552170600.0,14.3666,14.3688,14.3632,14.3632,1249.67
2019-03-09 22:31:00,1552170660.0,14.3673,14.3827,14.3632,14.365,1053.17
2019-03-09 22:32:00,1552170720.0,14.3632,14.3649,14.3504,14.3586,1205.51
2019-03-09 22:33:00,1552170780.0,14.3563,14.4285,14.32,14.3692,18487.6
2019-03-09 22:34:00,1552170840.0,14.3592,14.3597,14.3262,14.3418,1768.43
2019-03-09 22:35:00,1552170900.0,14.3393,14.3567,14.315,14.3291,1942.49
2019-03-09 22:36:00,1552170960.0,14.3351,14.3771,14.3351,14.3723,1850.11
2019-03-09 22:37:00,1552171020.0,14.3723,14.384,14.3665,14.3803,1097.23
2019-03-09 22:38:00,1552171080.0,14.3829,14.3849,14.3478,14.3701,1010.05
2019-03-09 22:39:00,1552171140.0,14.3722,14.3957,14.3722,14.3921,495.18
2019-03-09 22:40:00,1552171200.0,14.3913,14.4064,14.3789,14.3848,1201.32
2019-03-09 22:41:00,1552171260.0,14.3849,14.3893,14.3759,14.3878,1326.23
2019-03-09 22:42:00,1552171320.0,14.3816,14.3919,14.3752,14.3752,781.85
2019-03-09 22:43:00,1552171380.0,14.3674,14.3674,14.3409,14.3509,364.01
2019-03-09 22:44:00,1552171440.0,14.3404,14.3488,14.318,14.33,1305.63
2019-03-09 22:45:00,1552171500.0,14.3226,14.3638,14.318,14.353,2245.54
2019-03-09 22:46:00,1552171560.0,14.3601,14.3824,14.3544,14.3701,1240.65
2019-03-09 22:47:00,1552171620.0,14.3727,14.385,14.3703,14.3835,389.38
2019-03-09 22:48:00,1552171680.0,14.3761,14.3761,14.3519,14.3532,583.5
2019-03-09 22:49:00,1552171740.0,14.3549,14.3598,14.3418,14.3563,546.74
2019-03-09 22:50:00,1552171800.0,14.3498,14.3558,14.3372,14.3378,1182.02
2019-03-09 22:51:00,1552171860.0,14.3395,14.3535,14.3242,14.3511,636.12
2019-03-09 22:52:00,1552171920.0,14.3536,14.3539,14.35,14.3501,1113.11
2019-03-09 22:53:00,1552171980.0,14.3558,14.3559,14.3288,14.3306,1363.67
2019-03-09 22:54:00,1552172040.0,14.327,14.3339,14.305,14.3228,4506.33
2019-03-09 22:55:00,1552172100.0,14.3224,14.3234,14.3115,14.3234,440.5
2019-03-09 22:56:00,1552172160.0,14.3297,14.3409,14.3175,14.3175,764.55
2019-03-09 22:57:00,1552172220.0,14.3231,14.3256,14.313,14.3174,1854.24
2019-03-09 22:58:00,1552172280.0,14.3131,14.3416,14.3131,14.34,848.84
2019-03-09 22:59:00,1552172340.0,14.3395,14.352,14.3315,14.3435,1375.43
2019-03-09 23:00:00,1552172400.0,14.3499,14.3506,14.3207,14.3207,3539.46
2019-03-09 23:01:00,1552172460.0,14.3207,14.3418,14.305,14.3349,6483.42
2019-03-09 23:02:00,1552172520.0,14.3336,14.3898,14.3162,14.379,10624.41
2019-03-09 23:03:00,1552172580.0,14.3775,14.4263,14.3646,14.41,5786.84
2019-03-09 23:04:00,1552172640.0,14.4091,14.4285,14.3955,14.4285,3061.07
2019-03-09 23:05:00,1552172700.0,14.4285,14.45,14.4184,14.4383,2280.61
2019-03-09 23:06:00,1552172760.0,14.4386,14.45,14.4261,14.4395,7210.49
2019-03-09 23:07:00,1552172820.0,14.4406,14.47,14.4395,14.47,4275.74
2019-03-09 23:08:00,1552172880.0,14.4701,14.48,14.4701,14.4703,2243.45
2019-03-09 23:09:00,1552172940.0,14.4703,14.48,14.4671,14.4795,1407.77
2019-03-09 23:10:00,1552173000.0,14.4789,14.485,14.4634,14.485,2409.5
2019-03-09 23:11:00,1552173060.0,14.4753,14.4831,14.4411,14.4513,3653.1
2019-03-09 23:12:00,1552173120.0,14.4435,14.4529,14.4411,14.4445,1166.74
2019-03-09 23:13:00,1552173180.0,14.4444,14.4444,14.4178,14.43,1788.44
2019-03-09 23:14:00,1552173240.0,14.4223,14.4276,14.419,14.4259,1175.16
2019-03-09 23:15:00,1552173300.0,14.4183,14.4291,14.3998,14.4162,2165.56
2019-03-09 23:16:00,1552173360.0,14.4335,14.469,14.4297,14.4363,2385.78
2019-03-09 23:17:00,1552173420.0,14.4498,14.4498,14.4378,14.4418,1311.44
2019-03-09 23:18:00,1552173480.0,14.44,14.453,14.4262,14.4348,1945.66
2019-03-09 23:19:00,1552173540.0,14.4348,14.4368,14.4284,14.4284,276.56
2019-03-09 23:20:00,1552173600.0,14.4285,14.4426,14.4207,14.4212,656.9
2019-03-09 23:21:00,1552173660.0,14.4341,14.4508,14.4184,14.4362,1324.68
2019-03-09 23:22:00,1552173720.0,14.4447,14.4544,14.4374,14.453,382.71
2019-03-09 23:23:00,1552173780.0,14.4551,14.4616,14.4455,14.4616,1885.6
2019-03-09 23:24:00,1552173840.0,14.4689,14.4799,14.4572,14.4784,1292.93
2019-03-09 23:25:00,1552173900.0,14.4785,14.4987,14.4598,14.4987,2657.39
2019-03-09 23:26:00,1552173960.0,14.4888,14.5089,14.4601,14.4698,2640.43
2019-03-09 23:27:00,1552174020.0,14.472,14.4794,14.4556,14.4704,1104.35
2019-03-09 23:28:00,1552174080.0,14.4701,14.4909,14.4652,14.4846,844.23
2019-03-09 23:29:00,1552174140.0,14.4911,14.4987,14.4772,14.4899,1038.81
2019-03-09 23:30:00,1552174200.0,14.4859,14.49,14.4703,14.4703,2166.37
2019-03-09 23:31:00,1552174260.0,14.471,14.4746,14.459,14.4626,844.98
2019-03-09 23:32:00,1552174320.0,14.4555,14.4699,14.45,14.4626,2249.71
2019-03-09 23:33:00,1552174380.0,14.4636,14.4681,14.4614,14.4659,338.58
2019-03-09 23:34:00,1552174440.0,14.4658,14.4794,14.4652,14.4793,644.67
2019-03-09 23:35:00,1552174500.0,14.4796,14.48,14.4631,14.4707,797.52
2019-03-09 23:36:00,1552174560.0,14.4601,14.4601,14.4515,14.4556,672.29
2019-03-09 23:37:00,1552174620.0,14.4555,14.4556,14.4433,14.4433,1316.92
2019-03-09 23:38:00,1552174680.0,14.4404,14.4548,14.4138,14.4548,3689.23
2019-03-09 23:39:00,1552174740.0,14.4547,14.4717,14.4495,14.4623,984.84
2019-03-09 23:40:00,1552174800.0,14.4602,14.4655,14.4496,14.4543,1142.09
2019-03-09 23:41:00,1552174860.0,14.4475,14.4627,14.4474,14.4547,1074.59
2019-03-09 23:42:00,1552174920.0,14.4475,14.4519,14.4253,14.4413,1111.28
2019-03-09 23:43:00,1552174980.0,14.4529,14.4529,14.4229,14.4364,1183.25
2019-03-09 23:44:00,1552175040.0,14.4306,14.4507,14.4306,14.444,1082.12
2019-03-09 23:45:00,1552175100.0,14.449,14.4559,14.42,14.42,1119.72
2019-03-09 23:46:00,1552175160.0,14.4203,14.4386,14.4203,14.4379,723.99
2019-03-09 23:47:00,1552175220.0,14.438,14.438,14.4306,14.4316,1588.44
2019-03-09 23:48:00,1552175280.0,14.4356,14.4415,14.4339,14.4415,349.39
2019-03-09 23:49:00,1552175340.0,14.4442,14.4595,14.435,14.4595,1654.52
2019-03-09 23:50:00,1552175400.0,14.4543,14.4709,14.4484,14.4709,635.7
2019-03-09 23:51:00,1552175460.0,14.4614,14.4815,14.4587,14.4609,1800.08
2019-03-09 23:52:00,1552175520.0,14.4628,14.4675,14.4609,14.4664,3684.61
2019-03-09 23:53:00,1552175580.0,14.4663,14.498,14.4612,14.4936,4260.61
2019-03-09 23:54:00,1552175640.0,14.4936,14.5041,14.4772,14.4975,2982.56
2019-03-09 23:55:00,1552175700.0,14.4921,14.4973,14.4751,14.4751,5617.17
2019-03-09 23:56:00,1552175760.0,14.4738,14.4892,14.4558,14.4668,2365.75
2019-03-09 23:57:00,1552175820.0,14.46,14.4661,14.4473,14.456,2653.02
2019-03-09 23:58:00,1552175880.0,14.4677,14.4731,14.4579,14.473,1087.05
2019-03-09 23:59:00,1552175940.0,14.4691,14.4763,14.4579,14.4651,363.29
