Universal Time,Unix Time,Open,High,Low,Close,Volume
2023-10-21 00:00:00,1697846400.0,0.546,0.547,0.546,0.546,1892.1
2023-10-21 00:01:00,1697846460.0,0.547,0.547,0.547,0.547,4991.1
2023-10-21 00:02:00,1697846520.0,0.547,0.547,0.547,0.547,52.2
2023-10-21 00:03:00,1697846580.0,0.547,0.547,0.547,0.547,0.0
2023-10-21 00:04:00,1697846640.0,0.548,0.549,0.548,0.549,19577.8
2023-10-21 00:05:00,1697846700.0,0.548,0.549,0.548,0.549,2042.5
2023-10-21 00:06:00,1697846760.0,0.549,0.549,0.548,0.548,4751.8
2023-10-21 00:07:00,1697846820.0,0.549,0.549,0.548,0.548,10594.1
2023-10-21 00:08:00,1697846880.0,0.548,0.548,0.547,0.547,7829.8
2023-10-21 00:09:00,1697846940.0,0.547,0.547,0.547,0.547,1828.1
2023-10-21 00:10:00,1697847000.0,0.548,0.548,0.547,0.547,148.4
2023-10-21 00:11:00,1697847060.0,0.547,0.547,0.547,0.547,0.0
2023-10-21 00:12:00,1697847120.0,0.547,0.547,0.547,0.547,11675.0
2023-10-21 00:13:00,1697847180.0,0.548,0.548,0.548,0.548,492.7
2023-10-21 00:14:00,1697847240.0,0.547,0.547,0.547,0.547,101.4
2023-10-21 00:15:00,1697847300.0,0.547,0.547,0.547,0.547,941.9
2023-10-21 00:16:00,1697847360.0,0.547,0.548,0.547,0.548,5185.5
2023-10-21 00:17:00,1697847420.0,0.548,0.549,0.548,0.548,15021.2
2023-10-21 00:18:00,1697847480.0,0.548,0.548,0.548,0.548,0.0
2023-10-21 00:19:00,1697847540.0,0.548,0.548,0.548,0.548,0.0
2023-10-21 00:20:00,1697847600.0,0.548,0.548,0.548,0.548,2134.8
2023-10-21 00:21:00,1697847660.0,0.548,0.548,0.548,0.548,11627.5
2023-10-21 00:22:00,1697847720.0,0.548,0.548,0.548,0.548,9697.4
2023-10-21 00:23:00,1697847780.0,0.548,0.549,0.548,0.549,15691.2
2023-10-21 00:24:00,1697847840.0,0.548,0.548,0.547,0.547,61188.0
2023-10-21 00:25:00,1697847900.0,0.548,0.548,0.548,0.548,1277.4
2023-10-21 00:26:00,1697847960.0,0.547,0.548,0.547,0.548,12621.3
2023-10-21 00:27:00,1697848020.0,0.549,0.549,0.549,0.549,55.3
2023-10-21 00:28:00,1697848080.0,0.548,0.548,0.548,0.548,14710.5
2023-10-21 00:29:00,1697848140.0,0.548,0.548,0.548,0.548,38710.7
2023-10-21 00:30:00,1697848200.0,0.548,0.548,0.548,0.548,111.8
2023-10-21 00:31:00,1697848260.0,0.548,0.548,0.548,0.548,0.0
2023-10-21 00:32:00,1697848320.0,0.548,0.548,0.548,0.548,66.2
2023-10-21 00:33:00,1697848380.0,0.548,0.548,0.548,0.548,141.5
2023-10-21 00:34:00,1697848440.0,0.548,0.548,0.548,0.548,205.9
2023-10-21 00:35:00,1697848500.0,0.547,0.547,0.547,0.547,12.0
2023-10-21 00:36:00,1697848560.0,0.547,0.547,0.547,0.547,128.5
2023-10-21 00:37:00,1697848620.0,0.547,0.547,0.547,0.547,1448.2
2023-10-21 00:38:00,1697848680.0,0.547,0.548,0.547,0.548,11626.0
2023-10-21 00:39:00,1697848740.0,0.547,0.547,0.546,0.546,5686.3
2023-10-21 00:40:00,1697848800.0,0.546,0.547,0.546,0.547,507.6
2023-10-21 00:41:00,1697848860.0,0.546,0.546,0.546,0.546,10.5
2023-10-21 00:42:00,1697848920.0,0.546,0.547,0.546,0.547,22284.7
2023-10-21 00:43:00,1697848980.0,0.546,0.547,0.546,0.547,1018.4
2023-10-21 00:44:00,1697849040.0,0.546,0.546,0.545,0.545,9573.3
2023-10-21 00:45:00,1697849100.0,0.546,0.546,0.546,0.546,7108.4
2023-10-21 00:46:00,1697849160.0,0.546,0.546,0.546,0.546,0.0
2023-10-21 00:47:00,1697849220.0,0.547,0.547,0.546,0.546,11897.2
2023-10-21 00:48:00,1697849280.0,0.546,0.546,0.546,0.546,15433.1
2023-10-21 00:49:00,1697849340.0,0.547,0.547,0.547,0.547,38564.1
2023-10-21 00:50:00,1697849400.0,0.547,0.547,0.547,0.547,29.0
2023-10-21 00:51:00,1697849460.0,0.547,0.547,0.547,0.547,15426.4
2023-10-21 00:52:00,1697849520.0,0.547,0.547,0.546,0.546,2956.2
2023-10-21 00:53:00,1697849580.0,0.546,0.546,0.546,0.546,0.0
2023-10-21 00:54:00,1697849640.0,0.546,0.546,0.546,0.546,11029.6
2023-10-21 00:55:00,1697849700.0,0.547,0.547,0.547,0.547,19.7
2023-10-21 00:56:00,1697849760.0,0.547,0.547,0.546,0.546,23728.8
2023-10-21 00:57:00,1697849820.0,0.546,0.546,0.546,0.546,386.0
2023-10-21 00:58:00,1697849880.0,0.547,0.547,0.546,0.546,1449.7
2023-10-21 00:59:00,1697849940.0,0.546,0.546,0.546,0.546,0.0
2023-10-21 01:00:00,1697850000.0,0.546,0.547,0.546,0.547,2309.6
2023-10-21 01:01:00,1697850060.0,0.546,0.546,0.546,0.546,508.9
2023-10-21 01:02:00,1697850120.0,0.547,0.547,0.547,0.547,2158.0
2023-10-21 01:03:00,1697850180.0,0.546,0.546,0.546,0.546,1398.0
2023-10-21 01:04:00,1697850240.0,0.546,0.547,0.546,0.547,1595.3
2023-10-21 01:05:00,1697850300.0,0.547,0.547,0.547,0.547,0.0
2023-10-21 01:06:00,1697850360.0,0.546,0.546,0.546,0.546,506.7
2023-10-21 01:07:00,1697850420.0,0.546,0.546,0.546,0.546,0.0
2023-10-21 01:08:00,1697850480.0,0.546,0.546,0.546,0.546,0.0
2023-10-21 01:09:00,1697850540.0,0.547,0.547,0.547,0.547,202.8
2023-10-21 01:10:00,1697850600.0,0.546,0.546,0.546,0.546,203.7
2023-10-21 01:11:00,1697850660.0,0.547,0.547,0.547,0.547,731.8
2023-10-21 01:12:00,1697850720.0,0.547,0.547,0.547,0.547,365.6
2023-10-21 01:13:00,1697850780.0,0.547,0.547,0.547,0.547,0.0
2023-10-21 01:14:00,1697850840.0,0.547,0.547,0.547,0.547,504.4
2023-10-21 01:15:00,1697850900.0,0.546,0.547,0.546,0.547,1460.5
2023-10-21 01:16:00,1697850960.0,0.547,0.547,0.547,0.547,744.2
2023-10-21 01:17:00,1697851020.0,0.547,0.547,0.547,0.547,0.0
2023-10-21 01:18:00,1697851080.0,0.546,0.546,0.546,0.546,218.1
2023-10-21 01:19:00,1697851140.0,0.546,0.546,0.546,0.546,24.1
2023-10-21 01:20:00,1697851200.0,0.546,0.547,0.546,0.547,1057.2
2023-10-21 01:21:00,1697851260.0,0.547,0.547,0.547,0.547,0.0
2023-10-21 01:22:00,1697851320.0,0.547,0.547,0.547,0.547,10.1
2023-10-21 01:23:00,1697851380.0,0.547,0.547,0.547,0.547,6972.5
2023-10-21 01:24:00,1697851440.0,0.548,0.548,0.547,0.547,4561.9
2023-10-21 01:25:00,1697851500.0,0.547,0.548,0.547,0.548,37.3
2023-10-21 01:26:00,1697851560.0,0.547,0.547,0.547,0.547,12703.6
2023-10-21 01:27:00,1697851620.0,0.547,0.547,0.547,0.547,0.0
2023-10-21 01:28:00,1697851680.0,0.547,0.547,0.546,0.546,1584.5
2023-10-21 01:29:00,1697851740.0,0.546,0.546,0.546,0.546,0.0
2023-10-21 01:30:00,1697851800.0,0.547,0.547,0.547,0.547,11.4
2023-10-21 01:31:00,1697851860.0,0.546,0.546,0.546,0.546,1080.6
2023-10-21 01:32:00,1697851920.0,0.546,0.546,0.546,0.546,0.0
2023-10-21 01:33:00,1697851980.0,0.547,0.547,0.546,0.546,207.3
2023-10-21 01:34:00,1697852040.0,0.546,0.547,0.546,0.547,16452.8
2023-10-21 01:35:00,1697852100.0,0.547,0.547,0.547,0.547,3649.6
2023-10-21 01:36:00,1697852160.0,0.546,0.546,0.546,0.546,2096.9
2023-10-21 01:37:00,1697852220.0,0.546,0.546,0.546,0.546,6291.0
2023-10-21 01:38:00,1697852280.0,0.546,0.546,0.545,0.545,3791.3
2023-10-21 01:39:00,1697852340.0,0.545,0.545,0.545,0.545,94.0
2023-10-21 01:40:00,1697852400.0,0.546,0.546,0.545,0.546,11884.1
2023-10-21 01:41:00,1697852460.0,0.546,0.546,0.546,0.546,0.0
2023-10-21 01:42:00,1697852520.0,0.546,0.546,0.546,0.546,0.0
2023-10-21 01:43:00,1697852580.0,0.546,0.547,0.546,0.547,13477.9
2023-10-21 01:44:00,1697852640.0,0.546,0.546,0.546,0.546,7299.4
2023-10-21 01:45:00,1697852700.0,0.546,0.546,0.546,0.546,0.0
2023-10-21 01:46:00,1697852760.0,0.546,0.546,0.546,0.546,501.3
2023-10-21 01:47:00,1697852820.0,0.546,0.546,0.546,0.546,0.0
2023-10-21 01:48:00,1697852880.0,0.546,0.547,0.546,0.547,15413.4
2023-10-21 01:49:00,1697852940.0,0.547,0.547,0.547,0.547,31.9
2023-10-21 01:50:00,1697853000.0,0.546,0.546,0.546,0.546,12.9
2023-10-21 01:51:00,1697853060.0,0.547,0.547,0.547,0.547,73.1
2023-10-21 01:52:00,1697853120.0,0.546,0.546,0.546,0.546,88.8
2023-10-21 01:53:00,1697853180.0,0.546,0.547,0.546,0.547,9741.4
2023-10-21 01:54:00,1697853240.0,0.547,0.547,0.546,0.547,325.2
2023-10-21 01:55:00,1697853300.0,0.546,0.546,0.546,0.546,634.9
2023-10-21 01:56:00,1697853360.0,0.546,0.546,0.546,0.546,4372.0
2023-10-21 01:57:00,1697853420.0,0.546,0.546,0.546,0.546,9741.8
2023-10-21 01:58:00,1697853480.0,0.546,0.546,0.546,0.546,3781.9
2023-10-21 01:59:00,1697853540.0,0.546,0.546,0.546,0.546,4420.1
2023-10-21 02:00:00,1697853600.0,0.546,0.546,0.545,0.545,25282.8
2023-10-21 02:01:00,1697853660.0,0.545,0.545,0.545,0.545,5546.5
2023-10-21 02:02:00,1697853720.0,0.545,0.545,0.545,0.545,156.7
2023-10-21 02:03:00,1697853780.0,0.545,0.545,0.545,0.545,0.0
2023-10-21 02:04:00,1697853840.0,0.545,0.545,0.545,0.545,0.0
2023-10-21 02:05:00,1697853900.0,0.546,0.546,0.545,0.545,232.4
2023-10-21 02:06:00,1697853960.0,0.546,0.546,0.546,0.546,900.0
2023-10-21 02:07:00,1697854020.0,0.545,0.546,0.545,0.546,4392.5
2023-10-21 02:08:00,1697854080.0,0.546,0.546,0.546,0.546,2182.8
2023-10-21 02:09:00,1697854140.0,0.546,0.546,0.546,0.546,0.0
2023-10-21 02:10:00,1697854200.0,0.546,0.546,0.546,0.546,16.1
2023-10-21 02:11:00,1697854260.0,0.546,0.546,0.546,0.546,0.0
2023-10-21 02:12:00,1697854320.0,0.547,0.547,0.547,0.547,122.3
2023-10-21 02:13:00,1697854380.0,0.547,0.547,0.547,0.547,0.0
2023-10-21 02:14:00,1697854440.0,0.547,0.547,0.547,0.547,26.8
2023-10-21 02:15:00,1697854500.0,0.546,0.546,0.546,0.546,1848.0
2023-10-21 02:16:00,1697854560.0,0.546,0.546,0.546,0.546,0.0
2023-10-21 02:17:00,1697854620.0,0.546,0.546,0.546,0.546,0.0
2023-10-21 02:18:00,1697854680.0,0.547,0.547,0.547,0.547,55.3
2023-10-21 02:19:00,1697854740.0,0.547,0.547,0.547,0.547,0.0
2023-10-21 02:20:00,1697854800.0,0.547,0.547,0.547,0.547,2146.7
2023-10-21 02:21:00,1697854860.0,0.546,0.548,0.546,0.547,9432.0
2023-10-21 02:22:00,1697854920.0,0.548,0.548,0.548,0.548,12.6
2023-10-21 02:23:00,1697854980.0,0.548,0.548,0.548,0.548,0.0
2023-10-21 02:24:00,1697855040.0,0.548,0.548,0.548,0.548,0.0
2023-10-21 02:25:00,1697855100.0,0.547,0.548,0.547,0.548,19512.9
2023-10-21 02:26:00,1697855160.0,0.548,0.548,0.548,0.548,3117.6
2023-10-21 02:27:00,1697855220.0,0.548,0.548,0.548,0.548,0.0
2023-10-21 02:28:00,1697855280.0,0.548,0.548,0.548,0.548,0.0
2023-10-21 02:29:00,1697855340.0,0.548,0.548,0.548,0.548,332.4
2023-10-21 02:30:00,1697855400.0,0.548,0.548,0.548,0.548,11.0
2023-10-21 02:31:00,1697855460.0,0.548,0.548,0.548,0.548,6490.2
2023-10-21 02:32:00,1697855520.0,0.548,0.548,0.548,0.548,12607.9
2023-10-21 02:33:00,1697855580.0,0.547,0.548,0.547,0.547,30202.3
2023-10-21 02:34:00,1697855640.0,0.547,0.548,0.547,0.547,979.8
2023-10-21 02:35:00,1697855700.0,0.547,0.547,0.547,0.547,0.0
2023-10-21 02:36:00,1697855760.0,0.548,0.548,0.548,0.548,547.4
2023-10-21 02:37:00,1697855820.0,0.548,0.548,0.548,0.548,0.0
2023-10-21 02:38:00,1697855880.0,0.548,0.548,0.548,0.548,0.0
2023-10-21 02:39:00,1697855940.0,0.547,0.547,0.547,0.547,17.1
2023-10-21 02:40:00,1697856000.0,0.547,0.547,0.547,0.547,0.0
2023-10-21 02:41:00,1697856060.0,0.548,0.548,0.547,0.547,51.0
2023-10-21 02:42:00,1697856120.0,0.547,0.547,0.547,0.547,109.7
2023-10-21 02:43:00,1697856180.0,0.547,0.547,0.547,0.547,17.1
2023-10-21 02:44:00,1697856240.0,0.548,0.548,0.547,0.547,376.7
2023-10-21 02:45:00,1697856300.0,0.547,0.547,0.547,0.547,0.0
2023-10-21 02:46:00,1697856360.0,0.547,0.547,0.547,0.547,0.0
2023-10-21 02:47:00,1697856420.0,0.548,0.549,0.547,0.549,13680.7
2023-10-21 02:48:00,1697856480.0,0.549,0.549,0.549,0.549,0.0
2023-10-21 02:49:00,1697856540.0,0.549,0.549,0.549,0.549,331.2
2023-10-21 02:50:00,1697856600.0,0.548,0.549,0.548,0.548,323.1
2023-10-21 02:51:00,1697856660.0,0.548,0.548,0.548,0.548,7008.2
2023-10-21 02:52:00,1697856720.0,0.548,0.548,0.548,0.548,5094.0
2023-10-21 02:53:00,1697856780.0,0.548,0.549,0.548,0.549,232.2
2023-10-21 02:54:00,1697856840.0,0.549,0.549,0.549,0.549,137.9
2023-10-21 02:55:00,1697856900.0,0.549,0.549,0.549,0.549,162.0
2023-10-21 02:56:00,1697856960.0,0.549,0.549,0.549,0.549,6181.8
2023-10-21 02:57:00,1697857020.0,0.549,0.549,0.549,0.549,0.0
2023-10-21 02:58:00,1697857080.0,0.548,0.549,0.548,0.549,478.1
2023-10-21 02:59:00,1697857140.0,0.549,0.549,0.549,0.549,0.0
2023-10-21 03:00:00,1697857200.0,0.549,0.549,0.549,0.549,101.6
2023-10-21 03:01:00,1697857260.0,0.549,0.549,0.549,0.549,761.8
2023-10-21 03:02:00,1697857320.0,0.549,0.549,0.549,0.549,0.0
2023-10-21 03:03:00,1697857380.0,0.549,0.549,0.548,0.548,118.7
2023-10-21 03:04:00,1697857440.0,0.548,0.548,0.548,0.548,1367.9
2023-10-21 03:05:00,1697857500.0,0.548,0.548,0.548,0.548,50.0
2023-10-21 03:06:00,1697857560.0,0.548,0.548,0.548,0.548,0.0
2023-10-21 03:07:00,1697857620.0,0.548,0.548,0.548,0.548,1466.3
2023-10-21 03:08:00,1697857680.0,0.548,0.548,0.548,0.548,0.0
2023-10-21 03:09:00,1697857740.0,0.548,0.548,0.547,0.548,38946.7
2023-10-21 03:10:00,1697857800.0,0.548,0.548,0.548,0.548,0.0
2023-10-21 03:11:00,1697857860.0,0.548,0.548,0.548,0.548,102.6
2023-10-21 03:12:00,1697857920.0,0.547,0.547,0.547,0.547,72.9
2023-10-21 03:13:00,1697857980.0,0.547,0.547,0.547,0.547,0.0
2023-10-21 03:14:00,1697858040.0,0.547,0.547,0.547,0.547,0.0
2023-10-21 03:15:00,1697858100.0,0.548,0.549,0.548,0.548,64912.2
2023-10-21 03:16:00,1697858160.0,0.549,0.549,0.548,0.549,1242.9
2023-10-21 03:17:00,1697858220.0,0.549,0.55,0.549,0.549,20505.0
2023-10-21 03:18:00,1697858280.0,0.549,0.549,0.549,0.549,9070.8
2023-10-21 03:19:00,1697858340.0,0.549,0.549,0.549,0.549,1344.1
2023-10-21 03:20:00,1697858400.0,0.549,0.549,0.549,0.549,284.7
2023-10-21 03:21:00,1697858460.0,0.549,0.549,0.549,0.549,1996.3
2023-10-21 03:22:00,1697858520.0,0.549,0.549,0.549,0.549,0.0
2023-10-21 03:23:00,1697858580.0,0.549,0.549,0.549,0.549,0.0
2023-10-21 03:24:00,1697858640.0,0.549,0.549,0.549,0.549,0.0
2023-10-21 03:25:00,1697858700.0,0.549,0.549,0.549,0.549,0.0
2023-10-21 03:26:00,1697858760.0,0.549,0.549,0.549,0.549,0.0
2023-10-21 03:27:00,1697858820.0,0.55,0.55,0.549,0.549,1563.1
2023-10-21 03:28:00,1697858880.0,0.549,0.549,0.549,0.549,0.0
2023-10-21 03:29:00,1697858940.0,0.549,0.549,0.549,0.549,0.0
2023-10-21 03:30:00,1697859000.0,0.549,0.549,0.549,0.549,0.0
2023-10-21 03:31:00,1697859060.0,0.549,0.549,0.549,0.549,60.8
2023-10-21 03:32:00,1697859120.0,0.549,0.549,0.549,0.549,0.0
2023-10-21 03:33:00,1697859180.0,0.549,0.549,0.549,0.549,0.0
2023-10-21 03:34:00,1697859240.0,0.549,0.549,0.549,0.549,786.4
2023-10-21 03:35:00,1697859300.0,0.549,0.549,0.549,0.549,14.0
2023-10-21 03:36:00,1697859360.0,0.549,0.549,0.549,0.549,0.0
2023-10-21 03:37:00,1697859420.0,0.549,0.549,0.549,0.549,915.7
2023-10-21 03:38:00,1697859480.0,0.549,0.549,0.549,0.549,100.0
2023-10-21 03:39:00,1697859540.0,0.549,0.549,0.549,0.549,0.0
2023-10-21 03:40:00,1697859600.0,0.549,0.55,0.549,0.55,1364.4
2023-10-21 03:41:00,1697859660.0,0.55,0.55,0.55,0.55,0.0
2023-10-21 03:42:00,1697859720.0,0.549,0.549,0.549,0.549,3642.9
2023-10-21 03:43:00,1697859780.0,0.549,0.549,0.549,0.549,405.8
2023-10-21 03:44:00,1697859840.0,0.549,0.549,0.549,0.549,241.3
2023-10-21 03:45:00,1697859900.0,0.55,0.55,0.55,0.55,130.0
2023-10-21 03:46:00,1697859960.0,0.55,0.55,0.55,0.55,15351.0
2023-10-21 03:47:00,1697860020.0,0.55,0.55,0.549,0.549,23442.9
2023-10-21 03:48:00,1697860080.0,0.549,0.549,0.549,0.549,24575.0
2023-10-21 03:49:00,1697860140.0,0.549,0.549,0.549,0.549,0.0
2023-10-21 03:50:00,1697860200.0,0.55,0.55,0.549,0.549,9708.2
2023-10-21 03:51:00,1697860260.0,0.549,0.549,0.549,0.549,18.1
2023-10-21 03:52:00,1697860320.0,0.549,0.549,0.549,0.549,241.7
2023-10-21 03:53:00,1697860380.0,0.549,0.549,0.549,0.549,465.8
2023-10-21 03:54:00,1697860440.0,0.549,0.549,0.549,0.549,147.5
2023-10-21 03:55:00,1697860500.0,0.549,0.549,0.549,0.549,0.0
2023-10-21 03:56:00,1697860560.0,0.549,0.549,0.549,0.549,0.0
2023-10-21 03:57:00,1697860620.0,0.549,0.549,0.549,0.549,0.0
2023-10-21 03:58:00,1697860680.0,0.549,0.55,0.549,0.549,1694.2
2023-10-21 03:59:00,1697860740.0,0.549,0.549,0.549,0.549,0.0
2023-10-21 04:00:00,1697860800.0,0.549,0.55,0.549,0.55,1224.0
2023-10-21 04:01:00,1697860860.0,0.55,0.55,0.55,0.55,1921.6
2023-10-21 04:02:00,1697860920.0,0.549,0.549,0.549,0.549,20.0
2023-10-21 04:03:00,1697860980.0,0.549,0.549,0.549,0.549,49.0
2023-10-21 04:04:00,1697861040.0,0.549,0.549,0.549,0.549,4067.9
2023-10-21 04:05:00,1697861100.0,0.549,0.549,0.549,0.549,0.0
2023-10-21 04:06:00,1697861160.0,0.55,0.55,0.55,0.55,727.2
2023-10-21 04:07:00,1697861220.0,0.55,0.55,0.55,0.55,0.0
2023-10-21 04:08:00,1697861280.0,0.55,0.55,0.55,0.55,30.5
2023-10-21 04:09:00,1697861340.0,0.55,0.55,0.55,0.55,0.0
2023-10-21 04:10:00,1697861400.0,0.549,0.549,0.549,0.549,900.0
2023-10-21 04:11:00,1697861460.0,0.549,0.549,0.549,0.549,0.0
2023-10-21 04:12:00,1697861520.0,0.549,0.549,0.549,0.549,0.0
2023-10-21 04:13:00,1697861580.0,0.55,0.551,0.55,0.55,6923.3
2023-10-21 04:14:00,1697861640.0,0.55,0.55,0.55,0.55,6877.4
2023-10-21 04:15:00,1697861700.0,0.549,0.549,0.549,0.549,9.5
2023-10-21 04:16:00,1697861760.0,0.549,0.55,0.549,0.55,1514.0
2023-10-21 04:17:00,1697861820.0,0.549,0.549,0.549,0.549,66.7
2023-10-21 04:18:00,1697861880.0,0.549,0.549,0.549,0.549,0.0
2023-10-21 04:19:00,1697861940.0,0.549,0.549,0.549,0.549,6071.1
2023-10-21 04:20:00,1697862000.0,0.549,0.549,0.549,0.549,18.5
2023-10-21 04:21:00,1697862060.0,0.548,0.548,0.548,0.548,2493.8
2023-10-21 04:22:00,1697862120.0,0.549,0.549,0.549,0.549,31.8
2023-10-21 04:23:00,1697862180.0,0.549,0.549,0.549,0.549,0.0
2023-10-21 04:24:00,1697862240.0,0.549,0.549,0.549,0.549,84.4
2023-10-21 04:25:00,1697862300.0,0.549,0.549,0.549,0.549,61.0
2023-10-21 04:26:00,1697862360.0,0.548,0.549,0.548,0.549,6685.7
2023-10-21 04:27:00,1697862420.0,0.55,0.55,0.55,0.55,545.5
2023-10-21 04:28:00,1697862480.0,0.55,0.55,0.55,0.55,0.0
2023-10-21 04:29:00,1697862540.0,0.55,0.55,0.55,0.55,36.5
2023-10-21 04:30:00,1697862600.0,0.549,0.549,0.549,0.549,111.5
2023-10-21 04:31:00,1697862660.0,0.549,0.549,0.549,0.549,0.0
2023-10-21 04:32:00,1697862720.0,0.549,0.549,0.549,0.549,100.0
2023-10-21 04:33:00,1697862780.0,0.549,0.549,0.549,0.549,0.0
2023-10-21 04:34:00,1697862840.0,0.549,0.55,0.549,0.55,127.6
2023-10-21 04:35:00,1697862900.0,0.55,0.55,0.55,0.55,0.0
2023-10-21 04:36:00,1697862960.0,0.55,0.55,0.55,0.55,588.3
2023-10-21 04:37:00,1697863020.0,0.55,0.55,0.55,0.55,696.1
2023-10-21 04:38:00,1697863080.0,0.55,0.55,0.55,0.55,0.0
2023-10-21 04:39:00,1697863140.0,0.55,0.55,0.55,0.55,0.0
2023-10-21 04:40:00,1697863200.0,0.549,0.549,0.549,0.549,9437.1
2023-10-21 04:41:00,1697863260.0,0.549,0.549,0.549,0.549,0.0
2023-10-21 04:42:00,1697863320.0,0.549,0.55,0.549,0.55,9499.9
2023-10-21 04:43:00,1697863380.0,0.55,0.55,0.55,0.55,0.0
2023-10-21 04:44:00,1697863440.0,0.55,0.55,0.55,0.55,0.0
2023-10-21 04:45:00,1697863500.0,0.55,0.55,0.55,0.55,0.0
2023-10-21 04:46:00,1697863560.0,0.55,0.55,0.55,0.55,0.0
2023-10-21 04:47:00,1697863620.0,0.55,0.55,0.55,0.55,147.1
2023-10-21 04:48:00,1697863680.0,0.55,0.55,0.55,0.55,0.0
2023-10-21 04:49:00,1697863740.0,0.55,0.55,0.55,0.55,2500.0
2023-10-21 04:50:00,1697863800.0,0.549,0.549,0.549,0.549,253.5
2023-10-21 04:51:00,1697863860.0,0.55,0.55,0.549,0.549,1361.0
2023-10-21 04:52:00,1697863920.0,0.549,0.549,0.549,0.549,940.0
2023-10-21 04:53:00,1697863980.0,0.549,0.549,0.549,0.549,0.0
2023-10-21 04:54:00,1697864040.0,0.549,0.549,0.549,0.549,3354.2
2023-10-21 04:55:00,1697864100.0,0.549,0.55,0.549,0.55,1780.1
2023-10-21 04:56:00,1697864160.0,0.55,0.55,0.55,0.55,0.0
2023-10-21 04:57:00,1697864220.0,0.55,0.55,0.55,0.55,260.2
2023-10-21 04:58:00,1697864280.0,0.549,0.549,0.549,0.549,187.2
2023-10-21 04:59:00,1697864340.0,0.55,0.55,0.55,0.55,348.2
2023-10-21 05:00:00,1697864400.0,0.549,0.55,0.549,0.55,660.4
2023-10-21 05:01:00,1697864460.0,0.55,0.55,0.549,0.55,213.0
2023-10-21 05:02:00,1697864520.0,0.549,0.549,0.549,0.549,84.4
2023-10-21 05:03:00,1697864580.0,0.55,0.55,0.55,0.55,74.5
2023-10-21 05:04:00,1697864640.0,0.55,0.55,0.55,0.55,0.0
2023-10-21 05:05:00,1697864700.0,0.55,0.55,0.55,0.55,39.7
2023-10-21 05:06:00,1697864760.0,0.55,0.55,0.55,0.55,0.0
2023-10-21 05:07:00,1697864820.0,0.549,0.55,0.549,0.549,503.6
2023-10-21 05:08:00,1697864880.0,0.549,0.549,0.549,0.549,0.0
2023-10-21 05:09:00,1697864940.0,0.549,0.549,0.549,0.549,290.2
2023-10-21 05:10:00,1697865000.0,0.55,0.55,0.55,0.55,13.1
2023-10-21 05:11:00,1697865060.0,0.55,0.55,0.55,0.55,2218.1
2023-10-21 05:12:00,1697865120.0,0.55,0.55,0.55,0.55,20.0
2023-10-21 05:13:00,1697865180.0,0.55,0.55,0.55,0.55,90.9
2023-10-21 05:14:00,1697865240.0,0.55,0.55,0.55,0.55,108.6
2023-10-21 05:15:00,1697865300.0,0.55,0.55,0.55,0.55,0.0
2023-10-21 05:16:00,1697865360.0,0.55,0.55,0.55,0.55,0.0
2023-10-21 05:17:00,1697865420.0,0.55,0.55,0.55,0.55,3636.3
2023-10-21 05:18:00,1697865480.0,0.55,0.55,0.55,0.55,0.0
2023-10-21 05:19:00,1697865540.0,0.55,0.55,0.55,0.55,28.3
2023-10-21 05:20:00,1697865600.0,0.55,0.55,0.55,0.55,0.0
2023-10-21 05:21:00,1697865660.0,0.549,0.549,0.549,0.549,1876.4
2023-10-21 05:22:00,1697865720.0,0.549,0.549,0.549,0.549,0.0
2023-10-21 05:23:00,1697865780.0,0.549,0.55,0.549,0.55,240.0
2023-10-21 05:24:00,1697865840.0,0.55,0.55,0.55,0.55,551.6
2023-10-21 05:25:00,1697865900.0,0.55,0.55,0.55,0.55,330.9
2023-10-21 05:26:00,1697865960.0,0.55,0.55,0.55,0.55,46.2
2023-10-21 05:27:00,1697866020.0,0.55,0.55,0.55,0.55,0.0
2023-10-21 05:28:00,1697866080.0,0.549,0.549,0.549,0.549,1906.7
2023-10-21 05:29:00,1697866140.0,0.549,0.549,0.549,0.549,0.0
2023-10-21 05:30:00,1697866200.0,0.549,0.549,0.549,0.549,64.1
2023-10-21 05:31:00,1697866260.0,0.549,0.549,0.549,0.549,165.0
2023-10-21 05:32:00,1697866320.0,0.549,0.549,0.549,0.549,0.0
2023-10-21 05:33:00,1697866380.0,0.549,0.549,0.549,0.549,0.0
2023-10-21 05:34:00,1697866440.0,0.55,0.55,0.55,0.55,17042.7
2023-10-21 05:35:00,1697866500.0,0.55,0.55,0.55,0.55,0.0
2023-10-21 05:36:00,1697866560.0,0.55,0.55,0.55,0.55,27.2
2023-10-21 05:37:00,1697866620.0,0.549,0.549,0.549,0.549,4678.6
2023-10-21 05:38:00,1697866680.0,0.55,0.55,0.55,0.55,54.5
2023-10-21 05:39:00,1697866740.0,0.549,0.55,0.549,0.55,2456.7
2023-10-21 05:40:00,1697866800.0,0.55,0.55,0.55,0.55,0.0
2023-10-21 05:41:00,1697866860.0,0.549,0.549,0.549,0.549,669.9
2023-10-21 05:42:00,1697866920.0,0.549,0.549,0.549,0.549,85.3
2023-10-21 05:43:00,1697866980.0,0.549,0.549,0.549,0.549,0.0
2023-10-21 05:44:00,1697867040.0,0.549,0.549,0.549,0.549,0.0
2023-10-21 05:45:00,1697867100.0,0.549,0.549,0.549,0.549,0.0
2023-10-21 05:46:00,1697867160.0,0.549,0.549,0.549,0.549,0.0
2023-10-21 05:47:00,1697867220.0,0.549,0.549,0.549,0.549,0.0
2023-10-21 05:48:00,1697867280.0,0.549,0.549,0.549,0.549,138.9
2023-10-21 05:49:00,1697867340.0,0.549,0.549,0.549,0.549,0.0
2023-10-21 05:50:00,1697867400.0,0.549,0.549,0.549,0.549,0.0
2023-10-21 05:51:00,1697867460.0,0.549,0.549,0.549,0.549,0.0
2023-10-21 05:52:00,1697867520.0,0.549,0.549,0.549,0.549,0.0
2023-10-21 05:53:00,1697867580.0,0.549,0.549,0.549,0.549,0.0
2023-10-21 05:54:00,1697867640.0,0.55,0.55,0.55,0.55,1203.1
2023-10-21 05:55:00,1697867700.0,0.549,0.549,0.549,0.549,881.1
2023-10-21 05:56:00,1697867760.0,0.549,0.549,0.549,0.549,0.0
2023-10-21 05:57:00,1697867820.0,0.549,0.549,0.549,0.549,0.0
2023-10-21 05:58:00,1697867880.0,0.549,0.55,0.549,0.55,62.5
2023-10-21 05:59:00,1697867940.0,0.549,0.549,0.549,0.549,177.2
2023-10-21 06:00:00,1697868000.0,0.55,0.55,0.549,0.549,721.7
2023-10-21 06:01:00,1697868060.0,0.549,0.549,0.549,0.549,1201.8
2023-10-21 06:02:00,1697868120.0,0.55,0.55,0.55,0.55,1454.5
2023-10-21 06:03:00,1697868180.0,0.549,0.549,0.549,0.549,11262.1
2023-10-21 06:04:00,1697868240.0,0.55,0.55,0.55,0.55,248.8
2023-10-21 06:05:00,1697868300.0,0.55,0.55,0.55,0.55,9.1
2023-10-21 06:06:00,1697868360.0,0.55,0.55,0.55,0.55,454.5
2023-10-21 06:07:00,1697868420.0,0.55,0.55,0.55,0.55,0.0
2023-10-21 06:08:00,1697868480.0,0.55,0.55,0.55,0.55,79.9
2023-10-21 06:09:00,1697868540.0,0.549,0.549,0.549,0.549,36.9
2023-10-21 06:10:00,1697868600.0,0.549,0.549,0.549,0.549,0.0
2023-10-21 06:11:00,1697868660.0,0.55,0.55,0.55,0.55,403.0
2023-10-21 06:12:00,1697868720.0,0.55,0.55,0.55,0.55,96.9
2023-10-21 06:13:00,1697868780.0,0.55,0.55,0.55,0.55,92.3
2023-10-21 06:14:00,1697868840.0,0.55,0.55,0.55,0.55,120.6
2023-10-21 06:15:00,1697868900.0,0.55,0.55,0.55,0.55,1271.2
2023-10-21 06:16:00,1697868960.0,0.55,0.551,0.55,0.551,20676.4
2023-10-21 06:17:00,1697869020.0,0.55,0.55,0.55,0.55,43.2
2023-10-21 06:18:00,1697869080.0,0.55,0.55,0.55,0.55,0.0
2023-10-21 06:19:00,1697869140.0,0.55,0.55,0.55,0.55,0.0
2023-10-21 06:20:00,1697869200.0,0.55,0.551,0.55,0.55,9042.6
2023-10-21 06:21:00,1697869260.0,0.55,0.55,0.55,0.55,0.0
2023-10-21 06:22:00,1697869320.0,0.551,0.551,0.55,0.55,2743.5
2023-10-21 06:23:00,1697869380.0,0.55,0.55,0.55,0.55,348.2
2023-10-21 06:24:00,1697869440.0,0.55,0.551,0.55,0.55,2429.3
2023-10-21 06:25:00,1697869500.0,0.55,0.55,0.55,0.55,0.0
2023-10-21 06:26:00,1697869560.0,0.55,0.55,0.55,0.55,0.0
2023-10-21 06:27:00,1697869620.0,0.55,0.55,0.55,0.55,0.0
2023-10-21 06:28:00,1697869680.0,0.551,0.552,0.551,0.551,12407.1
2023-10-21 06:29:00,1697869740.0,0.551,0.551,0.551,0.551,0.0
2023-10-21 06:30:00,1697869800.0,0.551,0.555,0.55,0.552,195922.2
2023-10-21 06:31:00,1697869860.0,0.552,0.553,0.552,0.552,42494.9
2023-10-21 06:32:00,1697869920.0,0.552,0.552,0.552,0.552,72.3
2023-10-21 06:33:00,1697869980.0,0.553,0.554,0.553,0.553,13505.8
2023-10-21 06:34:00,1697870040.0,0.553,0.553,0.552,0.552,18123.0
2023-10-21 06:35:00,1697870100.0,0.551,0.551,0.551,0.551,229.1
2023-10-21 06:36:00,1697870160.0,0.552,0.552,0.552,0.552,927.6
2023-10-21 06:37:00,1697870220.0,0.552,0.552,0.552,0.552,67.6
2023-10-21 06:38:00,1697870280.0,0.551,0.551,0.551,0.551,82.4
2023-10-21 06:39:00,1697870340.0,0.552,0.552,0.552,0.552,55.3
2023-10-21 06:40:00,1697870400.0,0.552,0.552,0.551,0.551,1478.4
2023-10-21 06:41:00,1697870460.0,0.551,0.551,0.551,0.551,130.3
2023-10-21 06:42:00,1697870520.0,0.551,0.552,0.551,0.552,970.0
2023-10-21 06:43:00,1697870580.0,0.552,0.554,0.552,0.554,105370.6
2023-10-21 06:44:00,1697870640.0,0.554,0.554,0.553,0.553,9644.0
2023-10-21 06:45:00,1697870700.0,0.552,0.553,0.552,0.553,39610.6
2023-10-21 06:46:00,1697870760.0,0.553,0.553,0.553,0.553,1023.0
2023-10-21 06:47:00,1697870820.0,0.554,0.554,0.554,0.554,11360.6
2023-10-21 06:48:00,1697870880.0,0.554,0.556,0.554,0.555,16896.7
2023-10-21 06:49:00,1697870940.0,0.555,0.555,0.554,0.554,14730.0
2023-10-21 06:50:00,1697871000.0,0.555,0.555,0.554,0.554,1025.9
2023-10-21 06:51:00,1697871060.0,0.554,0.554,0.554,0.554,0.0
2023-10-21 06:52:00,1697871120.0,0.555,0.555,0.554,0.554,823.0
2023-10-21 06:53:00,1697871180.0,0.555,0.555,0.555,0.555,559.4
2023-10-21 06:54:00,1697871240.0,0.554,0.555,0.554,0.554,1855.3
2023-10-21 06:55:00,1697871300.0,0.554,0.555,0.554,0.554,1627.7
2023-10-21 06:56:00,1697871360.0,0.554,0.554,0.554,0.554,248.3
2023-10-21 06:57:00,1697871420.0,0.554,0.555,0.554,0.554,19281.1
2023-10-21 06:58:00,1697871480.0,0.554,0.554,0.554,0.554,0.0
2023-10-21 06:59:00,1697871540.0,0.555,0.555,0.555,0.555,32.4
2023-10-21 07:00:00,1697871600.0,0.555,0.555,0.554,0.554,430.0
2023-10-21 07:01:00,1697871660.0,0.554,0.554,0.554,0.554,4150.6
2023-10-21 07:02:00,1697871720.0,0.554,0.554,0.552,0.552,4655.9
2023-10-21 07:03:00,1697871780.0,0.552,0.553,0.552,0.552,763.0
2023-10-21 07:04:00,1697871840.0,0.553,0.554,0.553,0.554,12817.4
2023-10-21 07:05:00,1697871900.0,0.554,0.554,0.554,0.554,19.9
2023-10-21 07:06:00,1697871960.0,0.553,0.554,0.553,0.554,15571.7
2023-10-21 07:07:00,1697872020.0,0.553,0.553,0.553,0.553,8558.8
2023-10-21 07:08:00,1697872080.0,0.553,0.553,0.553,0.553,30.8
2023-10-21 07:09:00,1697872140.0,0.553,0.553,0.552,0.552,1263.4
2023-10-21 07:10:00,1697872200.0,0.553,0.553,0.553,0.553,19.3
2023-10-21 07:11:00,1697872260.0,0.552,0.552,0.552,0.552,1662.6
2023-10-21 07:12:00,1697872320.0,0.553,0.554,0.553,0.554,11936.5
2023-10-21 07:13:00,1697872380.0,0.553,0.553,0.552,0.552,3484.5
2023-10-21 07:14:00,1697872440.0,0.552,0.553,0.552,0.553,219.5
2023-10-21 07:15:00,1697872500.0,0.553,0.553,0.553,0.553,90.9
2023-10-21 07:16:00,1697872560.0,0.553,0.553,0.553,0.553,0.0
2023-10-21 07:17:00,1697872620.0,0.552,0.552,0.552,0.552,60.3
2023-10-21 07:18:00,1697872680.0,0.553,0.554,0.553,0.554,5454.1
2023-10-21 07:19:00,1697872740.0,0.554,0.554,0.554,0.554,56.8
2023-10-21 07:20:00,1697872800.0,0.553,0.554,0.553,0.554,50.1
2023-10-21 07:21:00,1697872860.0,0.554,0.554,0.553,0.553,219.7
2023-10-21 07:22:00,1697872920.0,0.553,0.553,0.553,0.553,258.1
2023-10-21 07:23:00,1697872980.0,0.553,0.553,0.553,0.553,63.8
2023-10-21 07:24:00,1697873040.0,0.553,0.553,0.553,0.553,4159.6
2023-10-21 07:25:00,1697873100.0,0.553,0.553,0.552,0.552,14406.7
2023-10-21 07:26:00,1697873160.0,0.553,0.553,0.553,0.553,4828.1
2023-10-21 07:27:00,1697873220.0,0.553,0.553,0.553,0.553,0.0
2023-10-21 07:28:00,1697873280.0,0.554,0.554,0.554,0.554,223.1
2023-10-21 07:29:00,1697873340.0,0.554,0.554,0.553,0.553,2017.7
2023-10-21 07:30:00,1697873400.0,0.554,0.554,0.554,0.554,54.0
2023-10-21 07:31:00,1697873460.0,0.554,0.554,0.554,0.554,266.6
2023-10-21 07:32:00,1697873520.0,0.554,0.554,0.553,0.554,94.9
2023-10-21 07:33:00,1697873580.0,0.554,0.554,0.554,0.554,36.1
2023-10-21 07:34:00,1697873640.0,0.554,0.554,0.554,0.554,0.0
2023-10-21 07:35:00,1697873700.0,0.554,0.554,0.554,0.554,1428.8
2023-10-21 07:36:00,1697873760.0,0.554,0.554,0.554,0.554,2172.6
2023-10-21 07:37:00,1697873820.0,0.553,0.553,0.553,0.553,63.0
2023-10-21 07:38:00,1697873880.0,0.554,0.554,0.553,0.553,47.8
2023-10-21 07:39:00,1697873940.0,0.554,0.555,0.554,0.555,28561.7
2023-10-21 07:40:00,1697874000.0,0.555,0.555,0.554,0.554,277.2
2023-10-21 07:41:00,1697874060.0,0.554,0.554,0.554,0.554,0.0
2023-10-21 07:42:00,1697874120.0,0.554,0.554,0.554,0.554,0.0
2023-10-21 07:43:00,1697874180.0,0.555,0.555,0.555,0.555,6047.8
2023-10-21 07:44:00,1697874240.0,0.555,0.555,0.555,0.555,0.0
2023-10-21 07:45:00,1697874300.0,0.554,0.555,0.554,0.554,212037.1
2023-10-21 07:46:00,1697874360.0,0.554,0.554,0.554,0.554,0.0
2023-10-21 07:47:00,1697874420.0,0.555,0.555,0.555,0.555,42.3
2023-10-21 07:48:00,1697874480.0,0.555,0.556,0.555,0.556,26182.1
2023-10-21 07:49:00,1697874540.0,0.555,0.556,0.555,0.555,10206.2
2023-10-21 07:50:00,1697874600.0,0.555,0.556,0.555,0.556,306.9
2023-10-21 07:51:00,1697874660.0,0.555,0.555,0.555,0.555,5221.5
2023-10-21 07:52:00,1697874720.0,0.555,0.555,0.555,0.555,1780.2
2023-10-21 07:53:00,1697874780.0,0.555,0.555,0.555,0.555,0.0
2023-10-21 07:54:00,1697874840.0,0.554,0.554,0.554,0.554,12.9
2023-10-21 07:55:00,1697874900.0,0.554,0.554,0.554,0.554,141.9
2023-10-21 07:56:00,1697874960.0,0.554,0.554,0.554,0.554,0.0
2023-10-21 07:57:00,1697875020.0,0.554,0.554,0.554,0.554,0.0
2023-10-21 07:58:00,1697875080.0,0.555,0.555,0.554,0.554,582.9
2023-10-21 07:59:00,1697875140.0,0.555,0.555,0.554,0.554,192.4
2023-10-21 08:00:00,1697875200.0,0.555,0.556,0.555,0.555,10824.8
2023-10-21 08:01:00,1697875260.0,0.555,0.555,0.555,0.555,0.0
2023-10-21 08:02:00,1697875320.0,0.554,0.554,0.554,0.554,4706.7
2023-10-21 08:03:00,1697875380.0,0.554,0.554,0.554,0.554,0.0
2023-10-21 08:04:00,1697875440.0,0.553,0.553,0.553,0.553,205.0
2023-10-21 08:05:00,1697875500.0,0.554,0.554,0.554,0.554,9.3
2023-10-21 08:06:00,1697875560.0,0.553,0.553,0.553,0.553,3258.0
2023-10-21 08:07:00,1697875620.0,0.553,0.553,0.553,0.553,2469.6
2023-10-21 08:08:00,1697875680.0,0.553,0.553,0.553,0.553,0.0
2023-10-21 08:09:00,1697875740.0,0.553,0.554,0.553,0.554,15380.3
2023-10-21 08:10:00,1697875800.0,0.554,0.554,0.554,0.554,2500.0
2023-10-21 08:11:00,1697875860.0,0.554,0.554,0.554,0.554,18.1
2023-10-21 08:12:00,1697875920.0,0.553,0.553,0.553,0.553,1717.0
2023-10-21 08:13:00,1697875980.0,0.553,0.553,0.553,0.553,32.0
2023-10-21 08:14:00,1697876040.0,0.553,0.553,0.553,0.553,0.0
2023-10-21 08:15:00,1697876100.0,0.553,0.553,0.553,0.553,0.0
2023-10-21 08:16:00,1697876160.0,0.553,0.554,0.553,0.554,6367.4
2023-10-21 08:17:00,1697876220.0,0.554,0.554,0.554,0.554,2799.8
2023-10-21 08:18:00,1697876280.0,0.554,0.555,0.554,0.554,10459.9
2023-10-21 08:19:00,1697876340.0,0.554,0.555,0.554,0.555,81.9
2023-10-21 08:20:00,1697876400.0,0.554,0.554,0.553,0.553,15229.3
2023-10-21 08:21:00,1697876460.0,0.553,0.553,0.553,0.553,0.0
2023-10-21 08:22:00,1697876520.0,0.554,0.554,0.554,0.554,721.3
2023-10-21 08:23:00,1697876580.0,0.554,0.555,0.554,0.555,6295.7
2023-10-21 08:24:00,1697876640.0,0.555,0.555,0.555,0.555,18.2
2023-10-21 08:25:00,1697876700.0,0.554,0.555,0.554,0.555,59.6
2023-10-21 08:26:00,1697876760.0,0.554,0.554,0.554,0.554,11.7
2023-10-21 08:27:00,1697876820.0,0.554,0.554,0.554,0.554,0.0
2023-10-21 08:28:00,1697876880.0,0.554,0.554,0.554,0.554,232.5
2023-10-21 08:29:00,1697876940.0,0.554,0.554,0.554,0.554,0.0
2023-10-21 08:30:00,1697877000.0,0.554,0.554,0.554,0.554,2900.0
2023-10-21 08:31:00,1697877060.0,0.554,0.554,0.554,0.554,9.1
2023-10-21 08:32:00,1697877120.0,0.555,0.555,0.554,0.554,2163.2
2023-10-21 08:33:00,1697877180.0,0.554,0.554,0.554,0.554,0.0
2023-10-21 08:34:00,1697877240.0,0.554,0.554,0.554,0.554,0.0
2023-10-21 08:35:00,1697877300.0,0.554,0.555,0.554,0.555,7614.1
2023-10-21 08:36:00,1697877360.0,0.555,0.555,0.555,0.555,151.0
2023-10-21 08:37:00,1697877420.0,0.555,0.555,0.555,0.555,0.0
2023-10-21 08:38:00,1697877480.0,0.555,0.555,0.555,0.555,0.0
2023-10-21 08:39:00,1697877540.0,0.554,0.554,0.553,0.554,8537.0
2023-10-21 08:40:00,1697877600.0,0.554,0.554,0.553,0.553,957.1
2023-10-21 08:41:00,1697877660.0,0.553,0.553,0.553,0.553,37.6
2023-10-21 08:42:00,1697877720.0,0.554,0.554,0.554,0.554,35.9
2023-10-21 08:43:00,1697877780.0,0.554,0.554,0.554,0.554,4460.7
2023-10-21 08:44:00,1697877840.0,0.554,0.554,0.553,0.553,3493.9
2023-10-21 08:45:00,1697877900.0,0.553,0.553,0.553,0.553,19.3
2023-10-21 08:46:00,1697877960.0,0.553,0.553,0.553,0.553,105.4
2023-10-21 08:47:00,1697878020.0,0.554,0.554,0.554,0.554,2001.8
2023-10-21 08:48:00,1697878080.0,0.554,0.554,0.554,0.554,0.0
2023-10-21 08:49:00,1697878140.0,0.553,0.554,0.553,0.554,1166.7
2023-10-21 08:50:00,1697878200.0,0.553,0.554,0.553,0.554,24027.2
2023-10-21 08:51:00,1697878260.0,0.553,0.553,0.553,0.553,9677.8
2023-10-21 08:52:00,1697878320.0,0.553,0.553,0.553,0.553,0.0
2023-10-21 08:53:00,1697878380.0,0.552,0.553,0.551,0.551,103628.5
2023-10-21 08:54:00,1697878440.0,0.552,0.552,0.552,0.552,26404.6
2023-10-21 08:55:00,1697878500.0,0.553,0.553,0.552,0.552,111.5
2023-10-21 08:56:00,1697878560.0,0.552,0.552,0.552,0.552,2211.8
2023-10-21 08:57:00,1697878620.0,0.552,0.552,0.552,0.552,0.0
2023-10-21 08:58:00,1697878680.0,0.552,0.552,0.552,0.552,0.0
2023-10-21 08:59:00,1697878740.0,0.552,0.552,0.552,0.552,1089.0
2023-10-21 09:00:00,1697878800.0,0.553,0.553,0.553,0.553,847.4
2023-10-21 09:01:00,1697878860.0,0.553,0.553,0.552,0.552,502.1
2023-10-21 09:02:00,1697878920.0,0.552,0.553,0.552,0.553,1976.8
2023-10-21 09:03:00,1697878980.0,0.552,0.552,0.551,0.551,76480.2
2023-10-21 09:04:00,1697879040.0,0.552,0.553,0.552,0.552,18293.4
2023-10-21 09:05:00,1697879100.0,0.552,0.552,0.552,0.552,7351.1
2023-10-21 09:06:00,1697879160.0,0.552,0.552,0.552,0.552,0.0
2023-10-21 09:07:00,1697879220.0,0.552,0.552,0.552,0.552,0.0
2023-10-21 09:08:00,1697879280.0,0.553,0.553,0.552,0.552,54.2
2023-10-21 09:09:00,1697879340.0,0.552,0.553,0.552,0.553,396.4
2023-10-21 09:10:00,1697879400.0,0.553,0.553,0.553,0.553,0.0
2023-10-21 09:11:00,1697879460.0,0.552,0.553,0.552,0.553,273.1
2023-10-21 09:12:00,1697879520.0,0.553,0.553,0.553,0.553,15688.8
2023-10-21 09:13:00,1697879580.0,0.552,0.552,0.552,0.552,68.9
2023-10-21 09:14:00,1697879640.0,0.552,0.552,0.552,0.552,0.0
2023-10-21 09:15:00,1697879700.0,0.553,0.553,0.553,0.553,441.7
2023-10-21 09:16:00,1697879760.0,0.553,0.553,0.553,0.553,6354.5
2023-10-21 09:17:00,1697879820.0,0.552,0.552,0.552,0.552,78.0
2023-10-21 09:18:00,1697879880.0,0.552,0.552,0.552,0.552,0.0
2023-10-21 09:19:00,1697879940.0,0.553,0.553,0.552,0.552,25524.1
2023-10-21 09:20:00,1697880000.0,0.552,0.552,0.552,0.552,0.0
2023-10-21 09:21:00,1697880060.0,0.553,0.553,0.553,0.553,144.6
2023-10-21 09:22:00,1697880120.0,0.553,0.553,0.553,0.553,0.0
2023-10-21 09:23:00,1697880180.0,0.553,0.553,0.553,0.553,4356.0
2023-10-21 09:24:00,1697880240.0,0.553,0.553,0.553,0.553,2828.9
2023-10-21 09:25:00,1697880300.0,0.553,0.553,0.553,0.553,16.1
2023-10-21 09:26:00,1697880360.0,0.553,0.553,0.553,0.553,0.0
2023-10-21 09:27:00,1697880420.0,0.553,0.553,0.553,0.553,0.0
2023-10-21 09:28:00,1697880480.0,0.554,0.554,0.553,0.554,1321.5
2023-10-21 09:29:00,1697880540.0,0.554,0.554,0.554,0.554,0.0
2023-10-21 09:30:00,1697880600.0,0.554,0.554,0.553,0.553,1263.0
2023-10-21 09:31:00,1697880660.0,0.554,0.554,0.554,0.554,55.3
2023-10-21 09:32:00,1697880720.0,0.554,0.554,0.554,0.554,615.9
2023-10-21 09:33:00,1697880780.0,0.554,0.554,0.554,0.554,0.0
2023-10-21 09:34:00,1697880840.0,0.554,0.554,0.554,0.554,0.0
2023-10-21 09:35:00,1697880900.0,0.554,0.554,0.554,0.554,0.0
2023-10-21 09:36:00,1697880960.0,0.554,0.554,0.554,0.554,428.3
2023-10-21 09:37:00,1697881020.0,0.553,0.553,0.553,0.553,931.9
2023-10-21 09:38:00,1697881080.0,0.554,0.554,0.553,0.553,4754.0
2023-10-21 09:39:00,1697881140.0,0.553,0.553,0.553,0.553,0.0
2023-10-21 09:40:00,1697881200.0,0.553,0.553,0.553,0.553,578.7
2023-10-21 09:41:00,1697881260.0,0.553,0.553,0.553,0.553,0.0
2023-10-21 09:42:00,1697881320.0,0.553,0.553,0.553,0.553,117.1
2023-10-21 09:43:00,1697881380.0,0.553,0.553,0.553,0.553,0.0
2023-10-21 09:44:00,1697881440.0,0.553,0.554,0.553,0.554,1839.6
2023-10-21 09:45:00,1697881500.0,0.554,0.554,0.554,0.554,9253.8
2023-10-21 09:46:00,1697881560.0,0.554,0.554,0.554,0.554,119.9
2023-10-21 09:47:00,1697881620.0,0.554,0.554,0.554,0.554,0.0
2023-10-21 09:48:00,1697881680.0,0.554,0.554,0.554,0.554,0.0
2023-10-21 09:49:00,1697881740.0,0.554,0.554,0.554,0.554,0.0
2023-10-21 09:50:00,1697881800.0,0.554,0.555,0.554,0.555,3996.2
2023-10-21 09:51:00,1697881860.0,0.554,0.554,0.554,0.554,898.8
2023-10-21 09:52:00,1697881920.0,0.554,0.554,0.554,0.554,0.0
2023-10-21 09:53:00,1697881980.0,0.554,0.554,0.554,0.554,0.0
2023-10-21 09:54:00,1697882040.0,0.555,0.556,0.554,0.555,99590.9
2023-10-21 09:55:00,1697882100.0,0.555,0.557,0.555,0.555,39209.4
2023-10-21 09:56:00,1697882160.0,0.556,0.557,0.556,0.557,13360.0
2023-10-21 09:57:00,1697882220.0,0.557,0.557,0.556,0.556,4537.7
2023-10-21 09:58:00,1697882280.0,0.556,0.558,0.556,0.557,40833.3
2023-10-21 09:59:00,1697882340.0,0.557,0.557,0.557,0.557,0.0
2023-10-21 10:00:00,1697882400.0,0.557,0.558,0.557,0.557,19334.0
2023-10-21 10:01:00,1697882460.0,0.558,0.558,0.557,0.557,6792.1
2023-10-21 10:02:00,1697882520.0,0.556,0.556,0.555,0.555,7740.2
2023-10-21 10:03:00,1697882580.0,0.555,0.556,0.555,0.555,600.9
2023-10-21 10:04:00,1697882640.0,0.556,0.556,0.556,0.556,13544.5
2023-10-21 10:05:00,1697882700.0,0.556,0.557,0.556,0.557,6732.0
2023-10-21 10:06:00,1697882760.0,0.556,0.556,0.556,0.556,205.4
2023-10-21 10:07:00,1697882820.0,0.556,0.556,0.556,0.556,7392.6
2023-10-21 10:08:00,1697882880.0,0.555,0.555,0.555,0.555,563.1
2023-10-21 10:09:00,1697882940.0,0.555,0.555,0.555,0.555,1020.0
2023-10-21 10:10:00,1697883000.0,0.555,0.555,0.555,0.555,16376.4
2023-10-21 10:11:00,1697883060.0,0.555,0.555,0.554,0.555,5041.3
2023-10-21 10:12:00,1697883120.0,0.555,0.555,0.555,0.555,0.0
2023-10-21 10:13:00,1697883180.0,0.555,0.556,0.554,0.556,8482.0
2023-10-21 10:14:00,1697883240.0,0.556,0.556,0.556,0.556,0.0
2023-10-21 10:15:00,1697883300.0,0.556,0.556,0.556,0.556,0.0
2023-10-21 10:16:00,1697883360.0,0.556,0.556,0.556,0.556,0.0
2023-10-21 10:17:00,1697883420.0,0.556,0.556,0.556,0.556,99.3
2023-10-21 10:18:00,1697883480.0,0.556,0.556,0.556,0.556,806.2
2023-10-21 10:19:00,1697883540.0,0.556,0.556,0.556,0.556,547.2
2023-10-21 10:20:00,1697883600.0,0.556,0.556,0.556,0.556,0.0
2023-10-21 10:21:00,1697883660.0,0.555,0.555,0.555,0.555,423.3
2023-10-21 10:22:00,1697883720.0,0.555,0.555,0.555,0.555,0.0
2023-10-21 10:23:00,1697883780.0,0.555,0.555,0.555,0.555,1138.6
2023-10-21 10:24:00,1697883840.0,0.555,0.556,0.555,0.555,5312.7
2023-10-21 10:25:00,1697883900.0,0.555,0.555,0.555,0.555,1000.0
2023-10-21 10:26:00,1697883960.0,0.555,0.555,0.554,0.554,6003.2
2023-10-21 10:27:00,1697884020.0,0.555,0.555,0.555,0.555,132.2
2023-10-21 10:28:00,1697884080.0,0.554,0.554,0.554,0.554,133.9
2023-10-21 10:29:00,1697884140.0,0.555,0.555,0.555,0.555,54.8
2023-10-21 10:30:00,1697884200.0,0.555,0.555,0.555,0.555,9.0
2023-10-21 10:31:00,1697884260.0,0.555,0.555,0.555,0.555,10631.4
2023-10-21 10:32:00,1697884320.0,0.554,0.554,0.554,0.554,90.2
2023-10-21 10:33:00,1697884380.0,0.555,0.555,0.555,0.555,216.5
2023-10-21 10:34:00,1697884440.0,0.554,0.554,0.554,0.554,863.1
2023-10-21 10:35:00,1697884500.0,0.555,0.555,0.555,0.555,185.1
2023-10-21 10:36:00,1697884560.0,0.554,0.555,0.554,0.554,248.1
2023-10-21 10:37:00,1697884620.0,0.554,0.554,0.554,0.554,230.7
2023-10-21 10:38:00,1697884680.0,0.554,0.554,0.554,0.554,1298.3
2023-10-21 10:39:00,1697884740.0,0.554,0.554,0.554,0.554,113.5
2023-10-21 10:40:00,1697884800.0,0.554,0.554,0.554,0.554,305.5
2023-10-21 10:41:00,1697884860.0,0.554,0.555,0.554,0.555,2511.9
2023-10-21 10:42:00,1697884920.0,0.554,0.554,0.554,0.554,533.9
2023-10-21 10:43:00,1697884980.0,0.554,0.554,0.554,0.554,0.0
2023-10-21 10:44:00,1697885040.0,0.555,0.555,0.554,0.554,762.1
2023-10-21 10:45:00,1697885100.0,0.555,0.555,0.554,0.554,228.8
2023-10-21 10:46:00,1697885160.0,0.555,0.555,0.555,0.555,168.4
2023-10-21 10:47:00,1697885220.0,0.555,0.556,0.555,0.556,13617.3
2023-10-21 10:48:00,1697885280.0,0.555,0.555,0.555,0.555,3461.3
2023-10-21 10:49:00,1697885340.0,0.555,0.555,0.555,0.555,0.0
2023-10-21 10:50:00,1697885400.0,0.556,0.556,0.556,0.556,51.3
2023-10-21 10:51:00,1697885460.0,0.556,0.556,0.556,0.556,0.0
2023-10-21 10:52:00,1697885520.0,0.556,0.556,0.555,0.555,2795.1
2023-10-21 10:53:00,1697885580.0,0.555,0.555,0.555,0.555,244.9
2023-10-21 10:54:00,1697885640.0,0.556,0.556,0.556,0.556,36.0
2023-10-21 10:55:00,1697885700.0,0.555,0.555,0.555,0.555,1582.9
2023-10-21 10:56:00,1697885760.0,0.555,0.555,0.555,0.555,0.0
2023-10-21 10:57:00,1697885820.0,0.555,0.555,0.554,0.555,36935.3
2023-10-21 10:58:00,1697885880.0,0.554,0.554,0.554,0.554,51.2
2023-10-21 10:59:00,1697885940.0,0.554,0.554,0.554,0.554,0.0
2023-10-21 11:00:00,1697886000.0,0.554,0.556,0.554,0.556,20640.3
2023-10-21 11:01:00,1697886060.0,0.556,0.556,0.555,0.555,83.6
2023-10-21 11:02:00,1697886120.0,0.556,0.556,0.556,0.556,449.6
2023-10-21 11:03:00,1697886180.0,0.556,0.556,0.556,0.556,0.0
2023-10-21 11:04:00,1697886240.0,0.556,0.556,0.556,0.556,0.0
2023-10-21 11:05:00,1697886300.0,0.556,0.556,0.556,0.556,0.0
2023-10-21 11:06:00,1697886360.0,0.556,0.556,0.555,0.555,10529.7
2023-10-21 11:07:00,1697886420.0,0.555,0.555,0.555,0.555,4262.4
2023-10-21 11:08:00,1697886480.0,0.555,0.555,0.555,0.555,1493.4
2023-10-21 11:09:00,1697886540.0,0.555,0.555,0.555,0.555,0.0
2023-10-21 11:10:00,1697886600.0,0.555,0.556,0.554,0.556,11742.4
2023-10-21 11:11:00,1697886660.0,0.556,0.556,0.556,0.556,1000.0
2023-10-21 11:12:00,1697886720.0,0.555,0.555,0.555,0.555,35.1
2023-10-21 11:13:00,1697886780.0,0.555,0.555,0.555,0.555,0.0
2023-10-21 11:14:00,1697886840.0,0.555,0.555,0.555,0.555,1326.1
2023-10-21 11:15:00,1697886900.0,0.555,0.555,0.555,0.555,13.1
2023-10-21 11:16:00,1697886960.0,0.555,0.555,0.555,0.555,0.0
2023-10-21 11:17:00,1697887020.0,0.555,0.555,0.555,0.555,262.2
2023-10-21 11:18:00,1697887080.0,0.555,0.555,0.555,0.555,0.0
2023-10-21 11:19:00,1697887140.0,0.555,0.555,0.555,0.555,664.6
2023-10-21 11:20:00,1697887200.0,0.555,0.556,0.555,0.556,1870.3
2023-10-21 11:21:00,1697887260.0,0.556,0.556,0.556,0.556,0.0
2023-10-21 11:22:00,1697887320.0,0.555,0.555,0.555,0.555,420.4
2023-10-21 11:23:00,1697887380.0,0.555,0.555,0.555,0.555,7091.2
2023-10-21 11:24:00,1697887440.0,0.554,0.556,0.554,0.556,17030.9
2023-10-21 11:25:00,1697887500.0,0.556,0.556,0.556,0.556,0.0
2023-10-21 11:26:00,1697887560.0,0.556,0.556,0.556,0.556,0.0
2023-10-21 11:27:00,1697887620.0,0.555,0.557,0.555,0.557,11158.6
2023-10-21 11:28:00,1697887680.0,0.557,0.557,0.557,0.557,1117.2
2023-10-21 11:29:00,1697887740.0,0.557,0.557,0.556,0.556,24298.0
2023-10-21 11:30:00,1697887800.0,0.556,0.556,0.556,0.556,0.0
2023-10-21 11:31:00,1697887860.0,0.556,0.556,0.556,0.556,186.3
2023-10-21 11:32:00,1697887920.0,0.557,0.557,0.556,0.556,981.6
2023-10-21 11:33:00,1697887980.0,0.556,0.558,0.556,0.558,19615.1
2023-10-21 11:34:00,1697888040.0,0.558,0.559,0.557,0.558,79163.7
2023-10-21 11:35:00,1697888100.0,0.558,0.558,0.557,0.557,16701.6
2023-10-21 11:36:00,1697888160.0,0.557,0.557,0.557,0.557,347.5
2023-10-21 11:37:00,1697888220.0,0.557,0.558,0.557,0.557,97774.8
2023-10-21 11:38:00,1697888280.0,0.557,0.558,0.557,0.557,52019.7
2023-10-21 11:39:00,1697888340.0,0.557,0.558,0.556,0.556,63907.3
2023-10-21 11:40:00,1697888400.0,0.557,0.558,0.557,0.558,14031.1
2023-10-21 11:41:00,1697888460.0,0.558,0.558,0.557,0.557,1335.5
2023-10-21 11:42:00,1697888520.0,0.557,0.557,0.557,0.557,3654.4
2023-10-21 11:43:00,1697888580.0,0.556,0.556,0.556,0.556,28.6
2023-10-21 11:44:00,1697888640.0,0.556,0.556,0.556,0.556,0.0
2023-10-21 11:45:00,1697888700.0,0.557,0.558,0.557,0.558,9889.7
2023-10-21 11:46:00,1697888760.0,0.558,0.559,0.557,0.557,16013.5
2023-10-21 11:47:00,1697888820.0,0.558,0.558,0.558,0.558,218.3
2023-10-21 11:48:00,1697888880.0,0.557,0.557,0.557,0.557,95.5
2023-10-21 11:49:00,1697888940.0,0.557,0.557,0.557,0.557,189.8
2023-10-21 11:50:00,1697889000.0,0.557,0.558,0.557,0.558,512.5
2023-10-21 11:51:00,1697889060.0,0.558,0.558,0.557,0.557,602.3
2023-10-21 11:52:00,1697889120.0,0.557,0.558,0.557,0.557,11070.7
2023-10-21 11:53:00,1697889180.0,0.556,0.556,0.556,0.556,1894.2
2023-10-21 11:54:00,1697889240.0,0.557,0.557,0.556,0.556,139.8
2023-10-21 11:55:00,1697889300.0,0.557,0.557,0.557,0.557,281.6
2023-10-21 11:56:00,1697889360.0,0.556,0.556,0.556,0.556,11959.1
2023-10-21 11:57:00,1697889420.0,0.556,0.556,0.555,0.555,19014.2
2023-10-21 11:58:00,1697889480.0,0.555,0.555,0.555,0.555,1134.8
2023-10-21 11:59:00,1697889540.0,0.555,0.555,0.555,0.555,144.6
2023-10-21 12:00:00,1697889600.0,0.556,0.557,0.556,0.557,7809.1
2023-10-21 12:01:00,1697889660.0,0.557,0.557,0.557,0.557,9.5
2023-10-21 12:02:00,1697889720.0,0.557,0.557,0.556,0.556,4116.9
2023-10-21 12:03:00,1697889780.0,0.556,0.556,0.556,0.556,0.0
2023-10-21 12:04:00,1697889840.0,0.556,0.556,0.556,0.556,17.1
2023-10-21 12:05:00,1697889900.0,0.555,0.556,0.555,0.556,4098.2
2023-10-21 12:06:00,1697889960.0,0.556,0.556,0.556,0.556,57.4
2023-10-21 12:07:00,1697890020.0,0.556,0.556,0.556,0.556,107.2
2023-10-21 12:08:00,1697890080.0,0.556,0.556,0.556,0.556,0.0
2023-10-21 12:09:00,1697890140.0,0.556,0.556,0.556,0.556,231.2
2023-10-21 12:10:00,1697890200.0,0.556,0.556,0.556,0.556,899.2
2023-10-21 12:11:00,1697890260.0,0.555,0.555,0.555,0.555,226.8
2023-10-21 12:12:00,1697890320.0,0.555,0.555,0.555,0.555,4273.0
2023-10-21 12:13:00,1697890380.0,0.555,0.556,0.555,0.555,17514.9
2023-10-21 12:14:00,1697890440.0,0.555,0.555,0.555,0.555,3395.0
2023-10-21 12:15:00,1697890500.0,0.555,0.555,0.555,0.555,10.8
2023-10-21 12:16:00,1697890560.0,0.556,0.556,0.556,0.556,65.9
2023-10-21 12:17:00,1697890620.0,0.555,0.555,0.555,0.555,145.4
2023-10-21 12:18:00,1697890680.0,0.555,0.555,0.555,0.555,0.0
2023-10-21 12:19:00,1697890740.0,0.555,0.555,0.555,0.555,0.0
2023-10-21 12:20:00,1697890800.0,0.555,0.555,0.555,0.555,12.2
2023-10-21 12:21:00,1697890860.0,0.556,0.556,0.555,0.555,96.8
2023-10-21 12:22:00,1697890920.0,0.555,0.555,0.555,0.555,35103.1
2023-10-21 12:23:00,1697890980.0,0.555,0.556,0.555,0.556,22488.8
2023-10-21 12:24:00,1697891040.0,0.556,0.556,0.556,0.556,0.0
2023-10-21 12:25:00,1697891100.0,0.556,0.556,0.556,0.556,30.2
2023-10-21 12:26:00,1697891160.0,0.556,0.556,0.556,0.556,11.6
2023-10-21 12:27:00,1697891220.0,0.556,0.556,0.556,0.556,0.0
2023-10-21 12:28:00,1697891280.0,0.555,0.556,0.555,0.556,5076.6
2023-10-21 12:29:00,1697891340.0,0.556,0.556,0.555,0.555,11769.7
2023-10-21 12:30:00,1697891400.0,0.555,0.555,0.555,0.555,0.0
2023-10-21 12:31:00,1697891460.0,0.555,0.555,0.555,0.555,219.4
2023-10-21 12:32:00,1697891520.0,0.555,0.555,0.555,0.555,200.9
2023-10-21 12:33:00,1697891580.0,0.556,0.556,0.556,0.556,1976.9
2023-10-21 12:34:00,1697891640.0,0.556,0.556,0.556,0.556,760.0
2023-10-21 12:35:00,1697891700.0,0.556,0.556,0.556,0.556,53.3
2023-10-21 12:36:00,1697891760.0,0.556,0.556,0.556,0.556,1020.0
2023-10-21 12:37:00,1697891820.0,0.555,0.557,0.555,0.556,38128.5
2023-10-21 12:38:00,1697891880.0,0.556,0.556,0.556,0.556,45258.3
2023-10-21 12:39:00,1697891940.0,0.555,0.556,0.555,0.556,4747.6
2023-10-21 12:40:00,1697892000.0,0.556,0.557,0.556,0.557,1824.5
2023-10-21 12:41:00,1697892060.0,0.557,0.557,0.557,0.557,0.0
2023-10-21 12:42:00,1697892120.0,0.557,0.557,0.557,0.557,0.0
2023-10-21 12:43:00,1697892180.0,0.557,0.557,0.556,0.557,6194.4
2023-10-21 12:44:00,1697892240.0,0.556,0.556,0.556,0.556,1341.3
2023-10-21 12:45:00,1697892300.0,0.557,0.557,0.557,0.557,2263.5
2023-10-21 12:46:00,1697892360.0,0.556,0.556,0.556,0.556,54.7
2023-10-21 12:47:00,1697892420.0,0.557,0.557,0.556,0.556,3514.5
2023-10-21 12:48:00,1697892480.0,0.557,0.557,0.556,0.556,1743.1
2023-10-21 12:49:00,1697892540.0,0.556,0.556,0.556,0.556,0.0
2023-10-21 12:50:00,1697892600.0,0.556,0.556,0.556,0.556,81.7
2023-10-21 12:51:00,1697892660.0,0.556,0.556,0.556,0.556,5530.0
2023-10-21 12:52:00,1697892720.0,0.556,0.556,0.556,0.556,0.0
2023-10-21 12:53:00,1697892780.0,0.556,0.556,0.556,0.556,0.0
2023-10-21 12:54:00,1697892840.0,0.556,0.556,0.556,0.556,0.0
2023-10-21 12:55:00,1697892900.0,0.556,0.556,0.555,0.555,113.1
2023-10-21 12:56:00,1697892960.0,0.556,0.556,0.556,0.556,72.6
2023-10-21 12:57:00,1697893020.0,0.556,0.556,0.555,0.555,1198.1
2023-10-21 12:58:00,1697893080.0,0.555,0.555,0.555,0.555,0.0
2023-10-21 12:59:00,1697893140.0,0.555,0.555,0.555,0.555,0.0
2023-10-21 13:00:00,1697893200.0,0.555,0.556,0.555,0.556,606.6
2023-10-21 13:01:00,1697893260.0,0.556,0.556,0.555,0.556,44281.4
2023-10-21 13:02:00,1697893320.0,0.556,0.556,0.555,0.555,1089.6
2023-10-21 13:03:00,1697893380.0,0.555,0.555,0.555,0.555,0.0
2023-10-21 13:04:00,1697893440.0,0.555,0.555,0.555,0.555,0.0
2023-10-21 13:05:00,1697893500.0,0.555,0.555,0.555,0.555,345.3
2023-10-21 13:06:00,1697893560.0,0.556,0.556,0.556,0.556,54.7
2023-10-21 13:07:00,1697893620.0,0.556,0.556,0.556,0.556,0.0
2023-10-21 13:08:00,1697893680.0,0.555,0.555,0.555,0.555,20.0
2023-10-21 13:09:00,1697893740.0,0.555,0.555,0.554,0.555,7351.6
2023-10-21 13:10:00,1697893800.0,0.554,0.555,0.554,0.555,33.1
2023-10-21 13:11:00,1697893860.0,0.554,0.555,0.554,0.555,482.3
2023-10-21 13:12:00,1697893920.0,0.554,0.554,0.554,0.554,217.6
2023-10-21 13:13:00,1697893980.0,0.554,0.554,0.554,0.554,0.0
2023-10-21 13:14:00,1697894040.0,0.554,0.555,0.554,0.554,35671.8
2023-10-21 13:15:00,1697894100.0,0.554,0.554,0.554,0.554,3472.4
2023-10-21 13:16:00,1697894160.0,0.554,0.554,0.554,0.554,0.0
2023-10-21 13:17:00,1697894220.0,0.554,0.554,0.554,0.554,499.8
2023-10-21 13:18:00,1697894280.0,0.555,0.555,0.555,0.555,54.0
2023-10-21 13:19:00,1697894340.0,0.554,0.554,0.554,0.554,104.1
2023-10-21 13:20:00,1697894400.0,0.554,0.554,0.554,0.554,426.2
2023-10-21 13:21:00,1697894460.0,0.555,0.555,0.555,0.555,270.2
2023-10-21 13:22:00,1697894520.0,0.555,0.555,0.555,0.555,0.0
2023-10-21 13:23:00,1697894580.0,0.555,0.555,0.555,0.555,0.0
2023-10-21 13:24:00,1697894640.0,0.555,0.555,0.555,0.555,0.0
2023-10-21 13:25:00,1697894700.0,0.555,0.556,0.555,0.555,8146.2
2023-10-21 13:26:00,1697894760.0,0.555,0.555,0.555,0.555,899.7
2023-10-21 13:27:00,1697894820.0,0.555,0.555,0.555,0.555,118.0
2023-10-21 13:28:00,1697894880.0,0.556,0.556,0.556,0.556,6344.3
2023-10-21 13:29:00,1697894940.0,0.556,0.556,0.556,0.556,0.0
2023-10-21 13:30:00,1697895000.0,0.555,0.555,0.555,0.555,12.8
2023-10-21 13:31:00,1697895060.0,0.555,0.555,0.555,0.555,0.0
2023-10-21 13:32:00,1697895120.0,0.556,0.556,0.555,0.555,1603.2
2023-10-21 13:33:00,1697895180.0,0.556,0.556,0.556,0.556,2864.1
2023-10-21 13:34:00,1697895240.0,0.556,0.557,0.556,0.556,22812.8
2023-10-21 13:35:00,1697895300.0,0.556,0.556,0.556,0.556,0.0
2023-10-21 13:36:00,1697895360.0,0.555,0.557,0.555,0.557,16154.5
2023-10-21 13:37:00,1697895420.0,0.556,0.556,0.556,0.556,1877.1
2023-10-21 13:38:00,1697895480.0,0.556,0.557,0.556,0.557,49.9
2023-10-21 13:39:00,1697895540.0,0.557,0.557,0.557,0.557,0.0
2023-10-21 13:40:00,1697895600.0,0.556,0.556,0.556,0.556,13.5
2023-10-21 13:41:00,1697895660.0,0.557,0.557,0.557,0.557,162.5
2023-10-21 13:42:00,1697895720.0,0.556,0.557,0.556,0.557,124.6
2023-10-21 13:43:00,1697895780.0,0.557,0.557,0.557,0.557,0.0
2023-10-21 13:44:00,1697895840.0,0.557,0.557,0.557,0.557,0.0
2023-10-21 13:45:00,1697895900.0,0.557,0.557,0.557,0.557,41.0
2023-10-21 13:46:00,1697895960.0,0.557,0.557,0.556,0.556,8518.3
2023-10-21 13:47:00,1697896020.0,0.556,0.557,0.556,0.556,38608.9
2023-10-21 13:48:00,1697896080.0,0.557,0.557,0.557,0.557,9.9
2023-10-21 13:49:00,1697896140.0,0.556,0.556,0.556,0.556,54.5
2023-10-21 13:50:00,1697896200.0,0.556,0.558,0.556,0.557,13436.4
2023-10-21 13:51:00,1697896260.0,0.557,0.557,0.557,0.557,54.1
2023-10-21 13:52:00,1697896320.0,0.558,0.558,0.557,0.557,29515.7
2023-10-21 13:53:00,1697896380.0,0.558,0.558,0.558,0.558,3824.6
2023-10-21 13:54:00,1697896440.0,0.558,0.558,0.557,0.557,186.9
2023-10-21 13:55:00,1697896500.0,0.557,0.557,0.557,0.557,176.2
2023-10-21 13:56:00,1697896560.0,0.557,0.559,0.557,0.559,16138.6
2023-10-21 13:57:00,1697896620.0,0.558,0.558,0.557,0.558,7304.2
2023-10-21 13:58:00,1697896680.0,0.558,0.559,0.558,0.558,16853.5
2023-10-21 13:59:00,1697896740.0,0.559,0.559,0.559,0.559,49.7
2023-10-21 14:00:00,1697896800.0,0.558,0.559,0.558,0.558,18339.0
2023-10-21 14:01:00,1697896860.0,0.558,0.558,0.558,0.558,9449.6
2023-10-21 14:02:00,1697896920.0,0.558,0.558,0.557,0.557,1213.6
2023-10-21 14:03:00,1697896980.0,0.558,0.559,0.558,0.558,15239.3
2023-10-21 14:04:00,1697897040.0,0.558,0.558,0.558,0.558,0.0
2023-10-21 14:05:00,1697897100.0,0.557,0.559,0.557,0.558,10091.2
2023-10-21 14:06:00,1697897160.0,0.558,0.558,0.558,0.558,45733.0
2023-10-21 14:07:00,1697897220.0,0.558,0.558,0.558,0.558,5184.7
2023-10-21 14:08:00,1697897280.0,0.558,0.558,0.558,0.558,8652.6
2023-10-21 14:09:00,1697897340.0,0.558,0.558,0.558,0.558,27924.3
2023-10-21 14:10:00,1697897400.0,0.558,0.558,0.558,0.558,25070.9
2023-10-21 14:11:00,1697897460.0,0.559,0.559,0.559,0.559,168.9
2023-10-21 14:12:00,1697897520.0,0.558,0.558,0.558,0.558,225.5
2023-10-21 14:13:00,1697897580.0,0.559,0.559,0.559,0.559,17.7
2023-10-21 14:14:00,1697897640.0,0.559,0.559,0.558,0.558,1786.2
2023-10-21 14:15:00,1697897700.0,0.558,0.558,0.558,0.558,14.8
2023-10-21 14:16:00,1697897760.0,0.559,0.56,0.558,0.56,8774.6
2023-10-21 14:17:00,1697897820.0,0.559,0.56,0.558,0.559,10890.7
2023-10-21 14:18:00,1697897880.0,0.56,0.56,0.559,0.559,13307.2
2023-10-21 14:19:00,1697897940.0,0.559,0.56,0.559,0.559,100.6
2023-10-21 14:20:00,1697898000.0,0.559,0.559,0.559,0.559,2161.0
2023-10-21 14:21:00,1697898060.0,0.559,0.559,0.559,0.559,63.9
2023-10-21 14:22:00,1697898120.0,0.559,0.559,0.559,0.559,2117.0
2023-10-21 14:23:00,1697898180.0,0.559,0.56,0.559,0.56,7650.0
2023-10-21 14:24:00,1697898240.0,0.56,0.56,0.559,0.56,206.0
2023-10-21 14:25:00,1697898300.0,0.56,0.56,0.56,0.56,35.7
2023-10-21 14:26:00,1697898360.0,0.56,0.56,0.56,0.56,1921.5
2023-10-21 14:27:00,1697898420.0,0.56,0.56,0.56,0.56,0.0
2023-10-21 14:28:00,1697898480.0,0.559,0.56,0.559,0.56,210.3
2023-10-21 14:29:00,1697898540.0,0.559,0.559,0.559,0.559,404.4
2023-10-21 14:30:00,1697898600.0,0.559,0.56,0.559,0.56,9058.9
2023-10-21 14:31:00,1697898660.0,0.56,0.56,0.558,0.558,23051.0
2023-10-21 14:32:00,1697898720.0,0.559,0.559,0.558,0.558,276.8
2023-10-21 14:33:00,1697898780.0,0.558,0.559,0.558,0.558,12300.4
2023-10-21 14:34:00,1697898840.0,0.558,0.558,0.558,0.558,34.8
2023-10-21 14:35:00,1697898900.0,0.557,0.559,0.557,0.559,34566.6
2023-10-21 14:36:00,1697898960.0,0.558,0.558,0.558,0.558,1085.6
2023-10-21 14:37:00,1697899020.0,0.558,0.559,0.558,0.559,1419.7
2023-10-21 14:38:00,1697899080.0,0.559,0.559,0.559,0.559,0.0
2023-10-21 14:39:00,1697899140.0,0.559,0.559,0.559,0.559,0.0
2023-10-21 14:40:00,1697899200.0,0.558,0.559,0.558,0.559,237.9
2023-10-21 14:41:00,1697899260.0,0.559,0.56,0.559,0.56,14839.9
2023-10-21 14:42:00,1697899320.0,0.56,0.56,0.559,0.559,1339.7
2023-10-21 14:43:00,1697899380.0,0.559,0.559,0.559,0.559,310.5
2023-10-21 14:44:00,1697899440.0,0.56,0.561,0.56,0.561,22850.1
2023-10-21 14:45:00,1697899500.0,0.561,0.561,0.56,0.56,2960.6
2023-10-21 14:46:00,1697899560.0,0.561,0.561,0.56,0.56,17573.9
2023-10-21 14:47:00,1697899620.0,0.56,0.562,0.56,0.562,36765.0
2023-10-21 14:48:00,1697899680.0,0.562,0.562,0.56,0.56,19528.4
2023-10-21 14:49:00,1697899740.0,0.561,0.561,0.561,0.561,367.0
2023-10-21 14:50:00,1697899800.0,0.561,0.562,0.561,0.561,12948.6
2023-10-21 14:51:00,1697899860.0,0.561,0.561,0.56,0.56,100.7
2023-10-21 14:52:00,1697899920.0,0.561,0.561,0.561,0.561,89.1
2023-10-21 14:53:00,1697899980.0,0.56,0.561,0.56,0.56,543.0
2023-10-21 14:54:00,1697900040.0,0.561,0.562,0.561,0.562,8318.6
2023-10-21 14:55:00,1697900100.0,0.561,0.561,0.56,0.56,3552.5
2023-10-21 14:56:00,1697900160.0,0.561,0.561,0.56,0.56,15008.2
2023-10-21 14:57:00,1697900220.0,0.56,0.561,0.56,0.561,2634.7
2023-10-21 14:58:00,1697900280.0,0.561,0.561,0.56,0.56,7062.2
2023-10-21 14:59:00,1697900340.0,0.561,0.561,0.561,0.561,41.3
2023-10-21 15:00:00,1697900400.0,0.561,0.561,0.56,0.561,4415.5
2023-10-21 15:01:00,1697900460.0,0.562,0.562,0.561,0.561,1023.9
2023-10-21 15:02:00,1697900520.0,0.561,0.562,0.561,0.562,64.5
2023-10-21 15:03:00,1697900580.0,0.561,0.562,0.561,0.561,2680.1
2023-10-21 15:04:00,1697900640.0,0.561,0.562,0.561,0.561,6957.0
2023-10-21 15:05:00,1697900700.0,0.561,0.561,0.56,0.56,268.7
2023-10-21 15:06:00,1697900760.0,0.56,0.56,0.559,0.559,9164.3
2023-10-21 15:07:00,1697900820.0,0.56,0.561,0.56,0.56,20875.3
2023-10-21 15:08:00,1697900880.0,0.56,0.561,0.56,0.56,15991.2
2023-10-21 15:09:00,1697900940.0,0.56,0.56,0.558,0.559,13889.9
2023-10-21 15:10:00,1697901000.0,0.559,0.559,0.559,0.559,1441.5
2023-10-21 15:11:00,1697901060.0,0.559,0.559,0.559,0.559,122.6
2023-10-21 15:12:00,1697901120.0,0.558,0.558,0.557,0.557,4195.7
2023-10-21 15:13:00,1697901180.0,0.558,0.558,0.558,0.558,89.6
2023-10-21 15:14:00,1697901240.0,0.557,0.557,0.557,0.557,627.2
2023-10-21 15:15:00,1697901300.0,0.558,0.558,0.557,0.557,449.7
2023-10-21 15:16:00,1697901360.0,0.556,0.558,0.556,0.558,18373.2
2023-10-21 15:17:00,1697901420.0,0.558,0.558,0.558,0.558,896.0
2023-10-21 15:18:00,1697901480.0,0.558,0.559,0.558,0.559,5940.2
2023-10-21 15:19:00,1697901540.0,0.559,0.559,0.559,0.559,41.7
2023-10-21 15:20:00,1697901600.0,0.558,0.558,0.558,0.558,3700.0
2023-10-21 15:21:00,1697901660.0,0.558,0.558,0.558,0.558,0.0
2023-10-21 15:22:00,1697901720.0,0.559,0.56,0.559,0.56,9670.9
2023-10-21 15:23:00,1697901780.0,0.56,0.56,0.56,0.56,0.0
2023-10-21 15:24:00,1697901840.0,0.56,0.56,0.56,0.56,468.3
2023-10-21 15:25:00,1697901900.0,0.56,0.56,0.559,0.56,2644.8
2023-10-21 15:26:00,1697901960.0,0.56,0.56,0.56,0.56,0.0
2023-10-21 15:27:00,1697902020.0,0.56,0.56,0.56,0.56,0.0
2023-10-21 15:28:00,1697902080.0,0.56,0.56,0.56,0.56,312.7
2023-10-21 15:29:00,1697902140.0,0.56,0.56,0.56,0.56,117.8
2023-10-21 15:30:00,1697902200.0,0.56,0.56,0.56,0.56,0.0
2023-10-21 15:31:00,1697902260.0,0.56,0.561,0.56,0.56,8649.2
2023-10-21 15:32:00,1697902320.0,0.559,0.559,0.559,0.559,8531.3
2023-10-21 15:33:00,1697902380.0,0.559,0.559,0.559,0.559,0.0
2023-10-21 15:34:00,1697902440.0,0.558,0.559,0.558,0.559,495.6
2023-10-21 15:35:00,1697902500.0,0.559,0.56,0.559,0.56,12127.0
2023-10-21 15:36:00,1697902560.0,0.559,0.559,0.559,0.559,1224.0
2023-10-21 15:37:00,1697902620.0,0.559,0.559,0.559,0.559,0.0
2023-10-21 15:38:00,1697902680.0,0.559,0.559,0.559,0.559,1903.2
2023-10-21 15:39:00,1697902740.0,0.56,0.56,0.56,0.56,93.2
2023-10-21 15:40:00,1697902800.0,0.559,0.56,0.559,0.56,1783.2
2023-10-21 15:41:00,1697902860.0,0.559,0.559,0.559,0.559,142.1
2023-10-21 15:42:00,1697902920.0,0.559,0.559,0.559,0.559,43.4
2023-10-21 15:43:00,1697902980.0,0.56,0.56,0.56,0.56,19.6
2023-10-21 15:44:00,1697903040.0,0.56,0.56,0.56,0.56,9237.1
2023-10-21 15:45:00,1697903100.0,0.56,0.56,0.56,0.56,869.6
2023-10-21 15:46:00,1697903160.0,0.56,0.56,0.56,0.56,0.0
2023-10-21 15:47:00,1697903220.0,0.56,0.56,0.559,0.559,234.4
2023-10-21 15:48:00,1697903280.0,0.559,0.559,0.559,0.559,59.3
2023-10-21 15:49:00,1697903340.0,0.559,0.559,0.558,0.558,161191.6
2023-10-21 15:50:00,1697903400.0,0.559,0.559,0.558,0.559,1258.9
2023-10-21 15:51:00,1697903460.0,0.559,0.56,0.559,0.56,86718.8
2023-10-21 15:52:00,1697903520.0,0.56,0.56,0.56,0.56,101.0
2023-10-21 15:53:00,1697903580.0,0.56,0.56,0.56,0.56,39.8
2023-10-21 15:54:00,1697903640.0,0.56,0.56,0.56,0.56,625.1
2023-10-21 15:55:00,1697903700.0,0.56,0.56,0.56,0.56,6964.3
2023-10-21 15:56:00,1697903760.0,0.56,0.56,0.56,0.56,14550.5
2023-10-21 15:57:00,1697903820.0,0.559,0.56,0.559,0.56,1345.4
2023-10-21 15:58:00,1697903880.0,0.56,0.561,0.559,0.559,25834.5
2023-10-21 15:59:00,1697903940.0,0.56,0.561,0.56,0.56,30462.8
2023-10-21 16:00:00,1697904000.0,0.56,0.561,0.56,0.56,75354.4
2023-10-21 16:01:00,1697904060.0,0.56,0.56,0.56,0.56,57905.3
2023-10-21 16:02:00,1697904120.0,0.56,0.56,0.559,0.559,91582.7
2023-10-21 16:03:00,1697904180.0,0.559,0.559,0.559,0.559,0.0
2023-10-21 16:04:00,1697904240.0,0.559,0.56,0.559,0.56,8364.6
2023-10-21 16:05:00,1697904300.0,0.56,0.561,0.56,0.561,94.3
2023-10-21 16:06:00,1697904360.0,0.561,0.561,0.561,0.561,267.3
2023-10-21 16:07:00,1697904420.0,0.561,0.561,0.561,0.561,66.3
2023-10-21 16:08:00,1697904480.0,0.561,0.561,0.56,0.56,940.7
2023-10-21 16:09:00,1697904540.0,0.56,0.56,0.56,0.56,6997.0
2023-10-21 16:10:00,1697904600.0,0.56,0.56,0.559,0.559,68814.7
2023-10-21 16:11:00,1697904660.0,0.559,0.559,0.559,0.559,101.7
2023-10-21 16:12:00,1697904720.0,0.559,0.559,0.559,0.559,27.1
2023-10-21 16:13:00,1697904780.0,0.559,0.559,0.559,0.559,475.9
2023-10-21 16:14:00,1697904840.0,0.559,0.561,0.559,0.561,45085.7
2023-10-21 16:15:00,1697904900.0,0.56,0.561,0.56,0.56,14366.7
2023-10-21 16:16:00,1697904960.0,0.56,0.56,0.56,0.56,50.0
2023-10-21 16:17:00,1697905020.0,0.56,0.56,0.56,0.56,35.7
2023-10-21 16:18:00,1697905080.0,0.559,0.559,0.558,0.559,14815.8
2023-10-21 16:19:00,1697905140.0,0.559,0.559,0.559,0.559,0.0
2023-10-21 16:20:00,1697905200.0,0.56,0.56,0.559,0.56,500.9
2023-10-21 16:21:00,1697905260.0,0.56,0.561,0.56,0.561,40289.0
2023-10-21 16:22:00,1697905320.0,0.56,0.56,0.56,0.56,44260.6
2023-10-21 16:23:00,1697905380.0,0.56,0.561,0.56,0.56,15995.0
2023-10-21 16:24:00,1697905440.0,0.56,0.56,0.56,0.56,0.0
2023-10-21 16:25:00,1697905500.0,0.56,0.562,0.56,0.561,19552.0
2023-10-21 16:26:00,1697905560.0,0.561,0.561,0.561,0.561,35.2
2023-10-21 16:27:00,1697905620.0,0.561,0.562,0.561,0.562,77827.1
2023-10-21 16:28:00,1697905680.0,0.561,0.561,0.56,0.56,12882.9
2023-10-21 16:29:00,1697905740.0,0.56,0.561,0.56,0.561,7190.7
2023-10-21 16:30:00,1697905800.0,0.56,0.561,0.56,0.561,1629.3
2023-10-21 16:31:00,1697905860.0,0.56,0.56,0.56,0.56,1115.2
2023-10-21 16:32:00,1697905920.0,0.561,0.561,0.561,0.561,1866.2
2023-10-21 16:33:00,1697905980.0,0.561,0.561,0.56,0.561,3399.6
2023-10-21 16:34:00,1697906040.0,0.561,0.561,0.561,0.561,1782.5
2023-10-21 16:35:00,1697906100.0,0.56,0.562,0.56,0.561,43084.7
2023-10-21 16:36:00,1697906160.0,0.56,0.562,0.56,0.562,19045.4
2023-10-21 16:37:00,1697906220.0,0.562,0.562,0.562,0.562,2337.7
2023-10-21 16:38:00,1697906280.0,0.562,0.562,0.562,0.562,2082.1
2023-10-21 16:39:00,1697906340.0,0.561,0.562,0.561,0.562,3717.0
2023-10-21 16:40:00,1697906400.0,0.561,0.562,0.561,0.562,48.5
2023-10-21 16:41:00,1697906460.0,0.562,0.562,0.562,0.562,1779.3
2023-10-21 16:42:00,1697906520.0,0.561,0.562,0.56,0.561,74324.0
2023-10-21 16:43:00,1697906580.0,0.561,0.561,0.561,0.561,0.0
2023-10-21 16:44:00,1697906640.0,0.561,0.561,0.561,0.561,19.6
2023-10-21 16:45:00,1697906700.0,0.561,0.561,0.561,0.561,0.0
2023-10-21 16:46:00,1697906760.0,0.561,0.562,0.561,0.561,2827.8
2023-10-21 16:47:00,1697906820.0,0.562,0.562,0.562,0.562,1849.9
2023-10-21 16:48:00,1697906880.0,0.562,0.562,0.561,0.561,9894.0
2023-10-21 16:49:00,1697906940.0,0.56,0.561,0.56,0.561,77655.7
2023-10-21 16:50:00,1697907000.0,0.56,0.561,0.56,0.561,3683.7
2023-10-21 16:51:00,1697907060.0,0.561,0.561,0.559,0.559,6972.6
2023-10-21 16:52:00,1697907120.0,0.559,0.559,0.559,0.559,20.0
2023-10-21 16:53:00,1697907180.0,0.56,0.561,0.56,0.561,22770.6
2023-10-21 16:54:00,1697907240.0,0.56,0.56,0.56,0.56,5741.8
2023-10-21 16:55:00,1697907300.0,0.559,0.56,0.558,0.559,30791.1
2023-10-21 16:56:00,1697907360.0,0.559,0.559,0.558,0.559,31966.2
2023-10-21 16:57:00,1697907420.0,0.559,0.559,0.558,0.558,24187.0
2023-10-21 16:58:00,1697907480.0,0.558,0.558,0.558,0.558,3106.5
2023-10-21 16:59:00,1697907540.0,0.558,0.558,0.558,0.558,5602.7
2023-10-21 17:00:00,1697907600.0,0.558,0.559,0.558,0.559,58794.8
2023-10-21 17:01:00,1697907660.0,0.559,0.559,0.559,0.559,7245.0
2023-10-21 17:02:00,1697907720.0,0.558,0.559,0.558,0.558,16532.4
2023-10-21 17:03:00,1697907780.0,0.558,0.559,0.558,0.559,70381.0
2023-10-21 17:04:00,1697907840.0,0.558,0.559,0.558,0.559,3588.8
2023-10-21 17:05:00,1697907900.0,0.558,0.559,0.558,0.558,8481.3
2023-10-21 17:06:00,1697907960.0,0.559,0.559,0.558,0.559,5665.9
2023-10-21 17:07:00,1697908020.0,0.559,0.559,0.559,0.559,1894.3
2023-10-21 17:08:00,1697908080.0,0.559,0.559,0.559,0.559,6840.2
2023-10-21 17:09:00,1697908140.0,0.559,0.56,0.559,0.56,4124.0
2023-10-21 17:10:00,1697908200.0,0.559,0.56,0.559,0.56,12074.2
2023-10-21 17:11:00,1697908260.0,0.56,0.56,0.558,0.559,12688.1
2023-10-21 17:12:00,1697908320.0,0.559,0.56,0.559,0.56,22414.8
2023-10-21 17:13:00,1697908380.0,0.56,0.56,0.559,0.56,14828.4
2023-10-21 17:14:00,1697908440.0,0.56,0.56,0.559,0.559,22025.9
2023-10-21 17:15:00,1697908500.0,0.558,0.559,0.558,0.559,7099.2
2023-10-21 17:16:00,1697908560.0,0.559,0.559,0.558,0.559,7950.4
2023-10-21 17:17:00,1697908620.0,0.559,0.559,0.559,0.559,3594.6
2023-10-21 17:18:00,1697908680.0,0.559,0.559,0.559,0.559,3577.8
2023-10-21 17:19:00,1697908740.0,0.559,0.56,0.559,0.56,4893.4
2023-10-21 17:20:00,1697908800.0,0.559,0.56,0.559,0.56,5483.3
2023-10-21 17:21:00,1697908860.0,0.56,0.56,0.56,0.56,6071.3
2023-10-21 17:22:00,1697908920.0,0.56,0.56,0.56,0.56,3957.5
2023-10-21 17:23:00,1697908980.0,0.56,0.56,0.559,0.56,4843.3
2023-10-21 17:24:00,1697909040.0,0.56,0.56,0.56,0.56,891.3
2023-10-21 17:25:00,1697909100.0,0.56,0.561,0.56,0.561,25781.7
2023-10-21 17:26:00,1697909160.0,0.561,0.561,0.56,0.56,6245.1
2023-10-21 17:27:00,1697909220.0,0.56,0.561,0.56,0.561,968.9
2023-10-21 17:28:00,1697909280.0,0.561,0.561,0.561,0.561,21488.5
2023-10-21 17:29:00,1697909340.0,0.561,0.562,0.561,0.561,16494.1
2023-10-21 17:30:00,1697909400.0,0.561,0.561,0.56,0.561,15741.0
2023-10-21 17:31:00,1697909460.0,0.562,0.562,0.561,0.561,6442.8
2023-10-21 17:32:00,1697909520.0,0.562,0.562,0.562,0.562,3429.9
2023-10-21 17:33:00,1697909580.0,0.562,0.562,0.562,0.562,72.9
2023-10-21 17:34:00,1697909640.0,0.562,0.562,0.562,0.562,194.3
2023-10-21 17:35:00,1697909700.0,0.562,0.563,0.562,0.562,19019.5
2023-10-21 17:36:00,1697909760.0,0.562,0.563,0.562,0.563,4101.5
2023-10-21 17:37:00,1697909820.0,0.562,0.562,0.561,0.562,5436.2
2023-10-21 17:38:00,1697909880.0,0.561,0.563,0.561,0.562,6055.4
2023-10-21 17:39:00,1697909940.0,0.562,0.563,0.561,0.562,23825.1
2023-10-21 17:40:00,1697910000.0,0.562,0.564,0.562,0.562,15380.6
2023-10-21 17:41:00,1697910060.0,0.562,0.563,0.562,0.562,545.1
2023-10-21 17:42:00,1697910120.0,0.563,0.564,0.563,0.563,19354.6
2023-10-21 17:43:00,1697910180.0,0.563,0.563,0.563,0.563,2879.1
2023-10-21 17:44:00,1697910240.0,0.563,0.563,0.563,0.563,428.6
2023-10-21 17:45:00,1697910300.0,0.563,0.564,0.563,0.564,7791.2
2023-10-21 17:46:00,1697910360.0,0.563,0.563,0.563,0.563,1816.9
2023-10-21 17:47:00,1697910420.0,0.563,0.563,0.562,0.562,7396.8
2023-10-21 17:48:00,1697910480.0,0.562,0.562,0.561,0.561,3341.5
2023-10-21 17:49:00,1697910540.0,0.562,0.563,0.562,0.563,20680.3
2023-10-21 17:50:00,1697910600.0,0.563,0.564,0.563,0.563,9145.0
2023-10-21 17:51:00,1697910660.0,0.563,0.563,0.562,0.563,14212.2
2023-10-21 17:52:00,1697910720.0,0.563,0.563,0.562,0.562,7607.5
2023-10-21 17:53:00,1697910780.0,0.562,0.562,0.562,0.562,0.0
2023-10-21 17:54:00,1697910840.0,0.563,0.563,0.563,0.563,35.8
2023-10-21 17:55:00,1697910900.0,0.563,0.564,0.562,0.564,16977.5
2023-10-21 17:56:00,1697910960.0,0.563,0.563,0.563,0.563,20.0
2023-10-21 17:57:00,1697911020.0,0.564,0.564,0.563,0.563,1080.3
2023-10-21 17:58:00,1697911080.0,0.563,0.563,0.562,0.563,2417.4
2023-10-21 17:59:00,1697911140.0,0.563,0.563,0.563,0.563,1281.6
2023-10-21 18:00:00,1697911200.0,0.563,0.564,0.563,0.563,100850.8
2023-10-21 18:01:00,1697911260.0,0.564,0.565,0.564,0.564,6624.9
2023-10-21 18:02:00,1697911320.0,0.564,0.564,0.562,0.563,8029.3
2023-10-21 18:03:00,1697911380.0,0.563,0.563,0.563,0.563,12610.4
2023-10-21 18:04:00,1697911440.0,0.563,0.563,0.561,0.562,35549.0
2023-10-21 18:05:00,1697911500.0,0.561,0.562,0.56,0.561,18899.0
2023-10-21 18:06:00,1697911560.0,0.56,0.561,0.56,0.56,14536.1
2023-10-21 18:07:00,1697911620.0,0.56,0.56,0.559,0.559,14230.1
2023-10-21 18:08:00,1697911680.0,0.56,0.56,0.559,0.559,3019.5
2023-10-21 18:09:00,1697911740.0,0.56,0.561,0.56,0.561,21530.5
2023-10-21 18:10:00,1697911800.0,0.56,0.561,0.559,0.561,20885.7
2023-10-21 18:11:00,1697911860.0,0.56,0.56,0.56,0.56,636.6
2023-10-21 18:12:00,1697911920.0,0.561,0.561,0.561,0.561,730.8
2023-10-21 18:13:00,1697911980.0,0.56,0.561,0.558,0.56,38298.1
2023-10-21 18:14:00,1697912040.0,0.56,0.56,0.56,0.56,0.0
2023-10-21 18:15:00,1697912100.0,0.56,0.56,0.559,0.559,8124.3
2023-10-21 18:16:00,1697912160.0,0.559,0.561,0.559,0.561,22361.1
2023-10-21 18:17:00,1697912220.0,0.561,0.561,0.56,0.56,14213.8
2023-10-21 18:18:00,1697912280.0,0.561,0.561,0.561,0.561,21.4
2023-10-21 18:19:00,1697912340.0,0.561,0.562,0.561,0.561,6931.7
2023-10-21 18:20:00,1697912400.0,0.561,0.561,0.561,0.561,12355.6
2023-10-21 18:21:00,1697912460.0,0.561,0.561,0.561,0.561,0.0
2023-10-21 18:22:00,1697912520.0,0.562,0.562,0.561,0.561,2287.3
2023-10-21 18:23:00,1697912580.0,0.561,0.561,0.561,0.561,0.0
2023-10-21 18:24:00,1697912640.0,0.561,0.561,0.561,0.561,145.4
2023-10-21 18:25:00,1697912700.0,0.561,0.561,0.56,0.561,29368.5
2023-10-21 18:26:00,1697912760.0,0.561,0.561,0.561,0.561,149.9
2023-10-21 18:27:00,1697912820.0,0.561,0.561,0.561,0.561,1106.4
2023-10-21 18:28:00,1697912880.0,0.561,0.562,0.561,0.562,8058.3
2023-10-21 18:29:00,1697912940.0,0.562,0.562,0.561,0.561,3583.8
2023-10-21 18:30:00,1697913000.0,0.561,0.561,0.56,0.56,16174.4
2023-10-21 18:31:00,1697913060.0,0.56,0.56,0.56,0.56,143.8
2023-10-21 18:32:00,1697913120.0,0.56,0.56,0.56,0.56,19.6
2023-10-21 18:33:00,1697913180.0,0.561,0.561,0.56,0.56,4735.6
2023-10-21 18:34:00,1697913240.0,0.56,0.56,0.56,0.56,30.9
2023-10-21 18:35:00,1697913300.0,0.56,0.561,0.56,0.56,16251.2
2023-10-21 18:36:00,1697913360.0,0.559,0.56,0.559,0.56,744.7
2023-10-21 18:37:00,1697913420.0,0.56,0.561,0.56,0.56,10439.2
2023-10-21 18:38:00,1697913480.0,0.56,0.56,0.56,0.56,274.7
2023-10-21 18:39:00,1697913540.0,0.561,0.561,0.561,0.561,7325.5
2023-10-21 18:40:00,1697913600.0,0.561,0.561,0.561,0.561,0.0
2023-10-21 18:41:00,1697913660.0,0.561,0.561,0.561,0.561,0.0
2023-10-21 18:42:00,1697913720.0,0.561,0.561,0.561,0.561,0.0
2023-10-21 18:43:00,1697913780.0,0.561,0.561,0.561,0.561,0.0
2023-10-21 18:44:00,1697913840.0,0.561,0.561,0.561,0.561,0.0
2023-10-21 18:45:00,1697913900.0,0.561,0.561,0.561,0.561,128.4
2023-10-21 18:46:00,1697913960.0,0.561,0.561,0.561,0.561,55.3
2023-10-21 18:47:00,1697914020.0,0.561,0.561,0.561,0.561,0.0
2023-10-21 18:48:00,1697914080.0,0.561,0.561,0.561,0.561,95.5
2023-10-21 18:49:00,1697914140.0,0.561,0.561,0.561,0.561,0.0
2023-10-21 18:50:00,1697914200.0,0.561,0.561,0.561,0.561,143.7
2023-10-21 18:51:00,1697914260.0,0.561,0.562,0.561,0.562,22822.3
2023-10-21 18:52:00,1697914320.0,0.562,0.562,0.562,0.562,19.5
2023-10-21 18:53:00,1697914380.0,0.561,0.561,0.561,0.561,14.1
2023-10-21 18:54:00,1697914440.0,0.562,0.562,0.561,0.561,493.4
2023-10-21 18:55:00,1697914500.0,0.562,0.562,0.562,0.562,1341.3
2023-10-21 18:56:00,1697914560.0,0.562,0.562,0.562,0.562,0.0
2023-10-21 18:57:00,1697914620.0,0.562,0.562,0.562,0.562,0.0
2023-10-21 18:58:00,1697914680.0,0.562,0.562,0.562,0.562,0.0
2023-10-21 18:59:00,1697914740.0,0.562,0.562,0.562,0.562,62.2
2023-10-21 19:00:00,1697914800.0,0.562,0.562,0.562,0.562,40.2
2023-10-21 19:01:00,1697914860.0,0.562,0.563,0.561,0.563,14092.2
2023-10-21 19:02:00,1697914920.0,0.563,0.563,0.562,0.562,2045.5
2023-10-21 19:03:00,1697914980.0,0.562,0.562,0.561,0.561,4539.5
2023-10-21 19:04:00,1697915040.0,0.561,0.561,0.561,0.561,0.0
2023-10-21 19:05:00,1697915100.0,0.562,0.562,0.562,0.562,320.2
2023-10-21 19:06:00,1697915160.0,0.562,0.562,0.562,0.562,0.0
2023-10-21 19:07:00,1697915220.0,0.561,0.561,0.561,0.561,245.2
2023-10-21 19:08:00,1697915280.0,0.561,0.561,0.561,0.561,7126.2
2023-10-21 19:09:00,1697915340.0,0.561,0.561,0.561,0.561,9.0
2023-10-21 19:10:00,1697915400.0,0.56,0.561,0.56,0.56,2842.6
2023-10-21 19:11:00,1697915460.0,0.56,0.56,0.56,0.56,49.2
2023-10-21 19:12:00,1697915520.0,0.561,0.561,0.559,0.56,12544.1
2023-10-21 19:13:00,1697915580.0,0.56,0.56,0.56,0.56,16988.8
2023-10-21 19:14:00,1697915640.0,0.56,0.56,0.56,0.56,147.7
2023-10-21 19:15:00,1697915700.0,0.559,0.559,0.559,0.559,90.9
2023-10-21 19:16:00,1697915760.0,0.559,0.559,0.559,0.559,185.1
2023-10-21 19:17:00,1697915820.0,0.56,0.56,0.559,0.56,4395.8
2023-10-21 19:18:00,1697915880.0,0.56,0.56,0.56,0.56,0.0
2023-10-21 19:19:00,1697915940.0,0.56,0.56,0.56,0.56,17.9
2023-10-21 19:20:00,1697916000.0,0.56,0.56,0.56,0.56,145.7
2023-10-21 19:21:00,1697916060.0,0.56,0.56,0.56,0.56,526.4
2023-10-21 19:22:00,1697916120.0,0.56,0.56,0.56,0.56,239.0
2023-10-21 19:23:00,1697916180.0,0.559,0.559,0.559,0.559,3935.9
2023-10-21 19:24:00,1697916240.0,0.559,0.559,0.559,0.559,55.3
2023-10-21 19:25:00,1697916300.0,0.559,0.559,0.558,0.558,317.0
2023-10-21 19:26:00,1697916360.0,0.558,0.558,0.558,0.558,469.7
2023-10-21 19:27:00,1697916420.0,0.558,0.558,0.558,0.558,389.5
2023-10-21 19:28:00,1697916480.0,0.558,0.559,0.558,0.559,1160.1
2023-10-21 19:29:00,1697916540.0,0.559,0.56,0.558,0.559,13121.7
2023-10-21 19:30:00,1697916600.0,0.559,0.56,0.559,0.56,1836.2
2023-10-21 19:31:00,1697916660.0,0.56,0.56,0.56,0.56,0.0
2023-10-21 19:32:00,1697916720.0,0.56,0.56,0.559,0.559,19.7
2023-10-21 19:33:00,1697916780.0,0.559,0.559,0.559,0.559,0.0
2023-10-21 19:34:00,1697916840.0,0.559,0.559,0.559,0.559,0.0
2023-10-21 19:35:00,1697916900.0,0.56,0.56,0.56,0.56,9349.7
2023-10-21 19:36:00,1697916960.0,0.56,0.561,0.56,0.561,10544.0
2023-10-21 19:37:00,1697917020.0,0.561,0.561,0.56,0.56,7428.3
2023-10-21 19:38:00,1697917080.0,0.561,0.561,0.561,0.561,178.2
2023-10-21 19:39:00,1697917140.0,0.561,0.561,0.561,0.561,445.6
2023-10-21 19:40:00,1697917200.0,0.561,0.561,0.561,0.561,35.0
2023-10-21 19:41:00,1697917260.0,0.561,0.561,0.561,0.561,19.6
2023-10-21 19:42:00,1697917320.0,0.56,0.56,0.56,0.56,22.6
2023-10-21 19:43:00,1697917380.0,0.561,0.561,0.56,0.561,1302.7
2023-10-21 19:44:00,1697917440.0,0.56,0.56,0.56,0.56,263.2
2023-10-21 19:45:00,1697917500.0,0.56,0.562,0.56,0.561,12324.4
2023-10-21 19:46:00,1697917560.0,0.562,0.562,0.562,0.562,178.1
2023-10-21 19:47:00,1697917620.0,0.561,0.561,0.561,0.561,4019.1
2023-10-21 19:48:00,1697917680.0,0.56,0.561,0.56,0.561,498.2
2023-10-21 19:49:00,1697917740.0,0.561,0.561,0.561,0.561,426.1
2023-10-21 19:50:00,1697917800.0,0.561,0.561,0.561,0.561,845.4
2023-10-21 19:51:00,1697917860.0,0.561,0.562,0.561,0.561,38483.2
2023-10-21 19:52:00,1697917920.0,0.561,0.561,0.561,0.561,61.4
2023-10-21 19:53:00,1697917980.0,0.562,0.562,0.562,0.562,43.4
2023-10-21 19:54:00,1697918040.0,0.562,0.562,0.562,0.562,0.0
2023-10-21 19:55:00,1697918100.0,0.561,0.561,0.561,0.561,341.9
2023-10-21 19:56:00,1697918160.0,0.561,0.561,0.561,0.561,0.0
2023-10-21 19:57:00,1697918220.0,0.561,0.561,0.561,0.561,39.8
2023-10-21 19:58:00,1697918280.0,0.561,0.561,0.561,0.561,0.0
2023-10-21 19:59:00,1697918340.0,0.562,0.562,0.562,0.562,1128.6
2023-10-21 20:00:00,1697918400.0,0.562,0.562,0.562,0.562,0.0
2023-10-21 20:01:00,1697918460.0,0.562,0.562,0.562,0.562,78.9
2023-10-21 20:02:00,1697918520.0,0.562,0.562,0.562,0.562,0.0
2023-10-21 20:03:00,1697918580.0,0.562,0.562,0.562,0.562,321.5
2023-10-21 20:04:00,1697918640.0,0.562,0.562,0.561,0.562,1614.7
2023-10-21 20:05:00,1697918700.0,0.562,0.562,0.562,0.562,27.0
2023-10-21 20:06:00,1697918760.0,0.561,0.561,0.56,0.56,15951.6
2023-10-21 20:07:00,1697918820.0,0.561,0.561,0.561,0.561,9.0
2023-10-21 20:08:00,1697918880.0,0.561,0.562,0.561,0.561,13564.8
2023-10-21 20:09:00,1697918940.0,0.561,0.561,0.561,0.561,0.0
2023-10-21 20:10:00,1697919000.0,0.561,0.561,0.561,0.561,0.0
2023-10-21 20:11:00,1697919060.0,0.561,0.561,0.561,0.561,181.2
2023-10-21 20:12:00,1697919120.0,0.561,0.561,0.561,0.561,5646.9
2023-10-21 20:13:00,1697919180.0,0.561,0.561,0.561,0.561,0.0
2023-10-21 20:14:00,1697919240.0,0.56,0.56,0.56,0.56,260.8
2023-10-21 20:15:00,1697919300.0,0.561,0.561,0.561,0.561,20.0
2023-10-21 20:16:00,1697919360.0,0.561,0.561,0.561,0.561,34.0
2023-10-21 20:17:00,1697919420.0,0.561,0.561,0.561,0.561,0.0
2023-10-21 20:18:00,1697919480.0,0.561,0.561,0.561,0.561,0.0
2023-10-21 20:19:00,1697919540.0,0.561,0.561,0.561,0.561,303.9
2023-10-21 20:20:00,1697919600.0,0.56,0.56,0.56,0.56,32.1
2023-10-21 20:21:00,1697919660.0,0.56,0.56,0.56,0.56,0.0
2023-10-21 20:22:00,1697919720.0,0.561,0.561,0.561,0.561,126.5
2023-10-21 20:23:00,1697919780.0,0.56,0.56,0.559,0.559,32344.5
2023-10-21 20:24:00,1697919840.0,0.559,0.559,0.558,0.558,804.5
2023-10-21 20:25:00,1697919900.0,0.559,0.56,0.559,0.56,24189.3
2023-10-21 20:26:00,1697919960.0,0.56,0.56,0.56,0.56,0.0
2023-10-21 20:27:00,1697920020.0,0.559,0.559,0.559,0.559,46.2
2023-10-21 20:28:00,1697920080.0,0.559,0.559,0.559,0.559,0.0
2023-10-21 20:29:00,1697920140.0,0.559,0.559,0.559,0.559,0.0
2023-10-21 20:30:00,1697920200.0,0.559,0.559,0.559,0.559,0.0
2023-10-21 20:31:00,1697920260.0,0.56,0.561,0.56,0.561,14647.1
2023-10-21 20:32:00,1697920320.0,0.56,0.561,0.56,0.561,468.7
2023-10-21 20:33:00,1697920380.0,0.561,0.561,0.56,0.561,149.5
2023-10-21 20:34:00,1697920440.0,0.561,0.561,0.561,0.561,692.5
2023-10-21 20:35:00,1697920500.0,0.561,0.561,0.56,0.56,365.7
2023-10-21 20:36:00,1697920560.0,0.56,0.56,0.56,0.56,0.0
2023-10-21 20:37:00,1697920620.0,0.56,0.56,0.56,0.56,0.0
2023-10-21 20:38:00,1697920680.0,0.56,0.56,0.56,0.56,24.1
2023-10-21 20:39:00,1697920740.0,0.56,0.56,0.56,0.56,0.0
2023-10-21 20:40:00,1697920800.0,0.56,0.56,0.559,0.559,4554.0
2023-10-21 20:41:00,1697920860.0,0.56,0.56,0.56,0.56,329.0
2023-10-21 20:42:00,1697920920.0,0.56,0.56,0.56,0.56,0.0
2023-10-21 20:43:00,1697920980.0,0.56,0.56,0.56,0.56,0.0
2023-10-21 20:44:00,1697921040.0,0.56,0.56,0.56,0.56,224.1
2023-10-21 20:45:00,1697921100.0,0.56,0.56,0.56,0.56,80.0
2023-10-21 20:46:00,1697921160.0,0.56,0.56,0.56,0.56,11216.7
2023-10-21 20:47:00,1697921220.0,0.56,0.561,0.56,0.561,11551.1
2023-10-21 20:48:00,1697921280.0,0.561,0.561,0.561,0.561,0.0
2023-10-21 20:49:00,1697921340.0,0.561,0.561,0.561,0.561,0.0
2023-10-21 20:50:00,1697921400.0,0.56,0.56,0.56,0.56,12.6
2023-10-21 20:51:00,1697921460.0,0.56,0.56,0.56,0.56,1871.9
2023-10-21 20:52:00,1697921520.0,0.56,0.56,0.56,0.56,0.0
2023-10-21 20:53:00,1697921580.0,0.56,0.56,0.56,0.56,178.6
2023-10-21 20:54:00,1697921640.0,0.56,0.56,0.56,0.56,0.0
2023-10-21 20:55:00,1697921700.0,0.56,0.56,0.56,0.56,0.0
2023-10-21 20:56:00,1697921760.0,0.56,0.561,0.56,0.561,2402.0
2023-10-21 20:57:00,1697921820.0,0.561,0.561,0.561,0.561,10004.9
2023-10-21 20:58:00,1697921880.0,0.56,0.56,0.56,0.56,7729.2
2023-10-21 20:59:00,1697921940.0,0.561,0.561,0.561,0.561,534.7
2023-10-21 21:00:00,1697922000.0,0.561,0.561,0.561,0.561,0.0
2023-10-21 21:01:00,1697922060.0,0.56,0.561,0.56,0.561,16256.7
2023-10-21 21:02:00,1697922120.0,0.561,0.561,0.561,0.561,406.4
2023-10-21 21:03:00,1697922180.0,0.561,0.562,0.561,0.562,12648.5
2023-10-21 21:04:00,1697922240.0,0.562,0.562,0.561,0.562,7946.7
2023-10-21 21:05:00,1697922300.0,0.562,0.562,0.562,0.562,5911.3
2023-10-21 21:06:00,1697922360.0,0.562,0.562,0.561,0.561,7883.4
2023-10-21 21:07:00,1697922420.0,0.561,0.561,0.561,0.561,0.0
2023-10-21 21:08:00,1697922480.0,0.56,0.56,0.56,0.56,70.7
2023-10-21 21:09:00,1697922540.0,0.56,0.56,0.56,0.56,85.4
2023-10-21 21:10:00,1697922600.0,0.561,0.561,0.56,0.56,2140.2
2023-10-21 21:11:00,1697922660.0,0.56,0.56,0.56,0.56,0.0
2023-10-21 21:12:00,1697922720.0,0.56,0.56,0.56,0.56,19.9
2023-10-21 21:13:00,1697922780.0,0.56,0.56,0.56,0.56,2763.2
2023-10-21 21:14:00,1697922840.0,0.561,0.561,0.561,0.561,399.4
2023-10-21 21:15:00,1697922900.0,0.561,0.562,0.561,0.561,16591.1
2023-10-21 21:16:00,1697922960.0,0.561,0.561,0.561,0.561,12075.5
2023-10-21 21:17:00,1697923020.0,0.562,0.562,0.561,0.561,5416.1
2023-10-21 21:18:00,1697923080.0,0.561,0.561,0.561,0.561,238.2
2023-10-21 21:19:00,1697923140.0,0.561,0.561,0.561,0.561,124.1
2023-10-21 21:20:00,1697923200.0,0.561,0.561,0.561,0.561,0.0
2023-10-21 21:21:00,1697923260.0,0.561,0.561,0.561,0.561,0.0
2023-10-21 21:22:00,1697923320.0,0.562,0.562,0.561,0.561,26702.3
2023-10-21 21:23:00,1697923380.0,0.561,0.561,0.561,0.561,0.0
2023-10-21 21:24:00,1697923440.0,0.562,0.562,0.562,0.562,906.2
2023-10-21 21:25:00,1697923500.0,0.562,0.562,0.562,0.562,88.5
2023-10-21 21:26:00,1697923560.0,0.562,0.562,0.562,0.562,26.9
2023-10-21 21:27:00,1697923620.0,0.562,0.562,0.562,0.562,0.0
2023-10-21 21:28:00,1697923680.0,0.562,0.562,0.562,0.562,0.0
2023-10-21 21:29:00,1697923740.0,0.562,0.562,0.562,0.562,2010.5
2023-10-21 21:30:00,1697923800.0,0.561,0.561,0.561,0.561,50.0
2023-10-21 21:31:00,1697923860.0,0.561,0.561,0.561,0.561,53.3
2023-10-21 21:32:00,1697923920.0,0.562,0.562,0.562,0.562,677.8
2023-10-21 21:33:00,1697923980.0,0.562,0.562,0.562,0.562,0.0
2023-10-21 21:34:00,1697924040.0,0.562,0.562,0.562,0.562,0.0
2023-10-21 21:35:00,1697924100.0,0.561,0.561,0.561,0.561,11.8
2023-10-21 21:36:00,1697924160.0,0.561,0.561,0.561,0.561,0.0
2023-10-21 21:37:00,1697924220.0,0.561,0.561,0.561,0.561,28421.1
2023-10-21 21:38:00,1697924280.0,0.56,0.56,0.56,0.56,94.3
2023-10-21 21:39:00,1697924340.0,0.56,0.56,0.56,0.56,0.0
2023-10-21 21:40:00,1697924400.0,0.56,0.56,0.56,0.56,0.0
2023-10-21 21:41:00,1697924460.0,0.56,0.56,0.56,0.56,286.8
2023-10-21 21:42:00,1697924520.0,0.56,0.56,0.56,0.56,0.0
2023-10-21 21:43:00,1697924580.0,0.561,0.561,0.561,0.561,4237.4
2023-10-21 21:44:00,1697924640.0,0.56,0.561,0.56,0.561,84244.7
2023-10-21 21:45:00,1697924700.0,0.561,0.561,0.561,0.561,0.0
2023-10-21 21:46:00,1697924760.0,0.561,0.561,0.561,0.561,0.0
2023-10-21 21:47:00,1697924820.0,0.561,0.561,0.561,0.561,2098.7
2023-10-21 21:48:00,1697924880.0,0.561,0.561,0.561,0.561,17.8
2023-10-21 21:49:00,1697924940.0,0.561,0.561,0.561,0.561,0.0
2023-10-21 21:50:00,1697925000.0,0.561,0.561,0.561,0.561,0.0
2023-10-21 21:51:00,1697925060.0,0.561,0.561,0.561,0.561,0.0
2023-10-21 21:52:00,1697925120.0,0.561,0.561,0.561,0.561,0.0
2023-10-21 21:53:00,1697925180.0,0.561,0.562,0.561,0.562,14664.0
2023-10-21 21:54:00,1697925240.0,0.562,0.562,0.562,0.562,1454.1
2023-10-21 21:55:00,1697925300.0,0.562,0.562,0.562,0.562,2443.8
2023-10-21 21:56:00,1697925360.0,0.561,0.561,0.561,0.561,2493.0
2023-10-21 21:57:00,1697925420.0,0.561,0.561,0.561,0.561,0.0
2023-10-21 21:58:00,1697925480.0,0.561,0.561,0.561,0.561,0.0
2023-10-21 21:59:00,1697925540.0,0.561,0.561,0.561,0.561,0.0
2023-10-21 22:00:00,1697925600.0,0.561,0.562,0.561,0.562,6992.7
2023-10-21 22:01:00,1697925660.0,0.562,0.562,0.562,0.562,0.0
2023-10-21 22:02:00,1697925720.0,0.562,0.562,0.562,0.562,0.0
2023-10-21 22:03:00,1697925780.0,0.562,0.562,0.562,0.562,0.0
2023-10-21 22:04:00,1697925840.0,0.563,0.563,0.563,0.563,347.6
2023-10-21 22:05:00,1697925900.0,0.563,0.563,0.563,0.563,55652.2
2023-10-21 22:06:00,1697925960.0,0.563,0.563,0.563,0.563,0.0
2023-10-21 22:07:00,1697926020.0,0.563,0.563,0.563,0.563,0.0
2023-10-21 22:08:00,1697926080.0,0.563,0.563,0.563,0.563,0.0
2023-10-21 22:09:00,1697926140.0,0.563,0.563,0.563,0.563,0.0
2023-10-21 22:10:00,1697926200.0,0.563,0.563,0.562,0.562,4475.9
2023-10-21 22:11:00,1697926260.0,0.562,0.562,0.561,0.561,3930.8
2023-10-21 22:12:00,1697926320.0,0.561,0.563,0.561,0.563,21482.7
2023-10-21 22:13:00,1697926380.0,0.562,0.562,0.562,0.562,16.2
2023-10-21 22:14:00,1697926440.0,0.562,0.562,0.562,0.562,0.0
2023-10-21 22:15:00,1697926500.0,0.562,0.562,0.562,0.562,0.0
2023-10-21 22:16:00,1697926560.0,0.562,0.562,0.562,0.562,0.0
2023-10-21 22:17:00,1697926620.0,0.562,0.562,0.562,0.562,0.0
2023-10-21 22:18:00,1697926680.0,0.563,0.563,0.563,0.563,1408.8
2023-10-21 22:19:00,1697926740.0,0.563,0.563,0.563,0.563,0.0
2023-10-21 22:20:00,1697926800.0,0.563,0.563,0.563,0.563,0.0
2023-10-21 22:21:00,1697926860.0,0.562,0.562,0.562,0.562,4137.9
2023-10-21 22:22:00,1697926920.0,0.561,0.561,0.561,0.561,407.7
2023-10-21 22:23:00,1697926980.0,0.561,0.561,0.561,0.561,1563.3
2023-10-21 22:24:00,1697927040.0,0.561,0.561,0.561,0.561,0.0
2023-10-21 22:25:00,1697927100.0,0.561,0.561,0.561,0.561,10.2
2023-10-21 22:26:00,1697927160.0,0.56,0.56,0.56,0.56,983.9
2023-10-21 22:27:00,1697927220.0,0.56,0.56,0.56,0.56,19.8
2023-10-21 22:28:00,1697927280.0,0.56,0.56,0.56,0.56,167.2
2023-10-21 22:29:00,1697927340.0,0.56,0.56,0.56,0.56,0.0
2023-10-21 22:30:00,1697927400.0,0.561,0.561,0.561,0.561,42.7
2023-10-21 22:31:00,1697927460.0,0.561,0.561,0.561,0.561,0.0
2023-10-21 22:32:00,1697927520.0,0.56,0.56,0.56,0.56,39445.1
2023-10-21 22:33:00,1697927580.0,0.559,0.559,0.559,0.559,58.8
2023-10-21 22:34:00,1697927640.0,0.56,0.56,0.56,0.56,5412.0
2023-10-21 22:35:00,1697927700.0,0.56,0.56,0.559,0.559,2627.7
2023-10-21 22:36:00,1697927760.0,0.559,0.559,0.559,0.559,0.0
2023-10-21 22:37:00,1697927820.0,0.56,0.561,0.56,0.561,16704.0
2023-10-21 22:38:00,1697927880.0,0.561,0.561,0.561,0.561,0.0
2023-10-21 22:39:00,1697927940.0,0.561,0.561,0.561,0.561,0.0
2023-10-21 22:40:00,1697928000.0,0.56,0.561,0.56,0.561,470.4
2023-10-21 22:41:00,1697928060.0,0.561,0.561,0.561,0.561,0.0
2023-10-21 22:42:00,1697928120.0,0.561,0.561,0.561,0.561,0.0
2023-10-21 22:43:00,1697928180.0,0.56,0.561,0.56,0.561,57.5
2023-10-21 22:44:00,1697928240.0,0.561,0.561,0.561,0.561,0.0
2023-10-21 22:45:00,1697928300.0,0.56,0.56,0.56,0.56,223.0
2023-10-21 22:46:00,1697928360.0,0.56,0.56,0.56,0.56,0.0
2023-10-21 22:47:00,1697928420.0,0.561,0.561,0.561,0.561,10000.0
2023-10-21 22:48:00,1697928480.0,0.561,0.561,0.561,0.561,0.0
2023-10-21 22:49:00,1697928540.0,0.56,0.56,0.56,0.56,15.2
2023-10-21 22:50:00,1697928600.0,0.56,0.56,0.56,0.56,0.0
2023-10-21 22:51:00,1697928660.0,0.56,0.56,0.56,0.56,0.0
2023-10-21 22:52:00,1697928720.0,0.56,0.56,0.56,0.56,0.0
2023-10-21 22:53:00,1697928780.0,0.56,0.56,0.56,0.56,0.0
2023-10-21 22:54:00,1697928840.0,0.561,0.561,0.56,0.56,6880.2
2023-10-21 22:55:00,1697928900.0,0.56,0.56,0.56,0.56,0.0
2023-10-21 22:56:00,1697928960.0,0.56,0.56,0.56,0.56,0.0
2023-10-21 22:57:00,1697929020.0,0.56,0.56,0.56,0.56,248.5
2023-10-21 22:58:00,1697929080.0,0.56,0.56,0.56,0.56,0.0
2023-10-21 22:59:00,1697929140.0,0.56,0.56,0.56,0.56,0.0
2023-10-21 23:00:00,1697929200.0,0.561,0.561,0.561,0.561,19.6
2023-10-21 23:01:00,1697929260.0,0.561,0.561,0.561,0.561,0.0
2023-10-21 23:02:00,1697929320.0,0.561,0.561,0.561,0.561,0.0
2023-10-21 23:03:00,1697929380.0,0.56,0.56,0.559,0.559,50352.3
2023-10-21 23:04:00,1697929440.0,0.559,0.559,0.559,0.559,0.0
2023-10-21 23:05:00,1697929500.0,0.56,0.56,0.56,0.56,9.4
2023-10-21 23:06:00,1697929560.0,0.56,0.56,0.56,0.56,28.0
2023-10-21 23:07:00,1697929620.0,0.56,0.56,0.559,0.559,1521.3
2023-10-21 23:08:00,1697929680.0,0.559,0.559,0.559,0.559,0.0
2023-10-21 23:09:00,1697929740.0,0.559,0.559,0.559,0.559,0.0
2023-10-21 23:10:00,1697929800.0,0.559,0.559,0.559,0.559,824.6
2023-10-21 23:11:00,1697929860.0,0.56,0.56,0.56,0.56,69.7
2023-10-21 23:12:00,1697929920.0,0.559,0.559,0.559,0.559,4760.6
2023-10-21 23:13:00,1697929980.0,0.558,0.558,0.558,0.558,728.8
2023-10-21 23:14:00,1697930040.0,0.558,0.56,0.558,0.56,25577.8
2023-10-21 23:15:00,1697930100.0,0.56,0.56,0.56,0.56,0.0
2023-10-21 23:16:00,1697930160.0,0.559,0.559,0.558,0.558,13272.5
2023-10-21 23:17:00,1697930220.0,0.559,0.559,0.559,0.559,232.0
2023-10-21 23:18:00,1697930280.0,0.559,0.559,0.559,0.559,0.0
2023-10-21 23:19:00,1697930340.0,0.559,0.56,0.559,0.559,19067.9
2023-10-21 23:20:00,1697930400.0,0.559,0.559,0.559,0.559,0.0
2023-10-21 23:21:00,1697930460.0,0.559,0.559,0.559,0.559,0.0
2023-10-21 23:22:00,1697930520.0,0.559,0.559,0.559,0.559,0.0
2023-10-21 23:23:00,1697930580.0,0.56,0.561,0.56,0.561,4862.7
2023-10-21 23:24:00,1697930640.0,0.56,0.56,0.559,0.56,3348.9
2023-10-21 23:25:00,1697930700.0,0.559,0.559,0.559,0.559,305.1
2023-10-21 23:26:00,1697930760.0,0.56,0.561,0.56,0.561,8651.7
2023-10-21 23:27:00,1697930820.0,0.56,0.56,0.56,0.56,6934.5
2023-10-21 23:28:00,1697930880.0,0.56,0.56,0.56,0.56,1785.7
2023-10-21 23:29:00,1697930940.0,0.56,0.56,0.56,0.56,214.7
2023-10-21 23:30:00,1697931000.0,0.56,0.56,0.56,0.56,446.4
2023-10-21 23:31:00,1697931060.0,0.56,0.56,0.56,0.56,10044.4
2023-10-21 23:32:00,1697931120.0,0.559,0.559,0.559,0.559,4854.8
2023-10-21 23:33:00,1697931180.0,0.56,0.56,0.559,0.559,3610.9
2023-10-21 23:34:00,1697931240.0,0.559,0.559,0.559,0.559,26.3
2023-10-21 23:35:00,1697931300.0,0.559,0.559,0.559,0.559,72.0
2023-10-21 23:36:00,1697931360.0,0.558,0.558,0.558,0.558,2322.0
2023-10-21 23:37:00,1697931420.0,0.558,0.558,0.558,0.558,10746.8
2023-10-21 23:38:00,1697931480.0,0.558,0.558,0.558,0.558,0.0
2023-10-21 23:39:00,1697931540.0,0.558,0.559,0.558,0.559,7027.4
2023-10-21 23:40:00,1697931600.0,0.559,0.559,0.559,0.559,0.0
2023-10-21 23:41:00,1697931660.0,0.559,0.559,0.559,0.559,0.0
2023-10-21 23:42:00,1697931720.0,0.559,0.56,0.559,0.56,72896.9
2023-10-21 23:43:00,1697931780.0,0.559,0.559,0.559,0.559,5494.0
2023-10-21 23:44:00,1697931840.0,0.559,0.559,0.558,0.558,208.1
2023-10-21 23:45:00,1697931900.0,0.558,0.558,0.558,0.558,0.0
2023-10-21 23:46:00,1697931960.0,0.559,0.559,0.559,0.559,9493.4
2023-10-21 23:47:00,1697932020.0,0.559,0.56,0.559,0.559,11984.4
2023-10-21 23:48:00,1697932080.0,0.559,0.559,0.559,0.559,36.7
2023-10-21 23:49:00,1697932140.0,0.559,0.559,0.559,0.559,0.0
2023-10-21 23:50:00,1697932200.0,0.559,0.559,0.559,0.559,26.9
2023-10-21 23:51:00,1697932260.0,0.56,0.56,0.559,0.559,131.5
2023-10-21 23:52:00,1697932320.0,0.559,0.559,0.559,0.559,0.0
2023-10-21 23:53:00,1697932380.0,0.559,0.559,0.559,0.559,0.0
2023-10-21 23:54:00,1697932440.0,0.559,0.559,0.559,0.559,0.0
2023-10-21 23:55:00,1697932500.0,0.559,0.559,0.559,0.559,0.0
2023-10-21 23:56:00,1697932560.0,0.56,0.56,0.56,0.56,27525.1
2023-10-21 23:57:00,1697932620.0,0.56,0.561,0.56,0.56,12130.2
2023-10-21 23:58:00,1697932680.0,0.56,0.56,0.56,0.56,90.0
2023-10-21 23:59:00,1697932740.0,0.56,0.56,0.56,0.56,45.0
