Universal Time,Unix Time,Open,High,Low,Close,Volume
2025-03-04 00:00:00,1741046400.0,576.09,576.19,575.04,575.27,434.634
2025-03-04 00:01:00,1741046460.0,575.27,575.28,574.1,574.34,1122.194
2025-03-04 00:02:00,1741046520.0,574.35,575.09,574.35,574.71,114.676
2025-03-04 00:03:00,1741046580.0,574.71,574.9,574.05,574.15,107.693
2025-03-04 00:04:00,1741046640.0,574.14,575.49,574.14,575.49,394.939
2025-03-04 00:05:00,1741046700.0,575.49,576.32,575.3,576.32,124.777
2025-03-04 00:06:00,1741046760.0,576.33,577.79,576.33,577.79,243.199
2025-03-04 00:07:00,1741046820.0,577.8,578.24,577.43,577.82,160.666
2025-03-04 00:08:00,1741046880.0,577.82,578.6,577.29,577.35,130.174
2025-03-04 00:09:00,1741046940.0,577.36,577.5,576.41,576.47,76.457
2025-03-04 00:10:00,1741047000.0,576.47,577.4,576.46,577.21,136.761
2025-03-04 00:11:00,1741047060.0,577.21,577.9,577.21,577.73,130.687
2025-03-04 00:12:00,1741047120.0,577.72,578.68,577.71,577.72,238.818
2025-03-04 00:13:00,1741047180.0,577.72,578.59,577.54,578.07,126.366
2025-03-04 00:14:00,1741047240.0,578.06,578.2,577.5,577.56,260.716
2025-03-04 00:15:00,1741047300.0,577.56,578.94,577.2,578.8,758.66
2025-03-04 00:16:00,1741047360.0,578.79,578.9,577.62,577.89,137.888
2025-03-04 00:17:00,1741047420.0,577.9,578.9,577.89,578.81,124.407
2025-03-04 00:18:00,1741047480.0,578.81,579.6,578.81,579.39,488.497
2025-03-04 00:19:00,1741047540.0,579.4,580.0,579.4,579.96,317.098
2025-03-04 00:20:00,1741047600.0,579.95,580.3,579.51,580.19,293.918
2025-03-04 00:21:00,1741047660.0,580.2,580.44,579.27,580.1,497.341
2025-03-04 00:22:00,1741047720.0,580.09,580.26,579.08,579.08,96.354
2025-03-04 00:23:00,1741047780.0,579.03,579.11,578.6,578.82,119.594
2025-03-04 00:24:00,1741047840.0,578.82,579.5,578.66,579.41,68.997
2025-03-04 00:25:00,1741047900.0,579.4,579.4,577.44,577.77,1102.178
2025-03-04 00:26:00,1741047960.0,577.78,578.13,576.8,577.18,334.231
2025-03-04 00:27:00,1741048020.0,577.19,578.18,577.0,577.8,526.812
2025-03-04 00:28:00,1741048080.0,577.8,578.28,577.6,577.77,110.792
2025-03-04 00:29:00,1741048140.0,577.76,578.72,577.6,578.69,271.807
2025-03-04 00:30:00,1741048200.0,578.7,579.32,578.5,578.87,106.347
2025-03-04 00:31:00,1741048260.0,578.88,579.5,577.7,577.91,133.53
2025-03-04 00:32:00,1741048320.0,577.91,578.32,577.42,578.09,442.389
2025-03-04 00:33:00,1741048380.0,578.09,578.6,577.85,577.85,291.748
2025-03-04 00:34:00,1741048440.0,577.85,577.85,576.62,576.99,508.806
2025-03-04 00:35:00,1741048500.0,577.0,577.69,576.6,577.69,116.66
2025-03-04 00:36:00,1741048560.0,577.7,577.92,576.89,577.49,780.405
2025-03-04 00:37:00,1741048620.0,577.5,577.9,577.22,577.31,61.624
2025-03-04 00:38:00,1741048680.0,577.31,577.34,576.69,577.1,68.937
2025-03-04 00:39:00,1741048740.0,577.1,577.79,577.1,577.21,62.406
2025-03-04 00:40:00,1741048800.0,577.22,577.48,576.52,576.69,85.608
2025-03-04 00:41:00,1741048860.0,576.7,577.02,575.7,575.8,192.372
2025-03-04 00:42:00,1741048920.0,575.81,576.09,575.45,575.95,83.953
2025-03-04 00:43:00,1741048980.0,575.94,576.01,575.53,575.72,157.618
2025-03-04 00:44:00,1741049040.0,575.72,575.72,573.62,574.21,4837.784
2025-03-04 00:45:00,1741049100.0,574.21,575.08,574.19,575.01,601.771
2025-03-04 00:46:00,1741049160.0,575.02,575.04,574.24,574.86,561.566
2025-03-04 00:47:00,1741049220.0,574.87,574.9,573.65,574.4,741.622
2025-03-04 00:48:00,1741049280.0,574.4,574.4,572.88,573.76,3321.254
2025-03-04 00:49:00,1741049340.0,573.77,574.0,573.27,573.46,146.6
2025-03-04 00:50:00,1741049400.0,573.45,573.45,572.72,572.83,184.088
2025-03-04 00:51:00,1741049460.0,572.83,573.29,572.56,573.17,210.936
2025-03-04 00:52:00,1741049520.0,573.18,573.39,573.07,573.07,193.554
2025-03-04 00:53:00,1741049580.0,573.06,573.39,572.8,573.37,218.92
2025-03-04 00:54:00,1741049640.0,573.34,574.09,573.34,574.09,440.986
2025-03-04 00:55:00,1741049700.0,574.1,574.3,573.6,573.63,358.627
2025-03-04 00:56:00,1741049760.0,573.64,574.09,573.28,573.5,201.353
2025-03-04 00:57:00,1741049820.0,573.5,573.7,573.38,573.46,78.979
2025-03-04 00:58:00,1741049880.0,573.45,573.45,572.71,572.71,219.023
2025-03-04 00:59:00,1741049940.0,572.7,572.8,571.6,571.94,309.359
2025-03-04 01:00:00,1741050000.0,571.94,572.39,571.71,572.27,299.834
2025-03-04 01:01:00,1741050060.0,572.27,572.88,572.27,572.55,189.262
2025-03-04 01:02:00,1741050120.0,572.55,572.57,571.28,571.35,241.506
2025-03-04 01:03:00,1741050180.0,571.35,571.93,571.33,571.37,395.363
2025-03-04 01:04:00,1741050240.0,571.38,571.41,569.79,570.01,1023.508
2025-03-04 01:05:00,1741050300.0,570.02,571.0,570.02,570.76,269.598
2025-03-04 01:06:00,1741050360.0,570.75,571.43,570.23,571.42,212.532
2025-03-04 01:07:00,1741050420.0,571.42,572.3,571.39,572.26,199.864
2025-03-04 01:08:00,1741050480.0,572.25,572.25,570.32,570.49,309.455
2025-03-04 01:09:00,1741050540.0,570.49,570.87,569.8,570.26,245.018
2025-03-04 01:10:00,1741050600.0,570.26,570.8,569.91,570.19,232.165
2025-03-04 01:11:00,1741050660.0,570.19,571.1,570.19,570.53,163.205
2025-03-04 01:12:00,1741050720.0,570.53,571.47,570.53,570.7,749.874
2025-03-04 01:13:00,1741050780.0,570.7,571.0,570.11,570.36,139.179
2025-03-04 01:14:00,1741050840.0,570.37,571.39,570.14,571.29,151.963
2025-03-04 01:15:00,1741050900.0,571.29,572.33,571.26,572.33,145.792
2025-03-04 01:16:00,1741050960.0,572.33,573.0,572.2,572.77,121.161
2025-03-04 01:17:00,1741051020.0,572.78,572.9,571.91,572.4,199.596
2025-03-04 01:18:00,1741051080.0,572.39,572.55,570.76,570.93,232.123
2025-03-04 01:19:00,1741051140.0,570.94,571.0,570.27,570.72,238.536
2025-03-04 01:20:00,1741051200.0,570.76,571.46,570.29,571.06,252.288
2025-03-04 01:21:00,1741051260.0,571.07,571.87,571.07,571.87,241.463
2025-03-04 01:22:00,1741051320.0,571.86,571.86,570.8,571.11,83.212
2025-03-04 01:23:00,1741051380.0,571.1,571.2,570.61,570.78,68.091
2025-03-04 01:24:00,1741051440.0,570.78,570.79,569.11,569.11,179.292
2025-03-04 01:25:00,1741051500.0,569.11,569.19,568.33,568.39,310.1
2025-03-04 01:26:00,1741051560.0,568.38,569.26,568.29,568.86,256.247
2025-03-04 01:27:00,1741051620.0,568.85,569.8,568.83,569.04,248.586
2025-03-04 01:28:00,1741051680.0,569.05,570.6,568.89,570.6,407.886
2025-03-04 01:29:00,1741051740.0,570.6,571.14,570.48,571.14,124.475
2025-03-04 01:30:00,1741051800.0,571.14,571.99,571.11,571.66,121.951
2025-03-04 01:31:00,1741051860.0,571.66,571.72,570.72,570.72,322.696
2025-03-04 01:32:00,1741051920.0,570.73,570.74,569.68,569.73,297.894
2025-03-04 01:33:00,1741051980.0,569.73,569.99,568.94,569.21,127.201
2025-03-04 01:34:00,1741052040.0,569.22,569.25,566.71,567.67,2374.082
2025-03-04 01:35:00,1741052100.0,567.68,568.78,566.82,567.12,633.363
2025-03-04 01:36:00,1741052160.0,567.11,568.58,566.88,566.89,493.511
2025-03-04 01:37:00,1741052220.0,566.89,567.2,565.98,566.11,899.194
2025-03-04 01:38:00,1741052280.0,566.11,566.35,564.59,565.88,1801.306
2025-03-04 01:39:00,1741052340.0,565.87,566.08,560.9,561.2,4168.139
2025-03-04 01:40:00,1741052400.0,561.19,562.08,560.12,560.95,3643.352
2025-03-04 01:41:00,1741052460.0,560.95,562.09,558.86,559.63,4713.287
2025-03-04 01:42:00,1741052520.0,559.63,561.9,559.07,560.27,2072.449
2025-03-04 01:43:00,1741052580.0,560.27,561.72,556.64,556.89,2480.948
2025-03-04 01:44:00,1741052640.0,556.88,559.6,556.27,558.4,2378.076
2025-03-04 01:45:00,1741052700.0,558.4,558.66,554.09,554.78,4418.917
2025-03-04 01:46:00,1741052760.0,554.82,556.96,554.09,555.97,3793.586
2025-03-04 01:47:00,1741052820.0,555.98,557.71,554.15,554.26,2560.501
2025-03-04 01:48:00,1741052880.0,554.25,556.04,553.83,555.74,1768.555
2025-03-04 01:49:00,1741052940.0,555.75,555.93,554.11,554.4,1938.126
2025-03-04 01:50:00,1741053000.0,554.4,556.27,553.19,556.11,1786.388
2025-03-04 01:51:00,1741053060.0,556.11,559.09,555.39,558.61,1682.45
2025-03-04 01:52:00,1741053120.0,558.6,559.75,557.46,559.31,992.682
2025-03-04 01:53:00,1741053180.0,559.3,559.71,557.19,557.39,925.728
2025-03-04 01:54:00,1741053240.0,557.39,558.66,557.11,558.57,612.69
2025-03-04 01:55:00,1741053300.0,558.56,559.81,558.26,558.37,542.533
2025-03-04 01:56:00,1741053360.0,558.37,558.49,557.32,557.65,572.087
2025-03-04 01:57:00,1741053420.0,557.64,557.83,555.65,555.67,830.139
2025-03-04 01:58:00,1741053480.0,555.66,556.44,555.45,556.06,620.864
2025-03-04 01:59:00,1741053540.0,556.06,556.25,555.1,555.89,505.367
2025-03-04 02:00:00,1741053600.0,555.89,556.02,554.2,555.17,1197.75
2025-03-04 02:01:00,1741053660.0,555.18,556.24,554.24,556.1,1011.029
2025-03-04 02:02:00,1741053720.0,556.1,558.34,556.1,558.33,553.549
2025-03-04 02:03:00,1741053780.0,558.33,558.6,557.01,557.1,473.261
2025-03-04 02:04:00,1741053840.0,557.09,557.09,555.03,555.36,552.047
2025-03-04 02:05:00,1741053900.0,555.37,556.0,551.1,551.1,2518.269
2025-03-04 02:06:00,1741053960.0,551.11,552.22,547.52,547.83,8558.878
2025-03-04 02:07:00,1741054020.0,547.78,550.92,546.83,550.66,3834.042
2025-03-04 02:08:00,1741054080.0,550.67,553.04,549.72,552.79,2282.342
2025-03-04 02:09:00,1741054140.0,552.8,553.75,551.6,552.48,1548.789
2025-03-04 02:10:00,1741054200.0,552.48,552.69,550.0,550.34,1470.537
2025-03-04 02:11:00,1741054260.0,550.35,551.08,548.04,550.95,2360.189
2025-03-04 02:12:00,1741054320.0,550.95,553.46,550.33,553.26,1046.859
2025-03-04 02:13:00,1741054380.0,553.26,554.0,552.51,553.98,1149.433
2025-03-04 02:14:00,1741054440.0,553.97,555.87,553.57,555.46,1578.115
2025-03-04 02:15:00,1741054500.0,555.45,555.61,553.8,553.81,914.816
2025-03-04 02:16:00,1741054560.0,553.81,554.35,551.77,553.32,1164.374
2025-03-04 02:17:00,1741054620.0,553.33,554.19,552.01,552.3,589.052
2025-03-04 02:18:00,1741054680.0,552.3,553.75,551.46,553.53,811.218
2025-03-04 02:19:00,1741054740.0,553.52,554.07,552.51,553.16,1019.292
2025-03-04 02:20:00,1741054800.0,553.16,553.32,551.38,551.82,930.126
2025-03-04 02:21:00,1741054860.0,551.86,553.0,551.1,552.89,547.501
2025-03-04 02:22:00,1741054920.0,552.9,554.99,552.71,554.73,1118.692
2025-03-04 02:23:00,1741054980.0,554.72,556.26,554.21,556.14,943.934
2025-03-04 02:24:00,1741055040.0,556.14,556.76,554.71,554.85,1030.878
2025-03-04 02:25:00,1741055100.0,554.85,557.63,554.65,557.63,585.973
2025-03-04 02:26:00,1741055160.0,557.64,557.7,556.96,557.34,475.412
2025-03-04 02:27:00,1741055220.0,557.33,557.33,555.39,556.07,513.686
2025-03-04 02:28:00,1741055280.0,556.07,557.1,555.88,556.17,390.37
2025-03-04 02:29:00,1741055340.0,556.18,557.12,556.03,556.69,245.228
2025-03-04 02:30:00,1741055400.0,556.7,558.6,556.42,558.45,332.124
2025-03-04 02:31:00,1741055460.0,558.44,558.89,557.8,557.81,417.35
2025-03-04 02:32:00,1741055520.0,557.81,558.42,557.26,558.42,328.127
2025-03-04 02:33:00,1741055580.0,558.42,559.48,558.42,559.39,612.157
2025-03-04 02:34:00,1741055640.0,559.39,559.5,558.55,559.09,592.085
2025-03-04 02:35:00,1741055700.0,559.03,560.36,559.01,560.06,1675.222
2025-03-04 02:36:00,1741055760.0,560.05,562.12,559.71,561.86,730.442
2025-03-04 02:37:00,1741055820.0,561.86,562.06,561.36,561.59,398.699
2025-03-04 02:38:00,1741055880.0,561.57,562.09,561.1,561.37,277.389
2025-03-04 02:39:00,1741055940.0,561.37,561.37,560.61,560.87,411.835
2025-03-04 02:40:00,1741056000.0,560.86,561.39,558.92,558.92,728.796
2025-03-04 02:41:00,1741056060.0,558.91,559.27,558.29,558.79,605.675
2025-03-04 02:42:00,1741056120.0,558.82,559.5,558.31,559.11,472.508
2025-03-04 02:43:00,1741056180.0,559.1,559.1,557.01,557.69,1120.563
2025-03-04 02:44:00,1741056240.0,557.69,557.69,555.16,555.16,1568.898
2025-03-04 02:45:00,1741056300.0,555.15,556.68,554.95,556.68,739.95
2025-03-04 02:46:00,1741056360.0,556.68,557.24,556.4,556.79,371.243
2025-03-04 02:47:00,1741056420.0,556.8,558.62,556.33,558.62,481.319
2025-03-04 02:48:00,1741056480.0,558.57,558.65,557.7,557.91,367.841
2025-03-04 02:49:00,1741056540.0,557.91,558.5,557.73,557.89,222.557
2025-03-04 02:50:00,1741056600.0,557.89,558.14,557.58,557.66,478.411
2025-03-04 02:51:00,1741056660.0,557.65,558.09,557.52,558.09,311.231
2025-03-04 02:52:00,1741056720.0,558.1,559.0,557.63,558.78,410.932
2025-03-04 02:53:00,1741056780.0,558.78,559.94,558.21,559.85,419.814
2025-03-04 02:54:00,1741056840.0,559.84,560.69,559.4,560.57,227.728
2025-03-04 02:55:00,1741056900.0,560.57,562.66,560.3,561.32,1146.012
2025-03-04 02:56:00,1741056960.0,561.32,561.79,560.8,560.95,655.915
2025-03-04 02:57:00,1741057020.0,560.94,561.07,559.22,559.63,2547.354
2025-03-04 02:58:00,1741057080.0,559.64,559.8,559.07,559.15,272.826
2025-03-04 02:59:00,1741057140.0,559.14,559.15,558.74,558.94,386.158
2025-03-04 03:00:00,1741057200.0,558.93,559.72,558.76,559.72,343.443
2025-03-04 03:01:00,1741057260.0,559.72,560.57,559.51,560.21,580.745
2025-03-04 03:02:00,1741057320.0,560.21,560.29,559.34,559.39,834.165
2025-03-04 03:03:00,1741057380.0,559.34,559.37,559.0,559.12,2186.649
2025-03-04 03:04:00,1741057440.0,559.12,560.16,559.0,559.49,914.293
2025-03-04 03:05:00,1741057500.0,559.5,559.74,558.5,558.9,868.495
2025-03-04 03:06:00,1741057560.0,558.91,560.69,558.81,560.46,455.508
2025-03-04 03:07:00,1741057620.0,560.47,561.07,559.74,560.2,609.355
2025-03-04 03:08:00,1741057680.0,560.21,560.21,559.4,559.75,256.924
2025-03-04 03:09:00,1741057740.0,559.74,560.22,559.57,559.8,161.443
2025-03-04 03:10:00,1741057800.0,559.81,559.81,558.71,558.81,339.736
2025-03-04 03:11:00,1741057860.0,558.81,559.0,558.08,558.24,355.466
2025-03-04 03:12:00,1741057920.0,558.23,558.27,557.75,557.75,520.605
2025-03-04 03:13:00,1741057980.0,557.78,557.83,557.04,557.36,379.531
2025-03-04 03:14:00,1741058040.0,557.36,557.76,557.23,557.76,287.834
2025-03-04 03:15:00,1741058100.0,557.77,557.94,557.13,557.55,267.97
2025-03-04 03:16:00,1741058160.0,557.56,557.8,556.9,557.79,407.907
2025-03-04 03:17:00,1741058220.0,557.79,558.2,557.39,557.91,152.396
2025-03-04 03:18:00,1741058280.0,557.92,558.26,557.6,558.0,153.181
2025-03-04 03:19:00,1741058340.0,558.01,558.7,557.77,557.97,135.034
2025-03-04 03:20:00,1741058400.0,557.96,558.51,557.68,558.17,241.205
2025-03-04 03:21:00,1741058460.0,558.18,558.69,557.63,558.69,296.896
2025-03-04 03:22:00,1741058520.0,558.69,559.44,558.54,559.32,308.12
2025-03-04 03:23:00,1741058580.0,559.31,560.1,559.16,559.81,269.95
2025-03-04 03:24:00,1741058640.0,559.81,559.81,558.64,559.02,269.526
2025-03-04 03:25:00,1741058700.0,559.03,559.79,558.7,558.76,226.045
2025-03-04 03:26:00,1741058760.0,558.76,559.2,558.53,559.09,182.267
2025-03-04 03:27:00,1741058820.0,559.09,559.7,558.9,559.57,130.92
2025-03-04 03:28:00,1741058880.0,559.57,559.95,559.2,559.7,112.506
2025-03-04 03:29:00,1741058940.0,559.7,559.7,559.15,559.39,365.565
2025-03-04 03:30:00,1741059000.0,559.4,560.2,559.09,559.99,263.517
2025-03-04 03:31:00,1741059060.0,559.99,560.46,559.8,560.17,152.376
2025-03-04 03:32:00,1741059120.0,560.18,560.25,560.0,560.08,908.303
2025-03-04 03:33:00,1741059180.0,560.08,560.7,560.01,560.68,216.948
2025-03-04 03:34:00,1741059240.0,560.69,560.71,560.08,560.09,191.85
2025-03-04 03:35:00,1741059300.0,560.09,560.6,560.0,560.2,356.033
2025-03-04 03:36:00,1741059360.0,560.2,560.6,560.0,560.01,301.446
2025-03-04 03:37:00,1741059420.0,560.01,560.39,560.0,560.2,140.815
2025-03-04 03:38:00,1741059480.0,560.2,560.53,560.1,560.18,74.995
2025-03-04 03:39:00,1741059540.0,560.18,560.4,560.0,560.0,77.935
2025-03-04 03:40:00,1741059600.0,560.01,560.04,559.8,560.0,657.438
2025-03-04 03:41:00,1741059660.0,560.0,560.3,559.73,559.84,401.702
2025-03-04 03:42:00,1741059720.0,559.84,560.17,559.8,559.82,522.003
2025-03-04 03:43:00,1741059780.0,559.83,559.88,558.49,558.72,296.279
2025-03-04 03:44:00,1741059840.0,558.72,559.24,558.71,559.11,46.602
2025-03-04 03:45:00,1741059900.0,559.12,559.12,558.51,558.9,178.188
2025-03-04 03:46:00,1741059960.0,558.89,559.2,558.71,559.19,193.72
2025-03-04 03:47:00,1741060020.0,559.2,560.4,559.2,560.33,171.253
2025-03-04 03:48:00,1741060080.0,560.33,560.63,560.19,560.55,119.012
2025-03-04 03:49:00,1741060140.0,560.55,561.14,560.3,561.02,201.977
2025-03-04 03:50:00,1741060200.0,561.02,562.63,561.0,562.51,226.196
2025-03-04 03:51:00,1741060260.0,562.5,563.46,562.4,563.29,840.277
2025-03-04 03:52:00,1741060320.0,563.28,564.55,562.98,563.37,1116.185
2025-03-04 03:53:00,1741060380.0,563.37,563.5,562.75,563.1,310.256
2025-03-04 03:54:00,1741060440.0,563.11,563.11,562.24,562.82,419.911
2025-03-04 03:55:00,1741060500.0,562.81,563.1,562.42,562.51,529.332
2025-03-04 03:56:00,1741060560.0,562.51,562.64,562.01,562.01,237.61
2025-03-04 03:57:00,1741060620.0,562.02,562.3,562.01,562.22,113.186
2025-03-04 03:58:00,1741060680.0,562.21,562.22,561.3,561.3,201.976
2025-03-04 03:59:00,1741060740.0,561.31,561.31,560.6,560.69,539.917
2025-03-04 04:00:00,1741060800.0,560.69,561.12,560.07,561.12,350.981
2025-03-04 04:01:00,1741060860.0,561.12,561.47,560.91,560.94,352.997
2025-03-04 04:02:00,1741060920.0,560.91,561.0,560.2,560.9,150.158
2025-03-04 04:03:00,1741060980.0,560.9,561.0,560.0,560.79,218.045
2025-03-04 04:04:00,1741061040.0,560.8,561.84,560.69,561.39,560.087
2025-03-04 04:05:00,1741061100.0,561.39,561.61,559.0,559.74,1552.783
2025-03-04 04:06:00,1741061160.0,559.74,560.2,559.6,560.01,189.632
2025-03-04 04:07:00,1741061220.0,560.01,560.12,559.4,559.57,441.503
2025-03-04 04:08:00,1741061280.0,559.57,559.9,559.2,559.61,197.07
2025-03-04 04:09:00,1741061340.0,559.6,560.3,559.59,560.2,108.784
2025-03-04 04:10:00,1741061400.0,560.19,560.9,560.1,560.74,121.163
2025-03-04 04:11:00,1741061460.0,560.73,560.73,559.52,560.54,526.699
2025-03-04 04:12:00,1741061520.0,560.53,561.17,560.01,560.5,289.171
2025-03-04 04:13:00,1741061580.0,560.5,560.7,559.77,559.89,177.986
2025-03-04 04:14:00,1741061640.0,559.9,560.85,559.89,560.85,68.913
2025-03-04 04:15:00,1741061700.0,560.85,561.1,560.21,560.29,564.585
2025-03-04 04:16:00,1741061760.0,560.29,561.67,560.0,561.5,195.789
2025-03-04 04:17:00,1741061820.0,561.5,561.8,561.0,561.0,205.809
2025-03-04 04:18:00,1741061880.0,561.0,561.26,560.63,561.01,186.477
2025-03-04 04:19:00,1741061940.0,561.01,561.3,560.05,560.16,222.087
2025-03-04 04:20:00,1741062000.0,560.17,560.4,560.0,560.36,110.604
2025-03-04 04:21:00,1741062060.0,560.36,561.0,560.33,560.51,101.345
2025-03-04 04:22:00,1741062120.0,560.5,561.0,560.31,560.61,67.982
2025-03-04 04:23:00,1741062180.0,560.61,561.5,560.47,561.49,105.203
2025-03-04 04:24:00,1741062240.0,561.49,562.6,561.49,562.18,152.514
2025-03-04 04:25:00,1741062300.0,562.19,562.2,561.6,561.61,83.493
2025-03-04 04:26:00,1741062360.0,561.6,562.13,561.21,562.01,117.697
2025-03-04 04:27:00,1741062420.0,562.03,562.1,561.51,561.63,49.565
2025-03-04 04:28:00,1741062480.0,561.64,562.0,561.3,561.87,63.623
2025-03-04 04:29:00,1741062540.0,561.87,561.96,561.42,561.54,119.189
2025-03-04 04:30:00,1741062600.0,561.54,561.58,560.51,560.55,174.362
2025-03-04 04:31:00,1741062660.0,560.55,560.68,560.28,560.45,105.507
2025-03-04 04:32:00,1741062720.0,560.45,561.03,560.27,560.6,1167.912
2025-03-04 04:33:00,1741062780.0,560.6,561.36,560.55,561.09,359.796
2025-03-04 04:34:00,1741062840.0,561.09,561.14,560.5,560.62,52.036
2025-03-04 04:35:00,1741062900.0,560.61,561.16,560.61,561.07,120.724
2025-03-04 04:36:00,1741062960.0,561.07,561.34,560.8,561.34,36.977
2025-03-04 04:37:00,1741063020.0,561.34,561.43,560.75,560.91,76.162
2025-03-04 04:38:00,1741063080.0,560.91,560.93,559.69,560.38,1099.842
2025-03-04 04:39:00,1741063140.0,560.37,560.99,560.29,560.98,235.004
2025-03-04 04:40:00,1741063200.0,560.98,561.8,560.89,561.58,135.032
2025-03-04 04:41:00,1741063260.0,561.58,562.01,561.51,561.7,185.836
2025-03-04 04:42:00,1741063320.0,561.69,561.78,561.27,561.78,100.106
2025-03-04 04:43:00,1741063380.0,561.78,562.1,561.7,562.09,107.749
2025-03-04 04:44:00,1741063440.0,562.09,562.38,562.01,562.26,95.477
2025-03-04 04:45:00,1741063500.0,562.26,562.26,561.52,561.56,143.214
2025-03-04 04:46:00,1741063560.0,561.57,562.3,561.41,562.29,70.865
2025-03-04 04:47:00,1741063620.0,562.29,562.31,561.49,561.69,253.021
2025-03-04 04:48:00,1741063680.0,561.7,562.0,561.6,561.64,43.756
2025-03-04 04:49:00,1741063740.0,561.64,561.8,561.34,561.66,183.984
2025-03-04 04:50:00,1741063800.0,561.67,561.85,561.51,561.8,152.055
2025-03-04 04:51:00,1741063860.0,561.8,561.99,561.51,561.71,366.853
2025-03-04 04:52:00,1741063920.0,561.7,562.36,561.46,562.36,199.547
2025-03-04 04:53:00,1741063980.0,562.35,562.5,562.26,562.26,118.055
2025-03-04 04:54:00,1741064040.0,562.25,562.25,561.27,561.27,350.961
2025-03-04 04:55:00,1741064100.0,561.27,561.44,561.1,561.3,83.036
2025-03-04 04:56:00,1741064160.0,561.31,561.5,561.2,561.48,36.291
2025-03-04 04:57:00,1741064220.0,561.49,561.86,560.8,560.81,67.803
2025-03-04 04:58:00,1741064280.0,560.81,561.05,560.21,560.22,211.589
2025-03-04 04:59:00,1741064340.0,560.22,560.4,559.68,559.91,420.831
2025-03-04 05:00:00,1741064400.0,559.93,560.49,559.67,560.49,239.596
2025-03-04 05:01:00,1741064460.0,560.5,560.59,559.48,560.27,299.928
2025-03-04 05:02:00,1741064520.0,560.28,560.4,559.56,560.06,133.865
2025-03-04 05:03:00,1741064580.0,560.05,562.28,559.93,562.09,417.795
2025-03-04 05:04:00,1741064640.0,562.08,563.42,561.83,562.81,525.951
2025-03-04 05:05:00,1741064700.0,562.8,564.31,562.19,564.08,366.339
2025-03-04 05:06:00,1741064760.0,564.09,565.82,563.96,565.77,1023.029
2025-03-04 05:07:00,1741064820.0,565.78,565.96,564.68,564.72,720.205
2025-03-04 05:08:00,1741064880.0,564.72,565.39,563.46,563.65,369.698
2025-03-04 05:09:00,1741064940.0,563.64,563.88,562.94,563.3,268.337
2025-03-04 05:10:00,1741065000.0,563.29,563.32,562.38,562.94,329.292
2025-03-04 05:11:00,1741065060.0,562.93,563.19,562.4,563.18,133.175
2025-03-04 05:12:00,1741065120.0,563.18,563.18,561.99,562.0,157.268
2025-03-04 05:13:00,1741065180.0,562.0,562.37,561.49,561.66,208.568
2025-03-04 05:14:00,1741065240.0,561.66,562.11,561.07,561.5,179.336
2025-03-04 05:15:00,1741065300.0,561.49,561.69,561.15,561.47,192.781
2025-03-04 05:16:00,1741065360.0,561.47,562.13,561.38,562.12,74.294
2025-03-04 05:17:00,1741065420.0,562.13,562.38,561.6,561.81,80.836
2025-03-04 05:18:00,1741065480.0,561.82,562.01,560.9,561.31,115.655
2025-03-04 05:19:00,1741065540.0,561.32,561.9,561.01,561.9,413.524
2025-03-04 05:20:00,1741065600.0,561.9,562.0,561.05,561.42,156.783
2025-03-04 05:21:00,1741065660.0,561.41,562.39,561.41,562.16,125.353
2025-03-04 05:22:00,1741065720.0,562.15,562.72,562.14,562.43,331.994
2025-03-04 05:23:00,1741065780.0,562.44,562.69,562.34,562.62,128.753
2025-03-04 05:24:00,1741065840.0,562.61,563.15,562.54,562.93,77.902
2025-03-04 05:25:00,1741065900.0,562.94,562.96,562.62,562.84,87.574
2025-03-04 05:26:00,1741065960.0,562.84,563.99,562.8,563.95,210.17
2025-03-04 05:27:00,1741066020.0,563.95,564.14,563.77,564.13,108.319
2025-03-04 05:28:00,1741066080.0,564.12,564.16,563.62,564.09,157.701
2025-03-04 05:29:00,1741066140.0,564.1,564.3,563.96,564.24,61.141
2025-03-04 05:30:00,1741066200.0,564.25,564.25,563.21,563.22,90.314
2025-03-04 05:31:00,1741066260.0,563.21,563.45,563.05,563.05,294.653
2025-03-04 05:32:00,1741066320.0,563.06,563.15,562.83,562.92,75.289
2025-03-04 05:33:00,1741066380.0,562.92,563.29,562.6,563.23,502.806
2025-03-04 05:34:00,1741066440.0,563.24,564.05,562.8,564.05,100.389
2025-03-04 05:35:00,1741066500.0,564.05,565.0,564.05,564.65,228.842
2025-03-04 05:36:00,1741066560.0,564.64,564.7,563.84,564.06,289.862
2025-03-04 05:37:00,1741066620.0,564.06,565.31,564.01,565.01,133.592
2025-03-04 05:38:00,1741066680.0,565.0,565.48,564.7,565.34,138.297
2025-03-04 05:39:00,1741066740.0,565.34,565.68,564.96,565.54,203.995
2025-03-04 05:40:00,1741066800.0,565.54,565.6,564.86,564.86,168.692
2025-03-04 05:41:00,1741066860.0,564.86,565.27,564.71,565.26,106.349
2025-03-04 05:42:00,1741066920.0,565.26,565.4,565.0,565.29,57.574
2025-03-04 05:43:00,1741066980.0,565.3,565.56,565.11,565.13,51.614
2025-03-04 05:44:00,1741067040.0,565.13,565.56,565.07,565.07,85.188
2025-03-04 05:45:00,1741067100.0,565.06,565.06,564.43,564.8,232.191
2025-03-04 05:46:00,1741067160.0,564.8,564.83,564.06,564.14,81.656
2025-03-04 05:47:00,1741067220.0,564.14,564.52,563.99,564.46,103.72
2025-03-04 05:48:00,1741067280.0,564.46,564.46,563.95,564.19,128.861
2025-03-04 05:49:00,1741067340.0,564.19,564.37,564.08,564.37,31.614
2025-03-04 05:50:00,1741067400.0,564.37,564.7,564.36,564.57,196.936
2025-03-04 05:51:00,1741067460.0,564.57,565.42,564.56,565.34,38.09
2025-03-04 05:52:00,1741067520.0,565.35,565.49,565.22,565.31,35.605
2025-03-04 05:53:00,1741067580.0,565.31,565.82,565.3,565.81,65.134
2025-03-04 05:54:00,1741067640.0,565.82,566.4,565.8,566.37,246.937
2025-03-04 05:55:00,1741067700.0,566.37,566.45,566.36,566.44,94.233
2025-03-04 05:56:00,1741067760.0,566.43,566.97,566.4,566.97,256.092
2025-03-04 05:57:00,1741067820.0,566.97,567.22,566.63,567.11,192.336
2025-03-04 05:58:00,1741067880.0,567.11,567.11,566.8,566.95,78.576
2025-03-04 05:59:00,1741067940.0,566.96,567.19,566.47,566.62,213.35
2025-03-04 06:00:00,1741068000.0,566.63,566.79,565.7,566.02,227.657
2025-03-04 06:01:00,1741068060.0,566.02,566.18,565.69,566.01,122.721
2025-03-04 06:02:00,1741068120.0,566.01,567.16,566.0,567.09,191.962
2025-03-04 06:03:00,1741068180.0,567.09,567.68,567.01,567.62,169.166
2025-03-04 06:04:00,1741068240.0,567.62,567.73,567.21,567.29,167.891
2025-03-04 06:05:00,1741068300.0,567.29,567.34,566.1,566.69,463.446
2025-03-04 06:06:00,1741068360.0,566.69,567.3,566.5,566.51,200.579
2025-03-04 06:07:00,1741068420.0,566.5,566.5,566.03,566.36,144.629
2025-03-04 06:08:00,1741068480.0,566.35,566.35,566.0,566.0,105.759
2025-03-04 06:09:00,1741068540.0,566.0,566.1,565.72,565.91,118.888
2025-03-04 06:10:00,1741068600.0,565.9,566.07,565.2,566.07,182.029
2025-03-04 06:11:00,1741068660.0,566.07,566.37,565.3,565.6,249.759
2025-03-04 06:12:00,1741068720.0,565.6,565.68,564.81,565.0,130.293
2025-03-04 06:13:00,1741068780.0,564.99,565.12,564.15,564.54,159.965
2025-03-04 06:14:00,1741068840.0,564.54,564.9,564.4,564.55,324.463
2025-03-04 06:15:00,1741068900.0,564.54,564.8,564.3,564.78,125.787
2025-03-04 06:16:00,1741068960.0,564.77,565.11,564.46,564.51,166.356
2025-03-04 06:17:00,1741069020.0,564.51,564.7,563.75,563.95,201.633
2025-03-04 06:18:00,1741069080.0,563.95,564.29,563.76,564.02,200.381
2025-03-04 06:19:00,1741069140.0,564.02,564.25,563.83,564.08,309.009
2025-03-04 06:20:00,1741069200.0,564.12,564.29,563.53,563.56,202.404
2025-03-04 06:21:00,1741069260.0,563.57,564.0,563.05,564.0,216.124
2025-03-04 06:22:00,1741069320.0,564.01,564.3,563.8,564.29,125.231
2025-03-04 06:23:00,1741069380.0,564.3,564.59,564.02,564.27,152.999
2025-03-04 06:24:00,1741069440.0,564.26,564.84,564.1,564.1,155.726
2025-03-04 06:25:00,1741069500.0,564.11,564.26,563.54,563.69,214.385
2025-03-04 06:26:00,1741069560.0,563.69,564.1,563.36,563.36,153.704
2025-03-04 06:27:00,1741069620.0,563.37,564.22,563.27,564.0,162.103
2025-03-04 06:28:00,1741069680.0,563.99,564.69,563.95,564.64,194.304
2025-03-04 06:29:00,1741069740.0,564.65,564.8,564.28,564.28,157.446
2025-03-04 06:30:00,1741069800.0,564.29,564.8,563.83,564.15,146.052
2025-03-04 06:31:00,1741069860.0,564.15,564.3,563.6,563.6,230.325
2025-03-04 06:32:00,1741069920.0,563.6,563.83,563.1,563.11,168.836
2025-03-04 06:33:00,1741069980.0,563.1,563.5,563.0,563.33,172.495
2025-03-04 06:34:00,1741070040.0,563.32,563.89,563.32,563.65,246.903
2025-03-04 06:35:00,1741070100.0,563.66,563.66,562.76,563.12,99.514
2025-03-04 06:36:00,1741070160.0,563.11,563.15,562.85,562.98,61.699
2025-03-04 06:37:00,1741070220.0,562.98,563.0,562.75,562.98,79.491
2025-03-04 06:38:00,1741070280.0,562.99,562.99,562.3,562.56,202.152
2025-03-04 06:39:00,1741070340.0,562.56,562.87,562.3,562.78,122.284
2025-03-04 06:40:00,1741070400.0,562.78,563.4,562.78,563.36,110.05
2025-03-04 06:41:00,1741070460.0,563.37,563.37,562.91,563.2,101.411
2025-03-04 06:42:00,1741070520.0,563.2,563.29,562.54,562.7,120.677
2025-03-04 06:43:00,1741070580.0,562.7,563.1,562.5,563.1,103.706
2025-03-04 06:44:00,1741070640.0,563.09,563.3,562.96,563.14,29.664
2025-03-04 06:45:00,1741070700.0,563.13,563.13,562.7,562.99,119.873
2025-03-04 06:46:00,1741070760.0,562.99,563.31,562.29,562.42,303.542
2025-03-04 06:47:00,1741070820.0,562.41,562.86,562.38,562.86,49.659
2025-03-04 06:48:00,1741070880.0,562.86,563.0,562.28,562.83,46.319
2025-03-04 06:49:00,1741070940.0,562.84,562.9,562.69,562.71,105.343
2025-03-04 06:50:00,1741071000.0,562.71,562.8,562.36,562.8,98.934
2025-03-04 06:51:00,1741071060.0,562.8,562.9,562.6,562.85,41.34
2025-03-04 06:52:00,1741071120.0,562.85,563.1,562.8,562.8,76.96
2025-03-04 06:53:00,1741071180.0,562.81,563.65,562.7,563.31,120.594
2025-03-04 06:54:00,1741071240.0,563.32,563.7,563.0,563.15,96.985
2025-03-04 06:55:00,1741071300.0,563.14,563.23,562.83,562.84,117.978
2025-03-04 06:56:00,1741071360.0,562.84,563.34,562.84,563.34,66.06
2025-03-04 06:57:00,1741071420.0,563.34,564.04,563.19,563.94,251.843
2025-03-04 06:58:00,1741071480.0,563.93,564.59,563.93,564.34,158.065
2025-03-04 06:59:00,1741071540.0,564.33,564.49,564.25,564.32,259.185
2025-03-04 07:00:00,1741071600.0,564.32,564.8,563.92,564.79,300.804
2025-03-04 07:01:00,1741071660.0,564.79,565.66,564.77,564.8,1568.12
2025-03-04 07:02:00,1741071720.0,564.79,564.8,563.96,564.05,174.967
2025-03-04 07:03:00,1741071780.0,564.06,564.39,563.69,563.89,134.564
2025-03-04 07:04:00,1741071840.0,563.9,564.2,563.48,564.09,126.005
2025-03-04 07:05:00,1741071900.0,564.1,564.24,563.8,563.89,116.257
2025-03-04 07:06:00,1741071960.0,563.89,564.1,563.6,564.04,153.662
2025-03-04 07:07:00,1741072020.0,564.03,564.19,563.6,564.19,292.451
2025-03-04 07:08:00,1741072080.0,564.19,564.19,563.06,563.15,299.37
2025-03-04 07:09:00,1741072140.0,563.15,563.35,562.2,562.2,323.176
2025-03-04 07:10:00,1741072200.0,562.21,563.3,561.8,563.3,331.798
2025-03-04 07:11:00,1741072260.0,563.32,563.36,562.4,562.69,189.192
2025-03-04 07:12:00,1741072320.0,562.7,562.92,562.56,562.91,218.601
2025-03-04 07:13:00,1741072380.0,562.92,562.97,562.31,562.48,152.054
2025-03-04 07:14:00,1741072440.0,562.49,562.9,562.4,562.4,162.71
2025-03-04 07:15:00,1741072500.0,562.4,562.69,561.5,562.54,328.783
2025-03-04 07:16:00,1741072560.0,562.54,562.9,562.3,562.89,155.007
2025-03-04 07:17:00,1741072620.0,562.9,563.11,562.26,562.49,384.593
2025-03-04 07:18:00,1741072680.0,562.48,562.7,562.23,562.59,208.55
2025-03-04 07:19:00,1741072740.0,562.6,563.37,562.6,563.05,186.69
2025-03-04 07:20:00,1741072800.0,563.04,563.2,562.23,562.9,144.751
2025-03-04 07:21:00,1741072860.0,562.89,563.29,562.81,563.16,138.294
2025-03-04 07:22:00,1741072920.0,563.15,563.15,562.6,562.63,140.986
2025-03-04 07:23:00,1741072980.0,562.66,563.1,562.66,563.1,93.671
2025-03-04 07:24:00,1741073040.0,563.09,563.8,563.09,563.56,146.256
2025-03-04 07:25:00,1741073100.0,563.55,564.26,563.4,563.79,459.782
2025-03-04 07:26:00,1741073160.0,563.79,564.42,563.78,564.32,104.188
2025-03-04 07:27:00,1741073220.0,564.33,564.4,564.11,564.11,90.106
2025-03-04 07:28:00,1741073280.0,564.1,564.11,563.6,563.8,37.234
2025-03-04 07:29:00,1741073340.0,563.79,563.82,563.4,563.4,64.14
2025-03-04 07:30:00,1741073400.0,563.4,563.8,563.11,563.8,100.174
2025-03-04 07:31:00,1741073460.0,563.8,564.59,563.8,564.59,48.786
2025-03-04 07:32:00,1741073520.0,564.59,564.59,564.1,564.21,89.49
2025-03-04 07:33:00,1741073580.0,564.21,564.59,564.2,564.29,73.52
2025-03-04 07:34:00,1741073640.0,564.3,564.85,564.3,564.47,93.539
2025-03-04 07:35:00,1741073700.0,564.47,564.78,564.3,564.54,92.48
2025-03-04 07:36:00,1741073760.0,564.53,564.53,564.07,564.3,149.271
2025-03-04 07:37:00,1741073820.0,564.3,564.8,564.3,564.75,99.942
2025-03-04 07:38:00,1741073880.0,564.76,565.23,564.6,565.22,65.455
2025-03-04 07:39:00,1741073940.0,565.23,565.6,564.91,564.92,94.392
2025-03-04 07:40:00,1741074000.0,564.92,565.03,564.08,564.29,164.607
2025-03-04 07:41:00,1741074060.0,564.3,564.39,564.12,564.39,104.354
2025-03-04 07:42:00,1741074120.0,564.4,564.9,564.4,564.88,55.83
2025-03-04 07:43:00,1741074180.0,564.87,564.88,564.65,564.66,87.29
2025-03-04 07:44:00,1741074240.0,564.66,564.68,563.62,563.86,169.003
2025-03-04 07:45:00,1741074300.0,563.85,563.9,563.51,563.9,392.814
2025-03-04 07:46:00,1741074360.0,563.89,564.19,563.62,564.19,96.709
2025-03-04 07:47:00,1741074420.0,564.2,564.61,564.11,564.6,206.869
2025-03-04 07:48:00,1741074480.0,564.61,564.9,564.47,564.61,85.369
2025-03-04 07:49:00,1741074540.0,564.61,564.75,564.22,564.22,116.856
2025-03-04 07:50:00,1741074600.0,564.21,564.33,564.0,564.1,279.806
2025-03-04 07:51:00,1741074660.0,564.11,564.8,564.11,564.74,45.14
2025-03-04 07:52:00,1741074720.0,564.74,564.81,564.16,564.4,232.887
2025-03-04 07:53:00,1741074780.0,564.4,564.8,564.4,564.7,110.564
2025-03-04 07:54:00,1741074840.0,564.7,564.73,564.48,564.48,106.398
2025-03-04 07:55:00,1741074900.0,564.48,564.6,564.31,564.6,218.7
2025-03-04 07:56:00,1741074960.0,564.6,564.8,564.59,564.78,134.342
2025-03-04 07:57:00,1741075020.0,564.78,564.85,564.31,564.31,196.087
2025-03-04 07:58:00,1741075080.0,564.31,564.7,564.3,564.46,93.662
2025-03-04 07:59:00,1741075140.0,564.46,564.91,564.29,564.91,69.911
2025-03-04 08:00:00,1741075200.0,564.91,565.9,564.75,565.88,369.378
2025-03-04 08:01:00,1741075260.0,565.88,566.35,565.59,566.01,160.627
2025-03-04 08:02:00,1741075320.0,566.0,566.1,565.05,565.06,146.724
2025-03-04 08:03:00,1741075380.0,565.06,565.8,564.75,565.61,220.129
2025-03-04 08:04:00,1741075440.0,565.61,566.1,565.49,566.09,452.25
2025-03-04 08:05:00,1741075500.0,566.1,566.24,565.59,565.7,415.619
2025-03-04 08:06:00,1741075560.0,565.7,565.76,564.7,565.0,68.742
2025-03-04 08:07:00,1741075620.0,565.0,565.1,564.21,564.22,177.827
2025-03-04 08:08:00,1741075680.0,564.22,564.4,563.83,564.09,209.273
2025-03-04 08:09:00,1741075740.0,564.1,564.1,563.4,563.52,201.095
2025-03-04 08:10:00,1741075800.0,563.51,564.09,563.43,564.08,132.323
2025-03-04 08:11:00,1741075860.0,564.07,564.87,564.0,564.61,158.682
2025-03-04 08:12:00,1741075920.0,564.61,564.83,564.48,564.62,58.987
2025-03-04 08:13:00,1741075980.0,564.62,564.9,564.51,564.9,52.595
2025-03-04 08:14:00,1741076040.0,564.89,565.44,564.77,565.4,170.255
2025-03-04 08:15:00,1741076100.0,565.41,565.53,564.63,564.7,75.098
2025-03-04 08:16:00,1741076160.0,564.7,565.2,564.62,565.2,41.002
2025-03-04 08:17:00,1741076220.0,565.2,565.92,565.01,565.68,125.696
2025-03-04 08:18:00,1741076280.0,565.68,565.7,565.42,565.43,129.669
2025-03-04 08:19:00,1741076340.0,565.43,565.86,565.42,565.61,70.149
2025-03-04 08:20:00,1741076400.0,565.61,565.61,564.69,564.79,166.036
2025-03-04 08:21:00,1741076460.0,564.8,565.47,564.7,565.37,222.726
2025-03-04 08:22:00,1741076520.0,565.38,565.88,565.2,565.6,126.248
2025-03-04 08:23:00,1741076580.0,565.6,566.4,565.5,565.9,317.635
2025-03-04 08:24:00,1741076640.0,565.9,565.91,565.4,565.4,131.692
2025-03-04 08:25:00,1741076700.0,565.41,566.55,565.31,566.48,138.875
2025-03-04 08:26:00,1741076760.0,566.48,567.93,566.48,567.32,242.1
2025-03-04 08:27:00,1741076820.0,567.33,567.53,566.63,566.79,95.369
2025-03-04 08:28:00,1741076880.0,566.8,566.95,566.66,566.67,47.901
2025-03-04 08:29:00,1741076940.0,566.67,566.69,566.11,566.11,74.776
2025-03-04 08:30:00,1741077000.0,566.11,566.75,566.0,566.75,79.586
2025-03-04 08:31:00,1741077060.0,566.76,568.0,566.64,567.45,228.915
2025-03-04 08:32:00,1741077120.0,567.44,567.91,567.3,567.77,91.706
2025-03-04 08:33:00,1741077180.0,567.76,567.89,567.34,567.4,76.772
2025-03-04 08:34:00,1741077240.0,567.4,568.11,567.4,567.98,187.334
2025-03-04 08:35:00,1741077300.0,567.99,568.54,567.27,567.27,200.5
2025-03-04 08:36:00,1741077360.0,567.27,567.61,567.22,567.25,136.704
2025-03-04 08:37:00,1741077420.0,567.27,567.27,566.75,567.13,130.191
2025-03-04 08:38:00,1741077480.0,567.13,567.2,566.32,566.69,551.209
2025-03-04 08:39:00,1741077540.0,566.69,567.0,566.53,566.99,630.132
2025-03-04 08:40:00,1741077600.0,566.99,567.23,566.74,566.92,200.134
2025-03-04 08:41:00,1741077660.0,566.92,567.25,566.65,566.95,84.52
2025-03-04 08:42:00,1741077720.0,566.95,567.58,566.95,567.17,78.719
2025-03-04 08:43:00,1741077780.0,567.18,567.25,567.17,567.19,35.826
2025-03-04 08:44:00,1741077840.0,567.19,567.24,566.44,566.5,63.768
2025-03-04 08:45:00,1741077900.0,566.5,566.8,566.25,566.35,161.544
2025-03-04 08:46:00,1741077960.0,566.35,566.42,565.5,565.9,203.056
2025-03-04 08:47:00,1741078020.0,565.89,565.89,565.57,565.7,224.904
2025-03-04 08:48:00,1741078080.0,565.7,565.79,565.5,565.7,72.28
2025-03-04 08:49:00,1741078140.0,565.7,565.7,565.11,565.31,317.668
2025-03-04 08:50:00,1741078200.0,565.31,565.66,565.2,565.53,73.933
2025-03-04 08:51:00,1741078260.0,565.54,565.85,565.44,565.77,131.806
2025-03-04 08:52:00,1741078320.0,565.77,566.2,565.76,566.07,325.903
2025-03-04 08:53:00,1741078380.0,566.08,566.4,566.08,566.4,37.927
2025-03-04 08:54:00,1741078440.0,566.4,566.5,566.27,566.4,94.228
2025-03-04 08:55:00,1741078500.0,566.4,566.8,566.39,566.77,40.09
2025-03-04 08:56:00,1741078560.0,566.78,567.0,566.55,567.0,117.116
2025-03-04 08:57:00,1741078620.0,566.99,567.67,566.99,567.53,68.572
2025-03-04 08:58:00,1741078680.0,567.53,567.89,567.42,567.89,173.03
2025-03-04 08:59:00,1741078740.0,567.89,567.9,567.74,567.84,133.979
2025-03-04 09:00:00,1741078800.0,567.85,567.99,567.82,567.83,207.492
2025-03-04 09:01:00,1741078860.0,567.82,568.0,567.5,567.51,93.814
2025-03-04 09:02:00,1741078920.0,567.5,568.03,567.23,567.81,119.745
2025-03-04 09:03:00,1741078980.0,567.8,568.23,567.6,567.61,171.091
2025-03-04 09:04:00,1741079040.0,567.6,567.9,567.2,567.2,205.683
2025-03-04 09:05:00,1741079100.0,567.21,567.3,566.71,567.03,429.074
2025-03-04 09:06:00,1741079160.0,567.03,567.2,566.73,567.12,98.802
2025-03-04 09:07:00,1741079220.0,567.12,567.32,567.0,567.3,312.988
2025-03-04 09:08:00,1741079280.0,567.3,567.3,567.04,567.15,82.165
2025-03-04 09:09:00,1741079340.0,567.15,567.15,566.7,566.88,85.857
2025-03-04 09:10:00,1741079400.0,566.88,567.8,566.76,567.4,295.796
2025-03-04 09:11:00,1741079460.0,567.4,568.0,567.3,567.99,512.498
2025-03-04 09:12:00,1741079520.0,567.98,568.1,567.52,567.79,522.582
2025-03-04 09:13:00,1741079580.0,567.79,568.58,567.71,568.01,322.528
2025-03-04 09:14:00,1741079640.0,568.01,568.01,567.58,567.6,70.191
2025-03-04 09:15:00,1741079700.0,567.6,567.7,566.76,566.77,175.0
2025-03-04 09:16:00,1741079760.0,566.76,567.4,566.6,566.67,333.674
2025-03-04 09:17:00,1741079820.0,566.67,566.67,565.88,566.18,420.516
2025-03-04 09:18:00,1741079880.0,566.18,566.73,565.83,566.7,178.124
2025-03-04 09:19:00,1741079940.0,566.69,566.69,566.12,566.13,70.853
2025-03-04 09:20:00,1741080000.0,566.13,566.26,565.65,565.77,178.669
2025-03-04 09:21:00,1741080060.0,565.77,565.77,565.13,565.43,129.552
2025-03-04 09:22:00,1741080120.0,565.44,565.62,564.73,564.98,281.96
2025-03-04 09:23:00,1741080180.0,564.98,565.53,564.98,565.22,103.204
2025-03-04 09:24:00,1741080240.0,565.22,565.22,564.69,564.73,128.57
2025-03-04 09:25:00,1741080300.0,564.72,564.79,564.4,564.69,131.288
2025-03-04 09:26:00,1741080360.0,564.7,565.19,564.6,565.13,68.298
2025-03-04 09:27:00,1741080420.0,565.14,565.3,565.0,565.29,71.585
2025-03-04 09:28:00,1741080480.0,565.3,565.3,564.9,565.29,92.366
2025-03-04 09:29:00,1741080540.0,565.3,565.7,565.22,565.7,89.901
2025-03-04 09:30:00,1741080600.0,565.7,566.08,564.75,565.47,1179.696
2025-03-04 09:31:00,1741080660.0,565.48,565.71,564.7,565.4,311.064
2025-03-04 09:32:00,1741080720.0,565.41,565.51,564.9,565.38,124.49
2025-03-04 09:33:00,1741080780.0,565.39,565.39,565.03,565.04,80.58
2025-03-04 09:34:00,1741080840.0,565.03,565.4,564.97,565.28,195.876
2025-03-04 09:35:00,1741080900.0,565.29,565.83,565.04,565.82,124.339
2025-03-04 09:36:00,1741080960.0,565.83,567.29,565.83,567.17,471.719
2025-03-04 09:37:00,1741081020.0,567.17,567.71,566.98,567.45,129.395
2025-03-04 09:38:00,1741081080.0,567.44,567.49,567.24,567.29,148.502
2025-03-04 09:39:00,1741081140.0,567.3,567.3,566.1,567.17,943.903
2025-03-04 09:40:00,1741081200.0,567.18,567.25,567.07,567.11,40.315
2025-03-04 09:41:00,1741081260.0,567.1,567.13,566.8,567.13,59.673
2025-03-04 09:42:00,1741081320.0,567.13,567.28,566.93,567.27,93.791
2025-03-04 09:43:00,1741081380.0,567.28,567.44,567.2,567.39,80.74
2025-03-04 09:44:00,1741081440.0,567.39,568.0,567.38,568.0,229.461
2025-03-04 09:45:00,1741081500.0,568.0,568.31,567.8,567.88,126.583
2025-03-04 09:46:00,1741081560.0,567.89,567.91,567.4,567.46,73.409
2025-03-04 09:47:00,1741081620.0,567.46,567.7,567.37,567.38,56.557
2025-03-04 09:48:00,1741081680.0,567.38,567.38,566.98,567.2,92.629
2025-03-04 09:49:00,1741081740.0,567.21,567.25,566.99,567.25,58.858
2025-03-04 09:50:00,1741081800.0,567.25,567.25,566.52,566.61,90.212
2025-03-04 09:51:00,1741081860.0,566.6,566.6,566.2,566.52,74.531
2025-03-04 09:52:00,1741081920.0,566.52,566.7,566.4,566.43,60.112
2025-03-04 09:53:00,1741081980.0,566.43,566.8,566.37,566.79,86.848
2025-03-04 09:54:00,1741082040.0,566.79,566.9,566.6,566.62,85.037
2025-03-04 09:55:00,1741082100.0,566.62,566.82,566.53,566.78,109.094
2025-03-04 09:56:00,1741082160.0,566.78,567.57,566.5,567.12,743.715
2025-03-04 09:57:00,1741082220.0,567.12,567.46,566.66,566.69,264.998
2025-03-04 09:58:00,1741082280.0,566.68,566.8,566.5,566.67,166.002
2025-03-04 09:59:00,1741082340.0,566.68,567.28,566.61,566.65,108.461
2025-03-04 10:00:00,1741082400.0,566.66,566.8,565.99,566.51,182.732
2025-03-04 10:01:00,1741082460.0,566.51,567.25,566.4,567.01,106.074
2025-03-04 10:02:00,1741082520.0,567.01,567.3,566.78,566.95,122.051
2025-03-04 10:03:00,1741082580.0,566.95,566.99,566.65,566.98,107.424
2025-03-04 10:04:00,1741082640.0,566.99,567.81,566.99,567.47,360.201
2025-03-04 10:05:00,1741082700.0,567.48,567.59,567.25,567.33,101.41
2025-03-04 10:06:00,1741082760.0,567.34,567.49,566.9,567.07,52.907
2025-03-04 10:07:00,1741082820.0,567.08,567.5,566.7,567.5,99.147
2025-03-04 10:08:00,1741082880.0,567.49,567.6,566.95,566.95,42.099
2025-03-04 10:09:00,1741082940.0,566.94,567.25,566.7,567.17,89.709
2025-03-04 10:10:00,1741083000.0,567.17,567.17,566.34,566.58,254.48
2025-03-04 10:11:00,1741083060.0,566.58,566.78,566.56,566.57,95.52
2025-03-04 10:12:00,1741083120.0,566.57,567.12,566.56,567.11,197.482
2025-03-04 10:13:00,1741083180.0,567.12,567.38,566.97,567.25,113.684
2025-03-04 10:14:00,1741083240.0,567.24,567.81,567.07,567.52,134.864
2025-03-04 10:15:00,1741083300.0,567.52,567.52,567.3,567.43,90.121
2025-03-04 10:16:00,1741083360.0,567.43,567.8,567.04,567.72,75.067
2025-03-04 10:17:00,1741083420.0,567.71,567.91,567.06,567.07,87.576
2025-03-04 10:18:00,1741083480.0,567.06,567.16,566.1,566.3,211.011
2025-03-04 10:19:00,1741083540.0,566.3,567.23,566.2,566.89,755.767
2025-03-04 10:20:00,1741083600.0,566.9,567.11,566.0,566.59,209.876
2025-03-04 10:21:00,1741083660.0,566.6,567.14,566.46,566.73,241.868
2025-03-04 10:22:00,1741083720.0,566.74,567.6,566.69,567.41,129.852
2025-03-04 10:23:00,1741083780.0,567.42,567.64,566.98,566.98,127.412
2025-03-04 10:24:00,1741083840.0,566.98,567.26,566.67,566.87,141.215
2025-03-04 10:25:00,1741083900.0,566.87,567.12,566.78,567.12,44.39
2025-03-04 10:26:00,1741083960.0,567.12,567.61,567.02,567.36,95.935
2025-03-04 10:27:00,1741084020.0,567.37,567.65,567.2,567.51,86.013
2025-03-04 10:28:00,1741084080.0,567.51,567.7,567.5,567.66,72.209
2025-03-04 10:29:00,1741084140.0,567.67,567.75,567.3,567.3,50.061
2025-03-04 10:30:00,1741084200.0,567.31,567.5,567.04,567.46,42.997
2025-03-04 10:31:00,1741084260.0,567.46,568.1,567.4,567.94,189.771
2025-03-04 10:32:00,1741084320.0,567.94,568.34,567.4,567.49,409.398
2025-03-04 10:33:00,1741084380.0,567.5,567.51,567.0,567.18,47.205
2025-03-04 10:34:00,1741084440.0,567.18,568.0,567.16,567.88,85.792
2025-03-04 10:35:00,1741084500.0,567.88,568.09,567.7,567.7,62.043
2025-03-04 10:36:00,1741084560.0,567.71,567.9,567.4,567.86,59.195
2025-03-04 10:37:00,1741084620.0,567.86,568.56,567.86,568.22,97.889
2025-03-04 10:38:00,1741084680.0,568.22,568.83,568.2,568.71,78.979
2025-03-04 10:39:00,1741084740.0,568.71,568.72,568.21,568.32,54.406
2025-03-04 10:40:00,1741084800.0,568.32,568.86,568.16,568.85,79.298
2025-03-04 10:41:00,1741084860.0,568.86,568.88,568.6,568.61,260.218
2025-03-04 10:42:00,1741084920.0,568.61,568.83,568.3,568.3,156.959
2025-03-04 10:43:00,1741084980.0,568.3,568.3,567.78,567.99,64.885
2025-03-04 10:44:00,1741085040.0,568.0,568.26,567.8,568.21,73.29
2025-03-04 10:45:00,1741085100.0,568.21,568.59,568.07,568.59,78.529
2025-03-04 10:46:00,1741085160.0,568.59,568.94,568.59,568.88,66.177
2025-03-04 10:47:00,1741085220.0,568.89,570.43,568.83,570.13,1585.128
2025-03-04 10:48:00,1741085280.0,570.12,570.12,569.41,569.79,106.219
2025-03-04 10:49:00,1741085340.0,569.78,569.81,569.31,569.55,158.777
2025-03-04 10:50:00,1741085400.0,569.55,569.8,569.33,569.64,134.67
2025-03-04 10:51:00,1741085460.0,569.63,569.63,569.23,569.55,92.346
2025-03-04 10:52:00,1741085520.0,569.54,569.6,569.41,569.42,52.266
2025-03-04 10:53:00,1741085580.0,569.41,569.6,569.11,569.17,143.703
2025-03-04 10:54:00,1741085640.0,569.17,569.81,568.9,569.81,183.206
2025-03-04 10:55:00,1741085700.0,569.81,569.94,569.39,569.54,140.19
2025-03-04 10:56:00,1741085760.0,569.54,569.62,568.8,568.94,66.284
2025-03-04 10:57:00,1741085820.0,568.94,569.13,568.6,568.7,218.473
2025-03-04 10:58:00,1741085880.0,568.71,569.29,568.57,569.2,128.506
2025-03-04 10:59:00,1741085940.0,569.2,569.25,568.94,568.94,78.852
2025-03-04 11:00:00,1741086000.0,568.93,568.93,568.33,568.43,162.682
2025-03-04 11:01:00,1741086060.0,568.43,568.48,568.31,568.34,78.332
2025-03-04 11:02:00,1741086120.0,568.34,568.6,568.31,568.45,56.048
2025-03-04 11:03:00,1741086180.0,568.45,569.27,568.1,569.24,413.22
2025-03-04 11:04:00,1741086240.0,569.24,569.24,568.6,568.6,41.058
2025-03-04 11:05:00,1741086300.0,568.61,569.43,568.51,568.7,78.949
2025-03-04 11:06:00,1741086360.0,568.71,568.86,568.48,568.8,205.728
2025-03-04 11:07:00,1741086420.0,568.8,569.7,568.67,569.69,293.756
2025-03-04 11:08:00,1741086480.0,569.7,569.71,569.3,569.31,190.653
2025-03-04 11:09:00,1741086540.0,569.3,569.31,569.0,569.15,62.376
2025-03-04 11:10:00,1741086600.0,569.16,569.55,569.05,569.48,112.313
2025-03-04 11:11:00,1741086660.0,569.48,570.18,569.34,570.17,330.995
2025-03-04 11:12:00,1741086720.0,570.17,571.56,570.01,570.88,1139.179
2025-03-04 11:13:00,1741086780.0,570.88,570.9,570.4,570.59,109.413
2025-03-04 11:14:00,1741086840.0,570.6,570.6,569.82,569.9,213.377
2025-03-04 11:15:00,1741086900.0,569.89,569.9,569.3,569.4,132.35
2025-03-04 11:16:00,1741086960.0,569.39,569.5,569.18,569.31,80.181
2025-03-04 11:17:00,1741087020.0,569.3,570.34,569.17,570.34,249.94
2025-03-04 11:18:00,1741087080.0,570.34,570.77,569.4,569.8,685.347
2025-03-04 11:19:00,1741087140.0,569.79,570.03,569.31,569.31,131.852
2025-03-04 11:20:00,1741087200.0,569.31,569.59,569.0,569.0,138.872
2025-03-04 11:21:00,1741087260.0,569.01,569.34,568.9,569.02,102.665
2025-03-04 11:22:00,1741087320.0,569.01,569.06,568.7,568.85,71.695
2025-03-04 11:23:00,1741087380.0,568.85,568.86,568.13,568.23,324.299
2025-03-04 11:24:00,1741087440.0,568.23,568.69,568.13,568.47,126.776
2025-03-04 11:25:00,1741087500.0,568.47,568.68,568.38,568.38,48.955
2025-03-04 11:26:00,1741087560.0,568.39,568.6,568.36,568.36,51.891
2025-03-04 11:27:00,1741087620.0,568.37,569.49,568.37,569.29,673.354
2025-03-04 11:28:00,1741087680.0,569.3,570.02,569.17,570.02,909.843
2025-03-04 11:29:00,1741087740.0,570.03,570.5,570.03,570.49,185.564
2025-03-04 11:30:00,1741087800.0,570.5,570.5,570.25,570.3,822.793
2025-03-04 11:31:00,1741087860.0,570.3,570.31,570.0,570.25,475.565
2025-03-04 11:32:00,1741087920.0,570.25,570.5,570.1,570.43,417.051
2025-03-04 11:33:00,1741087980.0,570.43,571.96,570.32,571.44,1207.629
2025-03-04 11:34:00,1741088040.0,571.43,572.15,571.22,571.84,1209.798
2025-03-04 11:35:00,1741088100.0,571.85,571.85,571.1,571.3,185.34
2025-03-04 11:36:00,1741088160.0,571.29,571.57,571.2,571.34,174.175
2025-03-04 11:37:00,1741088220.0,571.35,572.0,571.15,571.69,336.534
2025-03-04 11:38:00,1741088280.0,571.69,571.95,571.48,571.49,92.055
2025-03-04 11:39:00,1741088340.0,571.49,571.49,570.73,571.1,347.825
2025-03-04 11:40:00,1741088400.0,571.1,571.8,571.09,571.69,360.669
2025-03-04 11:41:00,1741088460.0,571.68,571.68,571.35,571.37,230.325
2025-03-04 11:42:00,1741088520.0,571.38,571.38,570.61,570.88,89.064
2025-03-04 11:43:00,1741088580.0,570.89,571.3,570.88,571.2,323.04
2025-03-04 11:44:00,1741088640.0,571.21,571.21,570.84,571.0,38.869
2025-03-04 11:45:00,1741088700.0,571.0,571.1,570.9,570.9,62.467
2025-03-04 11:46:00,1741088760.0,570.91,571.03,570.8,570.97,83.051
2025-03-04 11:47:00,1741088820.0,570.97,570.97,570.35,570.48,143.959
2025-03-04 11:48:00,1741088880.0,570.47,570.78,570.44,570.62,101.823
2025-03-04 11:49:00,1741088940.0,570.61,571.09,570.61,571.09,46.624
2025-03-04 11:50:00,1741089000.0,571.1,571.22,570.81,571.22,60.846
2025-03-04 11:51:00,1741089060.0,571.22,571.76,571.22,571.69,214.264
2025-03-04 11:52:00,1741089120.0,571.69,572.2,571.69,572.13,72.853
2025-03-04 11:53:00,1741089180.0,572.14,572.14,571.71,571.72,56.962
2025-03-04 11:54:00,1741089240.0,571.72,572.0,571.64,571.91,106.087
2025-03-04 11:55:00,1741089300.0,571.91,571.92,571.7,571.73,112.643
2025-03-04 11:56:00,1741089360.0,571.73,571.73,570.71,571.13,236.74
2025-03-04 11:57:00,1741089420.0,571.13,571.6,571.13,571.38,129.328
2025-03-04 11:58:00,1741089480.0,571.38,571.6,571.14,571.27,62.886
2025-03-04 11:59:00,1741089540.0,571.27,571.27,571.11,571.17,30.012
2025-03-04 12:00:00,1741089600.0,571.17,571.4,570.85,571.17,97.058
2025-03-04 12:01:00,1741089660.0,571.17,571.17,570.29,570.4,148.803
2025-03-04 12:02:00,1741089720.0,570.41,570.8,570.41,570.65,70.051
2025-03-04 12:03:00,1741089780.0,570.66,571.1,570.55,571.1,93.485
2025-03-04 12:04:00,1741089840.0,571.1,571.14,570.74,571.01,51.871
2025-03-04 12:05:00,1741089900.0,571.0,571.0,569.87,569.97,397.881
2025-03-04 12:06:00,1741089960.0,569.96,569.96,569.6,569.82,92.641
2025-03-04 12:07:00,1741090020.0,569.82,570.15,569.65,569.66,89.787
2025-03-04 12:08:00,1741090080.0,569.63,570.06,569.56,570.05,58.894
2025-03-04 12:09:00,1741090140.0,570.06,570.06,569.38,569.57,102.594
2025-03-04 12:10:00,1741090200.0,569.58,570.01,569.58,570.0,86.637
2025-03-04 12:11:00,1741090260.0,570.0,570.01,569.65,569.65,145.932
2025-03-04 12:12:00,1741090320.0,569.64,569.65,569.1,569.11,76.688
2025-03-04 12:13:00,1741090380.0,569.11,569.11,568.43,568.99,170.914
2025-03-04 12:14:00,1741090440.0,568.99,569.33,568.72,569.14,392.759
2025-03-04 12:15:00,1741090500.0,569.14,569.33,568.92,568.92,105.868
2025-03-04 12:16:00,1741090560.0,568.93,568.93,568.02,568.5,178.528
2025-03-04 12:17:00,1741090620.0,568.49,569.15,568.3,569.15,130.345
2025-03-04 12:18:00,1741090680.0,569.16,569.2,568.4,568.41,93.111
2025-03-04 12:19:00,1741090740.0,568.41,568.81,568.26,568.32,119.892
2025-03-04 12:20:00,1741090800.0,568.33,568.77,568.33,568.77,101.504
2025-03-04 12:21:00,1741090860.0,568.78,569.65,568.7,569.61,239.677
2025-03-04 12:22:00,1741090920.0,569.61,569.61,568.76,568.76,86.517
2025-03-04 12:23:00,1741090980.0,568.76,569.18,568.63,569.06,173.027
2025-03-04 12:24:00,1741091040.0,569.06,569.07,568.1,568.11,267.218
2025-03-04 12:25:00,1741091100.0,568.1,569.5,567.75,569.38,555.205
2025-03-04 12:26:00,1741091160.0,569.37,569.64,568.85,569.5,199.705
2025-03-04 12:27:00,1741091220.0,569.5,569.53,568.8,568.92,188.309
2025-03-04 12:28:00,1741091280.0,568.91,568.91,568.42,568.62,127.647
2025-03-04 12:29:00,1741091340.0,568.62,568.73,568.33,568.47,98.359
2025-03-04 12:30:00,1741091400.0,568.48,568.64,567.97,568.4,164.438
2025-03-04 12:31:00,1741091460.0,568.39,569.49,568.22,569.21,272.058
2025-03-04 12:32:00,1741091520.0,569.21,569.43,568.98,568.98,73.324
2025-03-04 12:33:00,1741091580.0,568.99,569.65,568.95,569.41,107.339
2025-03-04 12:34:00,1741091640.0,569.4,569.52,569.1,569.27,245.954
2025-03-04 12:35:00,1741091700.0,569.27,569.7,569.23,569.31,84.349
2025-03-04 12:36:00,1741091760.0,569.31,569.5,569.16,569.25,61.987
2025-03-04 12:37:00,1741091820.0,569.25,569.4,569.13,569.19,74.201
2025-03-04 12:38:00,1741091880.0,569.19,569.7,569.19,569.58,162.994
2025-03-04 12:39:00,1741091940.0,569.58,569.81,569.52,569.59,125.261
2025-03-04 12:40:00,1741092000.0,569.6,570.61,569.6,570.41,411.751
2025-03-04 12:41:00,1741092060.0,570.4,571.18,570.22,570.68,122.126
2025-03-04 12:42:00,1741092120.0,570.68,571.01,570.6,570.81,113.858
2025-03-04 12:43:00,1741092180.0,570.81,571.1,570.5,570.84,71.575
2025-03-04 12:44:00,1741092240.0,570.85,571.34,570.73,571.34,319.266
2025-03-04 12:45:00,1741092300.0,571.33,571.78,571.26,571.73,236.727
2025-03-04 12:46:00,1741092360.0,571.74,572.3,571.74,572.05,439.718
2025-03-04 12:47:00,1741092420.0,572.05,572.05,571.71,571.89,130.872
2025-03-04 12:48:00,1741092480.0,571.9,572.15,570.78,570.78,271.96
2025-03-04 12:49:00,1741092540.0,570.75,571.08,570.55,570.99,175.886
2025-03-04 12:50:00,1741092600.0,570.99,571.89,570.99,571.89,139.196
2025-03-04 12:51:00,1741092660.0,571.88,572.0,571.03,571.26,224.571
2025-03-04 12:52:00,1741092720.0,571.24,571.35,570.9,571.09,67.681
2025-03-04 12:53:00,1741092780.0,571.1,571.29,570.53,570.79,223.597
2025-03-04 12:54:00,1741092840.0,570.8,570.98,570.7,570.85,52.499
2025-03-04 12:55:00,1741092900.0,570.86,570.97,570.42,570.42,66.097
2025-03-04 12:56:00,1741092960.0,570.43,571.0,570.18,570.9,154.957
2025-03-04 12:57:00,1741093020.0,570.89,571.28,570.85,571.01,82.875
2025-03-04 12:58:00,1741093080.0,571.01,571.21,570.84,570.84,100.315
2025-03-04 12:59:00,1741093140.0,570.84,570.84,570.5,570.54,72.831
2025-03-04 13:00:00,1741093200.0,570.53,570.84,570.32,570.73,377.0
2025-03-04 13:01:00,1741093260.0,570.72,570.99,569.32,569.47,1009.64
2025-03-04 13:02:00,1741093320.0,569.47,569.6,568.02,568.71,499.511
2025-03-04 13:03:00,1741093380.0,568.71,569.2,568.6,568.99,203.266
2025-03-04 13:04:00,1741093440.0,568.98,569.61,568.87,569.1,203.804
2025-03-04 13:05:00,1741093500.0,569.1,570.57,569.09,570.49,604.854
2025-03-04 13:06:00,1741093560.0,570.49,570.9,570.02,570.41,438.174
2025-03-04 13:07:00,1741093620.0,570.41,570.41,569.17,569.52,608.071
2025-03-04 13:08:00,1741093680.0,569.51,569.76,569.1,569.74,182.928
2025-03-04 13:09:00,1741093740.0,569.75,569.75,568.81,568.9,198.044
2025-03-04 13:10:00,1741093800.0,568.91,569.04,567.5,567.87,419.086
2025-03-04 13:11:00,1741093860.0,567.87,568.46,567.6,568.43,193.968
2025-03-04 13:12:00,1741093920.0,568.42,568.42,567.24,567.24,173.763
2025-03-04 13:13:00,1741093980.0,567.24,567.24,565.69,566.42,710.97
2025-03-04 13:14:00,1741094040.0,566.43,567.01,566.2,566.8,325.302
2025-03-04 13:15:00,1741094100.0,566.8,568.3,566.5,568.19,555.769
2025-03-04 13:16:00,1741094160.0,568.19,568.93,567.72,568.59,720.158
2025-03-04 13:17:00,1741094220.0,568.6,568.69,567.94,568.23,158.318
2025-03-04 13:18:00,1741094280.0,568.22,568.22,567.2,567.2,2122.222
2025-03-04 13:19:00,1741094340.0,567.21,567.46,566.92,567.14,181.801
2025-03-04 13:20:00,1741094400.0,567.13,567.52,565.8,565.99,611.605
2025-03-04 13:21:00,1741094460.0,565.98,566.19,565.2,565.96,587.293
2025-03-04 13:22:00,1741094520.0,565.97,566.21,565.19,565.67,507.97
2025-03-04 13:23:00,1741094580.0,565.68,567.61,565.5,566.8,443.002
2025-03-04 13:24:00,1741094640.0,566.8,567.44,566.7,567.29,244.91
2025-03-04 13:25:00,1741094700.0,567.29,567.32,566.8,567.11,244.531
2025-03-04 13:26:00,1741094760.0,567.1,567.59,566.51,567.59,274.869
2025-03-04 13:27:00,1741094820.0,567.59,568.5,566.8,566.86,774.89
2025-03-04 13:28:00,1741094880.0,566.87,567.0,565.1,565.1,629.154
2025-03-04 13:29:00,1741094940.0,565.1,565.9,564.91,565.2,476.031
2025-03-04 13:30:00,1741095000.0,565.21,567.45,564.3,567.31,746.204
2025-03-04 13:31:00,1741095060.0,567.31,567.92,566.61,567.11,403.303
2025-03-04 13:32:00,1741095120.0,567.11,567.2,566.16,566.22,229.371
2025-03-04 13:33:00,1741095180.0,566.22,567.03,565.8,566.71,151.547
2025-03-04 13:34:00,1741095240.0,566.7,566.9,566.18,566.5,107.327
2025-03-04 13:35:00,1741095300.0,566.5,566.9,565.6,565.68,200.191
2025-03-04 13:36:00,1741095360.0,565.67,566.84,565.64,566.77,165.594
2025-03-04 13:37:00,1741095420.0,566.77,566.89,566.42,566.51,131.764
2025-03-04 13:38:00,1741095480.0,566.5,567.58,566.4,567.3,329.203
2025-03-04 13:39:00,1741095540.0,567.31,567.71,567.23,567.24,776.451
2025-03-04 13:40:00,1741095600.0,567.23,567.24,566.9,566.99,169.259
2025-03-04 13:41:00,1741095660.0,567.0,567.5,566.75,567.46,194.745
2025-03-04 13:42:00,1741095720.0,567.46,569.0,567.35,568.64,375.934
2025-03-04 13:43:00,1741095780.0,568.64,568.7,568.0,568.08,84.453
2025-03-04 13:44:00,1741095840.0,568.08,568.08,566.8,566.87,629.014
2025-03-04 13:45:00,1741095900.0,566.87,568.87,566.67,568.8,406.519
2025-03-04 13:46:00,1741095960.0,568.81,568.85,567.83,568.02,243.929
2025-03-04 13:47:00,1741096020.0,568.01,568.03,567.4,567.69,203.186
2025-03-04 13:48:00,1741096080.0,567.7,568.35,567.61,567.61,135.9
2025-03-04 13:49:00,1741096140.0,567.61,567.8,567.1,567.43,90.354
2025-03-04 13:50:00,1741096200.0,567.43,567.55,566.57,566.69,94.442
2025-03-04 13:51:00,1741096260.0,566.7,566.74,566.0,566.01,176.723
2025-03-04 13:52:00,1741096320.0,566.01,566.33,565.32,565.56,268.155
2025-03-04 13:53:00,1741096380.0,565.57,566.58,565.52,566.18,227.837
2025-03-04 13:54:00,1741096440.0,566.15,566.4,565.21,565.21,139.937
2025-03-04 13:55:00,1741096500.0,565.2,565.3,563.39,564.54,364.676
2025-03-04 13:56:00,1741096560.0,564.54,564.79,564.17,564.74,176.183
2025-03-04 13:57:00,1741096620.0,564.78,565.09,563.96,564.17,303.16
2025-03-04 13:58:00,1741096680.0,564.16,564.64,563.86,564.14,180.125
2025-03-04 13:59:00,1741096740.0,564.14,564.76,563.91,564.68,183.507
2025-03-04 14:00:00,1741096800.0,564.68,564.82,564.27,564.34,399.239
2025-03-04 14:01:00,1741096860.0,564.34,565.02,564.3,564.69,176.061
2025-03-04 14:02:00,1741096920.0,564.68,564.81,564.12,564.5,158.4
2025-03-04 14:03:00,1741096980.0,564.5,564.98,564.09,564.11,247.255
2025-03-04 14:04:00,1741097040.0,564.11,564.17,562.84,563.88,961.457
2025-03-04 14:05:00,1741097100.0,563.89,564.37,563.8,564.12,55.001
2025-03-04 14:06:00,1741097160.0,564.12,565.58,564.1,565.58,135.065
2025-03-04 14:07:00,1741097220.0,565.59,566.99,565.59,566.56,440.87
2025-03-04 14:08:00,1741097280.0,566.68,567.4,566.1,566.74,886.169
2025-03-04 14:09:00,1741097340.0,566.74,567.09,566.55,566.82,122.797
2025-03-04 14:10:00,1741097400.0,566.82,567.12,566.58,566.61,155.869
2025-03-04 14:11:00,1741097460.0,566.62,566.64,565.48,565.6,184.037
2025-03-04 14:12:00,1741097520.0,565.61,566.05,565.39,566.03,63.774
2025-03-04 14:13:00,1741097580.0,566.03,566.6,565.69,566.6,52.626
2025-03-04 14:14:00,1741097640.0,566.6,566.86,566.43,566.53,109.553
2025-03-04 14:15:00,1741097700.0,566.53,566.95,566.27,566.95,137.994
2025-03-04 14:16:00,1741097760.0,566.95,567.21,565.2,565.2,121.285
2025-03-04 14:17:00,1741097820.0,565.2,565.2,564.33,564.47,307.508
2025-03-04 14:18:00,1741097880.0,564.47,565.79,564.36,564.36,156.182
2025-03-04 14:19:00,1741097940.0,564.38,565.0,564.3,564.94,150.943
2025-03-04 14:20:00,1741098000.0,564.94,565.74,564.18,565.64,231.37
2025-03-04 14:21:00,1741098060.0,565.65,566.25,565.1,566.13,132.16
2025-03-04 14:22:00,1741098120.0,566.12,567.08,565.82,567.0,186.051
2025-03-04 14:23:00,1741098180.0,567.0,567.8,566.57,567.66,199.27
2025-03-04 14:24:00,1741098240.0,567.65,567.65,566.83,566.9,483.919
2025-03-04 14:25:00,1741098300.0,566.9,567.1,566.3,566.41,116.854
2025-03-04 14:26:00,1741098360.0,566.4,568.0,566.27,567.65,157.862
2025-03-04 14:27:00,1741098420.0,567.64,567.65,566.9,566.92,297.236
2025-03-04 14:28:00,1741098480.0,566.92,567.06,566.25,566.26,80.451
2025-03-04 14:29:00,1741098540.0,566.25,566.76,566.2,566.63,124.636
2025-03-04 14:30:00,1741098600.0,566.63,569.0,566.25,568.53,440.332
2025-03-04 14:31:00,1741098660.0,568.54,568.65,565.7,565.77,961.025
2025-03-04 14:32:00,1741098720.0,565.78,566.37,563.53,563.63,1000.319
2025-03-04 14:33:00,1741098780.0,563.63,565.6,563.63,565.4,783.575
2025-03-04 14:34:00,1741098840.0,565.4,569.34,565.4,568.93,1110.033
2025-03-04 14:35:00,1741098900.0,568.93,573.4,568.47,572.69,2181.305
2025-03-04 14:36:00,1741098960.0,572.7,576.25,572.66,575.8,2912.678
2025-03-04 14:37:00,1741099020.0,575.8,578.78,574.76,578.1,3266.465
2025-03-04 14:38:00,1741099080.0,578.1,579.61,575.81,575.88,4001.682
2025-03-04 14:39:00,1741099140.0,575.88,577.4,574.41,576.21,3723.468
2025-03-04 14:40:00,1741099200.0,576.2,578.22,574.89,576.8,3324.696
2025-03-04 14:41:00,1741099260.0,576.8,577.23,574.75,576.38,1692.469
2025-03-04 14:42:00,1741099320.0,576.38,576.38,572.47,572.47,1665.14
2025-03-04 14:43:00,1741099380.0,572.46,574.57,571.03,573.67,2319.209
2025-03-04 14:44:00,1741099440.0,573.67,575.0,572.29,574.03,2156.847
2025-03-04 14:45:00,1741099500.0,574.02,574.7,572.4,573.12,1483.703
2025-03-04 14:46:00,1741099560.0,573.11,576.3,573.0,575.35,1107.209
2025-03-04 14:47:00,1741099620.0,575.29,576.31,574.34,574.74,1250.411
2025-03-04 14:48:00,1741099680.0,574.74,576.53,574.14,574.47,948.117
2025-03-04 14:49:00,1741099740.0,574.46,574.46,572.58,573.15,1072.022
2025-03-04 14:50:00,1741099800.0,573.16,573.46,571.56,572.93,744.807
2025-03-04 14:51:00,1741099860.0,572.94,573.55,571.6,572.22,660.029
2025-03-04 14:52:00,1741099920.0,572.24,572.96,571.51,571.51,583.417
2025-03-04 14:53:00,1741099980.0,571.5,571.79,568.93,569.31,847.546
2025-03-04 14:54:00,1741100040.0,569.3,570.84,569.18,570.0,797.097
2025-03-04 14:55:00,1741100100.0,569.98,571.82,569.97,571.1,496.435
2025-03-04 14:56:00,1741100160.0,571.11,572.09,570.72,571.3,459.295
2025-03-04 14:57:00,1741100220.0,571.29,571.98,570.61,571.98,480.649
2025-03-04 14:58:00,1741100280.0,571.96,572.11,569.91,570.05,568.109
2025-03-04 14:59:00,1741100340.0,570.04,570.04,566.49,566.98,884.75
2025-03-04 15:00:00,1741100400.0,566.99,567.29,564.83,566.43,1311.119
2025-03-04 15:01:00,1741100460.0,566.44,569.23,566.44,569.14,1136.779
2025-03-04 15:02:00,1741100520.0,569.14,569.95,568.0,568.2,2152.237
2025-03-04 15:03:00,1741100580.0,568.21,568.36,566.45,567.58,1735.328
2025-03-04 15:04:00,1741100640.0,567.54,568.8,567.54,567.92,568.894
2025-03-04 15:05:00,1741100700.0,567.91,568.66,567.15,568.47,523.581
2025-03-04 15:06:00,1741100760.0,568.47,569.06,566.98,568.41,639.235
2025-03-04 15:07:00,1741100820.0,568.42,568.51,567.01,567.35,632.283
2025-03-04 15:08:00,1741100880.0,567.35,568.08,566.65,567.73,389.931
2025-03-04 15:09:00,1741100940.0,567.73,567.97,566.45,566.89,500.594
2025-03-04 15:10:00,1741101000.0,566.9,568.6,566.14,567.72,790.462
2025-03-04 15:11:00,1741101060.0,567.73,569.5,567.73,569.22,568.89
2025-03-04 15:12:00,1741101120.0,569.22,570.12,568.89,569.39,266.57
2025-03-04 15:13:00,1741101180.0,569.38,570.0,568.56,568.9,313.564
2025-03-04 15:14:00,1741101240.0,568.9,569.68,568.9,569.35,237.888
2025-03-04 15:15:00,1741101300.0,569.35,569.8,568.45,569.72,257.402
2025-03-04 15:16:00,1741101360.0,569.73,570.4,567.71,568.04,622.859
2025-03-04 15:17:00,1741101420.0,568.05,568.23,567.13,567.84,283.487
2025-03-04 15:18:00,1741101480.0,567.84,567.84,565.99,566.68,386.462
2025-03-04 15:19:00,1741101540.0,566.69,567.36,565.49,565.81,529.785
2025-03-04 15:20:00,1741101600.0,565.82,566.75,564.34,564.65,1353.002
2025-03-04 15:21:00,1741101660.0,564.65,565.29,562.21,562.7,1549.192
2025-03-04 15:22:00,1741101720.0,562.75,564.26,562.5,563.96,966.501
2025-03-04 15:23:00,1741101780.0,563.95,564.83,563.48,563.63,335.462
2025-03-04 15:24:00,1741101840.0,563.63,564.67,562.8,564.46,242.776
2025-03-04 15:25:00,1741101900.0,564.46,565.29,564.0,564.86,613.218
2025-03-04 15:26:00,1741101960.0,564.86,566.17,564.3,565.72,245.905
2025-03-04 15:27:00,1741102020.0,565.71,567.06,565.71,566.34,533.328
2025-03-04 15:28:00,1741102080.0,566.35,566.6,565.62,565.71,414.07
2025-03-04 15:29:00,1741102140.0,565.71,566.5,565.34,565.61,165.368
2025-03-04 15:30:00,1741102200.0,565.62,566.95,564.67,566.92,253.989
2025-03-04 15:31:00,1741102260.0,566.91,567.69,566.82,567.31,240.741
2025-03-04 15:32:00,1741102320.0,567.31,567.31,565.76,566.88,221.589
2025-03-04 15:33:00,1741102380.0,566.87,567.85,566.18,567.8,189.556
2025-03-04 15:34:00,1741102440.0,567.8,568.11,566.83,567.37,125.959
2025-03-04 15:35:00,1741102500.0,567.37,567.66,567.18,567.43,188.241
2025-03-04 15:36:00,1741102560.0,567.43,567.56,567.0,567.56,229.066
2025-03-04 15:37:00,1741102620.0,567.56,567.86,567.19,567.86,382.92
2025-03-04 15:38:00,1741102680.0,567.85,568.0,567.11,567.67,116.867
2025-03-04 15:39:00,1741102740.0,567.68,568.11,566.69,567.04,229.0
2025-03-04 15:40:00,1741102800.0,567.04,567.54,566.77,567.51,66.914
2025-03-04 15:41:00,1741102860.0,567.52,570.62,567.45,570.62,571.067
2025-03-04 15:42:00,1741102920.0,570.62,570.96,569.07,569.8,390.821
2025-03-04 15:43:00,1741102980.0,569.8,569.8,568.5,568.73,288.91
2025-03-04 15:44:00,1741103040.0,568.74,570.14,568.58,569.89,218.415
2025-03-04 15:45:00,1741103100.0,569.9,571.86,569.68,571.26,323.394
2025-03-04 15:46:00,1741103160.0,571.25,571.34,570.0,570.07,256.225
2025-03-04 15:47:00,1741103220.0,570.08,570.3,569.12,569.83,271.183
2025-03-04 15:48:00,1741103280.0,569.83,570.81,569.83,570.68,235.42
2025-03-04 15:49:00,1741103340.0,570.67,571.18,570.3,570.55,199.331
2025-03-04 15:50:00,1741103400.0,570.55,570.88,570.04,570.13,250.451
2025-03-04 15:51:00,1741103460.0,570.08,570.54,569.54,570.15,108.56
2025-03-04 15:52:00,1741103520.0,570.16,570.93,570.1,570.5,147.154
2025-03-04 15:53:00,1741103580.0,570.49,570.6,569.34,569.5,103.3
2025-03-04 15:54:00,1741103640.0,569.5,569.6,569.01,569.41,153.425
2025-03-04 15:55:00,1741103700.0,569.41,569.8,569.08,569.74,204.245
2025-03-04 15:56:00,1741103760.0,569.74,570.6,569.64,570.6,170.853
2025-03-04 15:57:00,1741103820.0,570.59,570.66,569.94,570.36,166.535
2025-03-04 15:58:00,1741103880.0,570.33,570.5,569.49,569.86,78.786
2025-03-04 15:59:00,1741103940.0,569.83,570.74,569.8,570.7,94.362
2025-03-04 16:00:00,1741104000.0,570.7,571.56,570.3,571.56,192.908
2025-03-04 16:01:00,1741104060.0,571.56,571.56,569.43,569.55,167.367
2025-03-04 16:02:00,1741104120.0,569.55,570.42,568.66,570.42,195.881
2025-03-04 16:03:00,1741104180.0,570.43,571.33,570.42,570.53,293.538
2025-03-04 16:04:00,1741104240.0,570.54,570.69,570.01,570.21,134.649
2025-03-04 16:05:00,1741104300.0,570.21,570.21,569.41,570.0,109.437
2025-03-04 16:06:00,1741104360.0,569.96,570.26,569.08,569.93,140.451
2025-03-04 16:07:00,1741104420.0,569.89,570.26,569.25,569.4,120.312
2025-03-04 16:08:00,1741104480.0,569.41,569.41,567.23,567.61,407.731
2025-03-04 16:09:00,1741104540.0,567.61,568.1,567.2,568.1,155.154
2025-03-04 16:10:00,1741104600.0,568.1,568.51,567.2,567.74,171.834
2025-03-04 16:11:00,1741104660.0,567.74,569.42,567.48,569.24,243.977
2025-03-04 16:12:00,1741104720.0,569.24,570.25,568.94,570.12,174.023
2025-03-04 16:13:00,1741104780.0,570.13,570.33,569.6,570.33,134.365
2025-03-04 16:14:00,1741104840.0,570.33,571.1,570.1,570.35,95.556
2025-03-04 16:15:00,1741104900.0,570.34,571.17,569.98,570.91,188.537
2025-03-04 16:16:00,1741104960.0,570.91,571.04,569.1,569.14,92.108
2025-03-04 16:17:00,1741105020.0,569.15,569.69,568.47,568.81,152.764
2025-03-04 16:18:00,1741105080.0,568.81,568.96,568.0,568.17,213.807
2025-03-04 16:19:00,1741105140.0,568.17,568.17,567.3,567.96,127.578
2025-03-04 16:20:00,1741105200.0,567.96,569.07,567.62,568.44,162.729
2025-03-04 16:21:00,1741105260.0,568.43,568.69,567.87,567.99,105.061
2025-03-04 16:22:00,1741105320.0,568.0,568.14,566.4,567.88,572.705
2025-03-04 16:23:00,1741105380.0,567.89,568.16,566.11,566.14,197.898
2025-03-04 16:24:00,1741105440.0,566.14,566.35,565.54,565.89,205.273
2025-03-04 16:25:00,1741105500.0,565.89,566.18,565.21,565.69,225.069
2025-03-04 16:26:00,1741105560.0,565.69,566.03,565.09,565.75,361.804
2025-03-04 16:27:00,1741105620.0,565.76,565.8,563.62,563.62,427.954
2025-03-04 16:28:00,1741105680.0,563.61,564.08,563.1,563.12,226.89
2025-03-04 16:29:00,1741105740.0,563.12,563.17,559.7,560.53,2445.128
2025-03-04 16:30:00,1741105800.0,560.53,561.82,559.57,560.94,1120.76
2025-03-04 16:31:00,1741105860.0,560.94,561.91,559.45,560.51,1344.98
2025-03-04 16:32:00,1741105920.0,560.51,561.78,559.22,561.16,1246.109
2025-03-04 16:33:00,1741105980.0,561.16,561.6,559.79,561.11,1422.346
2025-03-04 16:34:00,1741106040.0,561.12,561.46,559.74,560.42,1065.047
2025-03-04 16:35:00,1741106100.0,560.43,560.53,555.08,556.54,3651.702
2025-03-04 16:36:00,1741106160.0,556.54,558.71,555.01,557.66,2844.035
2025-03-04 16:37:00,1741106220.0,557.66,559.13,557.13,559.12,1481.788
2025-03-04 16:38:00,1741106280.0,559.12,559.33,558.63,559.03,1136.306
2025-03-04 16:39:00,1741106340.0,559.03,559.34,558.5,559.06,700.789
2025-03-04 16:40:00,1741106400.0,559.06,559.39,558.7,559.04,420.133
2025-03-04 16:41:00,1741106460.0,559.03,559.4,558.75,559.25,411.155
2025-03-04 16:42:00,1741106520.0,559.25,559.54,558.93,559.54,182.783
2025-03-04 16:43:00,1741106580.0,559.54,560.49,559.25,560.49,351.985
2025-03-04 16:44:00,1741106640.0,560.49,562.68,560.44,562.42,992.151
2025-03-04 16:45:00,1741106700.0,562.43,563.92,561.73,563.11,1828.544
2025-03-04 16:46:00,1741106760.0,563.11,563.67,562.5,563.42,766.388
2025-03-04 16:47:00,1741106820.0,563.41,564.51,563.41,564.07,709.54
2025-03-04 16:48:00,1741106880.0,564.08,564.72,563.0,563.4,455.778
2025-03-04 16:49:00,1741106940.0,563.41,565.3,563.4,564.99,391.362
2025-03-04 16:50:00,1741107000.0,564.99,566.89,564.61,566.48,440.737
2025-03-04 16:51:00,1741107060.0,566.47,566.47,565.2,565.2,352.023
2025-03-04 16:52:00,1741107120.0,565.21,566.16,564.66,566.15,297.813
2025-03-04 16:53:00,1741107180.0,566.15,568.67,566.05,567.91,655.17
2025-03-04 16:54:00,1741107240.0,567.91,568.7,567.7,568.21,243.73
2025-03-04 16:55:00,1741107300.0,568.21,569.1,567.55,568.97,211.747
2025-03-04 16:56:00,1741107360.0,568.96,569.82,568.85,569.82,323.104
2025-03-04 16:57:00,1741107420.0,569.81,569.86,569.05,569.61,285.745
2025-03-04 16:58:00,1741107480.0,569.6,569.84,568.81,569.62,300.526
2025-03-04 16:59:00,1741107540.0,569.61,569.61,568.6,568.61,361.699
2025-03-04 17:00:00,1741107600.0,568.61,569.03,568.14,568.37,282.908
2025-03-04 17:01:00,1741107660.0,568.37,569.04,568.1,568.44,339.752
2025-03-04 17:02:00,1741107720.0,568.44,570.71,568.05,570.5,794.22
2025-03-04 17:03:00,1741107780.0,570.51,571.8,570.31,571.57,499.234
2025-03-04 17:04:00,1741107840.0,571.58,572.41,571.08,571.08,313.392
2025-03-04 17:05:00,1741107900.0,571.08,571.54,570.87,570.87,255.773
2025-03-04 17:06:00,1741107960.0,570.86,571.09,570.25,570.93,129.314
2025-03-04 17:07:00,1741108020.0,570.93,570.93,569.9,569.9,319.978
2025-03-04 17:08:00,1741108080.0,569.9,570.06,569.36,569.87,148.995
2025-03-04 17:09:00,1741108140.0,569.87,570.36,569.86,570.2,103.9
2025-03-04 17:10:00,1741108200.0,570.2,570.75,570.0,570.25,134.127
2025-03-04 17:11:00,1741108260.0,570.24,570.7,569.87,569.95,234.535
2025-03-04 17:12:00,1741108320.0,569.94,570.13,569.6,569.83,90.426
2025-03-04 17:13:00,1741108380.0,569.84,570.18,569.14,569.15,193.867
2025-03-04 17:14:00,1741108440.0,569.14,569.89,569.0,569.85,98.535
2025-03-04 17:15:00,1741108500.0,569.84,570.61,569.52,570.61,107.275
2025-03-04 17:16:00,1741108560.0,570.61,571.8,569.98,571.31,211.618
2025-03-04 17:17:00,1741108620.0,571.31,572.04,570.92,571.01,320.104
2025-03-04 17:18:00,1741108680.0,571.01,572.64,570.97,572.6,523.421
2025-03-04 17:19:00,1741108740.0,572.61,573.86,571.76,573.7,794.407
2025-03-04 17:20:00,1741108800.0,573.74,574.3,572.7,573.31,764.658
2025-03-04 17:21:00,1741108860.0,573.3,574.0,572.6,573.65,462.507
2025-03-04 17:22:00,1741108920.0,573.66,574.01,572.83,572.83,158.81
2025-03-04 17:23:00,1741108980.0,572.84,573.0,572.06,572.71,697.272
2025-03-04 17:24:00,1741109040.0,572.72,572.91,572.21,572.69,227.547
2025-03-04 17:25:00,1741109100.0,572.68,574.17,572.58,574.03,246.71
2025-03-04 17:26:00,1741109160.0,574.03,574.87,574.03,574.49,278.597
2025-03-04 17:27:00,1741109220.0,574.49,574.62,574.19,574.33,351.9
2025-03-04 17:28:00,1741109280.0,574.32,574.32,573.58,573.58,164.965
2025-03-04 17:29:00,1741109340.0,573.59,574.11,573.4,574.11,199.178
2025-03-04 17:30:00,1741109400.0,574.12,574.84,572.67,572.87,404.159
2025-03-04 17:31:00,1741109460.0,572.87,572.95,571.89,572.54,426.974
2025-03-04 17:32:00,1741109520.0,572.55,573.2,572.0,573.0,219.278
2025-03-04 17:33:00,1741109580.0,573.0,573.0,572.01,572.99,216.627
2025-03-04 17:34:00,1741109640.0,573.0,573.27,572.4,572.6,203.553
2025-03-04 17:35:00,1741109700.0,572.59,573.6,572.4,573.37,232.446
2025-03-04 17:36:00,1741109760.0,573.37,574.63,573.37,574.08,268.981
2025-03-04 17:37:00,1741109820.0,574.07,574.95,574.0,574.4,586.939
2025-03-04 17:38:00,1741109880.0,574.4,575.77,574.31,575.61,485.371
2025-03-04 17:39:00,1741109940.0,575.61,575.69,575.07,575.12,313.891
2025-03-04 17:40:00,1741110000.0,575.12,576.41,574.81,575.59,633.895
2025-03-04 17:41:00,1741110060.0,575.58,575.58,574.02,574.29,541.304
2025-03-04 17:42:00,1741110120.0,574.3,574.45,573.28,573.69,352.313
2025-03-04 17:43:00,1741110180.0,573.7,574.63,573.61,574.3,178.637
2025-03-04 17:44:00,1741110240.0,574.3,575.46,574.1,575.1,456.076
2025-03-04 17:45:00,1741110300.0,575.1,575.85,574.81,575.73,318.667
2025-03-04 17:46:00,1741110360.0,575.73,576.47,575.72,576.2,119.357
2025-03-04 17:47:00,1741110420.0,576.19,576.29,575.8,575.81,110.847
2025-03-04 17:48:00,1741110480.0,575.8,575.82,574.9,574.92,89.404
2025-03-04 17:49:00,1741110540.0,574.91,575.1,574.68,575.1,133.12
2025-03-04 17:50:00,1741110600.0,575.1,575.11,574.59,574.64,63.296
2025-03-04 17:51:00,1741110660.0,574.65,574.9,574.0,574.21,134.629
2025-03-04 17:52:00,1741110720.0,574.2,574.2,573.11,573.56,209.395
2025-03-04 17:53:00,1741110780.0,573.56,574.44,573.47,574.44,125.921
2025-03-04 17:54:00,1741110840.0,574.45,575.0,574.4,574.51,54.921
2025-03-04 17:55:00,1741110900.0,574.52,574.99,574.5,574.71,132.923
2025-03-04 17:56:00,1741110960.0,574.71,574.75,574.22,574.39,142.339
2025-03-04 17:57:00,1741111020.0,574.38,574.39,573.9,574.3,159.74
2025-03-04 17:58:00,1741111080.0,574.31,574.37,573.8,573.97,1668.636
2025-03-04 17:59:00,1741111140.0,573.96,574.86,573.82,574.85,145.701
2025-03-04 18:00:00,1741111200.0,574.86,575.2,574.11,574.33,310.801
2025-03-04 18:01:00,1741111260.0,574.3,574.77,573.75,574.46,254.676
2025-03-04 18:02:00,1741111320.0,574.47,574.76,574.0,574.24,150.227
2025-03-04 18:03:00,1741111380.0,574.24,575.52,574.24,575.49,262.219
2025-03-04 18:04:00,1741111440.0,575.49,575.5,575.0,575.03,125.129
2025-03-04 18:05:00,1741111500.0,575.04,575.63,574.48,575.63,140.825
2025-03-04 18:06:00,1741111560.0,575.64,576.28,575.34,575.48,140.287
2025-03-04 18:07:00,1741111620.0,575.49,576.0,575.08,575.17,63.503
2025-03-04 18:08:00,1741111680.0,575.18,576.66,575.11,576.43,125.986
2025-03-04 18:09:00,1741111740.0,576.44,576.94,576.25,576.85,131.403
2025-03-04 18:10:00,1741111800.0,576.71,577.17,576.7,577.03,139.886
2025-03-04 18:11:00,1741111860.0,577.02,577.26,576.76,576.8,320.911
2025-03-04 18:12:00,1741111920.0,576.8,577.75,576.8,577.68,204.797
2025-03-04 18:13:00,1741111980.0,577.67,577.97,577.45,577.52,215.287
2025-03-04 18:14:00,1741112040.0,577.53,578.34,577.52,578.34,110.105
2025-03-04 18:15:00,1741112100.0,578.33,578.48,576.6,576.82,338.72
2025-03-04 18:16:00,1741112160.0,576.81,577.88,576.73,576.99,117.968
2025-03-04 18:17:00,1741112220.0,576.99,577.27,576.65,576.65,176.965
2025-03-04 18:18:00,1741112280.0,576.65,576.65,575.05,576.41,604.516
2025-03-04 18:19:00,1741112340.0,576.42,576.7,576.0,576.08,112.849
2025-03-04 18:20:00,1741112400.0,576.09,576.49,575.79,576.09,117.516
2025-03-04 18:21:00,1741112460.0,576.09,576.4,575.8,576.07,72.534
2025-03-04 18:22:00,1741112520.0,576.06,576.29,575.38,575.41,94.914
2025-03-04 18:23:00,1741112580.0,575.45,575.8,575.0,575.69,857.795
2025-03-04 18:24:00,1741112640.0,575.69,575.89,575.26,575.89,76.765
2025-03-04 18:25:00,1741112700.0,575.9,576.29,575.7,576.29,74.374
2025-03-04 18:26:00,1741112760.0,576.29,576.7,576.2,576.7,68.219
2025-03-04 18:27:00,1741112820.0,576.69,576.69,576.2,576.31,118.198
2025-03-04 18:28:00,1741112880.0,576.32,576.55,575.9,575.92,88.275
2025-03-04 18:29:00,1741112940.0,575.95,576.62,575.8,576.53,50.433
2025-03-04 18:30:00,1741113000.0,576.54,576.59,575.62,575.82,88.482
2025-03-04 18:31:00,1741113060.0,575.82,576.61,575.8,576.55,114.938
2025-03-04 18:32:00,1741113120.0,576.55,577.04,576.54,576.86,152.629
2025-03-04 18:33:00,1741113180.0,576.86,577.44,576.46,577.12,66.478
2025-03-04 18:34:00,1741113240.0,577.13,577.5,577.01,577.29,97.283
2025-03-04 18:35:00,1741113300.0,577.29,578.2,577.19,577.7,227.688
2025-03-04 18:36:00,1741113360.0,577.71,577.73,576.97,577.09,178.549
2025-03-04 18:37:00,1741113420.0,577.07,577.59,576.8,577.59,90.224
2025-03-04 18:38:00,1741113480.0,577.6,577.73,577.22,577.69,75.482
2025-03-04 18:39:00,1741113540.0,577.7,578.04,577.7,577.92,140.668
2025-03-04 18:40:00,1741113600.0,577.92,578.36,577.83,578.24,167.027
2025-03-04 18:41:00,1741113660.0,578.24,578.24,577.93,578.1,138.743
2025-03-04 18:42:00,1741113720.0,578.09,578.3,578.0,578.01,68.758
2025-03-04 18:43:00,1741113780.0,578.01,578.02,577.3,577.37,220.36
2025-03-04 18:44:00,1741113840.0,577.37,577.7,577.05,577.51,78.417
2025-03-04 18:45:00,1741113900.0,577.51,577.66,576.97,577.43,77.946
2025-03-04 18:46:00,1741113960.0,577.42,577.6,577.21,577.4,92.303
2025-03-04 18:47:00,1741114020.0,577.4,578.0,577.37,577.73,61.773
2025-03-04 18:48:00,1741114080.0,577.73,577.84,577.51,577.71,112.803
2025-03-04 18:49:00,1741114140.0,577.71,578.52,577.7,578.1,166.611
2025-03-04 18:50:00,1741114200.0,578.11,578.48,577.87,578.09,252.003
2025-03-04 18:51:00,1741114260.0,578.09,579.54,578.09,579.53,327.581
2025-03-04 18:52:00,1741114320.0,579.54,579.7,579.31,579.5,170.276
2025-03-04 18:53:00,1741114380.0,579.5,580.0,579.32,579.89,1211.014
2025-03-04 18:54:00,1741114440.0,579.9,579.9,579.4,579.65,123.962
2025-03-04 18:55:00,1741114500.0,579.65,579.87,579.45,579.58,62.673
2025-03-04 18:56:00,1741114560.0,579.59,580.86,579.59,580.82,382.461
2025-03-04 18:57:00,1741114620.0,580.81,580.9,580.3,580.88,307.252
2025-03-04 18:58:00,1741114680.0,580.88,581.23,580.5,581.01,540.552
2025-03-04 18:59:00,1741114740.0,581.0,581.0,580.71,580.77,100.534
2025-03-04 19:00:00,1741114800.0,580.77,580.77,580.11,580.24,307.957
2025-03-04 19:01:00,1741114860.0,580.24,580.6,579.63,580.55,186.323
2025-03-04 19:02:00,1741114920.0,580.55,581.61,580.55,581.61,580.642
2025-03-04 19:03:00,1741114980.0,581.61,582.8,581.3,582.5,555.492
2025-03-04 19:04:00,1741115040.0,582.5,582.51,581.33,582.22,444.672
2025-03-04 19:05:00,1741115100.0,582.22,582.22,581.2,581.61,580.451
2025-03-04 19:06:00,1741115160.0,581.61,582.14,580.9,582.01,193.702
2025-03-04 19:07:00,1741115220.0,582.01,582.5,581.75,582.32,201.497
2025-03-04 19:08:00,1741115280.0,582.33,582.48,581.81,582.01,200.61
2025-03-04 19:09:00,1741115340.0,582.01,582.2,581.6,581.67,201.08
2025-03-04 19:10:00,1741115400.0,581.66,581.9,580.41,580.9,412.618
2025-03-04 19:11:00,1741115460.0,580.89,581.21,580.7,580.88,311.045
2025-03-04 19:12:00,1741115520.0,580.89,581.49,580.7,581.45,192.08
2025-03-04 19:13:00,1741115580.0,581.45,582.0,581.4,581.85,136.908
2025-03-04 19:14:00,1741115640.0,581.85,582.44,581.7,582.39,180.711
2025-03-04 19:15:00,1741115700.0,582.4,582.64,580.8,581.11,427.057
2025-03-04 19:16:00,1741115760.0,581.11,581.82,581.08,581.56,137.707
2025-03-04 19:17:00,1741115820.0,581.56,581.9,581.44,581.73,74.307
2025-03-04 19:18:00,1741115880.0,581.72,581.89,581.25,581.86,176.784
2025-03-04 19:19:00,1741115940.0,581.86,582.43,580.87,580.87,292.006
2025-03-04 19:20:00,1741116000.0,580.86,581.59,580.18,581.59,227.741
2025-03-04 19:21:00,1741116060.0,581.6,581.95,581.2,581.34,236.532
2025-03-04 19:22:00,1741116120.0,581.34,581.66,581.02,581.31,351.72
2025-03-04 19:23:00,1741116180.0,581.31,582.51,581.2,582.4,216.425
2025-03-04 19:24:00,1741116240.0,582.4,582.47,581.89,582.26,199.976
2025-03-04 19:25:00,1741116300.0,582.26,582.39,582.0,582.11,142.922
2025-03-04 19:26:00,1741116360.0,582.1,582.3,581.2,581.4,151.899
2025-03-04 19:27:00,1741116420.0,581.39,581.6,581.0,581.2,150.591
2025-03-04 19:28:00,1741116480.0,581.2,581.7,581.12,581.64,145.173
2025-03-04 19:29:00,1741116540.0,581.63,581.63,580.94,580.95,96.425
2025-03-04 19:30:00,1741116600.0,580.95,581.13,580.47,580.99,283.32
2025-03-04 19:31:00,1741116660.0,580.98,580.98,579.8,579.81,378.911
2025-03-04 19:32:00,1741116720.0,579.81,580.1,579.62,579.92,332.3
2025-03-04 19:33:00,1741116780.0,579.93,580.2,579.03,579.33,312.465
2025-03-04 19:34:00,1741116840.0,579.33,579.89,579.29,579.72,167.257
2025-03-04 19:35:00,1741116900.0,579.71,580.36,579.7,580.28,75.861
2025-03-04 19:36:00,1741116960.0,580.29,581.3,580.29,581.24,127.276
2025-03-04 19:37:00,1741117020.0,581.24,581.51,581.0,581.16,316.169
2025-03-04 19:38:00,1741117080.0,581.16,581.2,580.53,580.77,115.236
2025-03-04 19:39:00,1741117140.0,580.77,581.28,580.7,580.95,69.171
2025-03-04 19:40:00,1741117200.0,580.96,581.69,580.96,581.39,127.204
2025-03-04 19:41:00,1741117260.0,581.4,581.87,581.2,581.74,60.371
2025-03-04 19:42:00,1741117320.0,581.75,582.55,581.61,582.55,208.364
2025-03-04 19:43:00,1741117380.0,582.55,582.74,582.37,582.63,123.783
2025-03-04 19:44:00,1741117440.0,582.63,582.82,582.51,582.61,136.715
2025-03-04 19:45:00,1741117500.0,582.62,582.9,582.42,582.83,59.512
2025-03-04 19:46:00,1741117560.0,582.84,583.48,582.75,582.91,274.292
2025-03-04 19:47:00,1741117620.0,582.91,582.96,582.01,582.01,102.307
2025-03-04 19:48:00,1741117680.0,582.01,582.12,581.9,582.03,52.113
2025-03-04 19:49:00,1741117740.0,582.03,582.23,581.6,582.23,130.166
2025-03-04 19:50:00,1741117800.0,582.23,582.98,582.22,582.79,105.311
2025-03-04 19:51:00,1741117860.0,582.78,583.4,582.71,583.4,97.751
2025-03-04 19:52:00,1741117920.0,583.39,583.52,583.03,583.03,53.526
2025-03-04 19:53:00,1741117980.0,583.02,583.05,582.4,582.8,172.97
2025-03-04 19:54:00,1741118040.0,582.79,583.03,582.64,582.69,90.133
2025-03-04 19:55:00,1741118100.0,582.68,582.94,582.65,582.8,63.971
2025-03-04 19:56:00,1741118160.0,582.77,583.04,582.71,582.94,66.035
2025-03-04 19:57:00,1741118220.0,582.95,583.0,582.71,582.71,34.06
2025-03-04 19:58:00,1741118280.0,582.71,583.13,582.43,583.13,521.284
2025-03-04 19:59:00,1741118340.0,583.12,583.51,583.12,583.51,54.451
2025-03-04 20:00:00,1741118400.0,583.5,583.58,583.28,583.4,63.189
2025-03-04 20:01:00,1741118460.0,583.4,584.15,583.4,584.15,309.425
2025-03-04 20:02:00,1741118520.0,584.15,584.15,583.63,583.87,241.848
2025-03-04 20:03:00,1741118580.0,583.86,583.86,582.92,583.17,148.51
2025-03-04 20:04:00,1741118640.0,583.16,583.27,582.84,583.23,130.272
2025-03-04 20:05:00,1741118700.0,583.23,583.71,583.11,583.7,84.222
2025-03-04 20:06:00,1741118760.0,583.71,584.0,583.4,584.0,131.083
2025-03-04 20:07:00,1741118820.0,583.99,583.99,583.5,583.51,64.43
2025-03-04 20:08:00,1741118880.0,583.51,583.7,583.11,583.2,63.665
2025-03-04 20:09:00,1741118940.0,583.19,583.19,582.8,582.9,104.24
2025-03-04 20:10:00,1741119000.0,582.89,583.5,582.89,583.49,73.99
2025-03-04 20:11:00,1741119060.0,583.49,583.6,583.2,583.39,50.948
2025-03-04 20:12:00,1741119120.0,583.4,583.56,583.3,583.31,64.392
2025-03-04 20:13:00,1741119180.0,583.31,583.31,582.8,582.81,40.474
2025-03-04 20:14:00,1741119240.0,582.81,583.01,582.7,583.01,50.057
2025-03-04 20:15:00,1741119300.0,583.02,583.4,582.51,582.7,62.877
2025-03-04 20:16:00,1741119360.0,582.71,582.8,582.5,582.75,61.723
2025-03-04 20:17:00,1741119420.0,582.75,583.59,582.75,583.47,57.499
2025-03-04 20:18:00,1741119480.0,583.47,583.47,583.1,583.13,124.398
2025-03-04 20:19:00,1741119540.0,583.12,583.18,582.71,583.02,23.83
2025-03-04 20:20:00,1741119600.0,583.02,583.93,582.96,583.82,144.309
2025-03-04 20:21:00,1741119660.0,583.82,584.31,583.74,584.03,183.964
2025-03-04 20:22:00,1741119720.0,584.03,585.24,584.03,584.32,1695.199
2025-03-04 20:23:00,1741119780.0,584.31,586.25,584.27,584.43,2044.717
2025-03-04 20:24:00,1741119840.0,584.43,586.98,584.13,584.79,1718.708
2025-03-04 20:25:00,1741119900.0,584.8,584.8,584.5,584.69,199.984
2025-03-04 20:26:00,1741119960.0,584.7,584.92,584.69,584.83,82.61
2025-03-04 20:27:00,1741120020.0,584.84,585.1,584.71,584.99,99.559
2025-03-04 20:28:00,1741120080.0,584.99,584.99,584.11,584.11,116.232
2025-03-04 20:29:00,1741120140.0,584.11,584.22,583.66,583.99,220.718
2025-03-04 20:30:00,1741120200.0,583.99,584.06,582.88,582.88,230.474
2025-03-04 20:31:00,1741120260.0,582.87,583.28,582.7,583.04,119.424
2025-03-04 20:32:00,1741120320.0,583.05,583.05,582.5,582.79,221.86
2025-03-04 20:33:00,1741120380.0,582.79,582.89,582.23,582.23,107.52
2025-03-04 20:34:00,1741120440.0,582.23,582.96,582.21,582.79,234.399
2025-03-04 20:35:00,1741120500.0,582.8,583.28,582.8,583.19,265.914
2025-03-04 20:36:00,1741120560.0,583.18,583.31,582.89,582.97,483.301
2025-03-04 20:37:00,1741120620.0,582.98,583.02,582.53,582.89,303.817
2025-03-04 20:38:00,1741120680.0,582.9,583.0,582.73,582.74,80.978
2025-03-04 20:39:00,1741120740.0,582.74,582.9,582.45,582.53,329.164
2025-03-04 20:40:00,1741120800.0,582.54,582.91,582.5,582.6,100.525
2025-03-04 20:41:00,1741120860.0,582.61,582.91,582.61,582.67,173.76
2025-03-04 20:42:00,1741120920.0,582.67,582.85,582.51,582.85,107.938
2025-03-04 20:43:00,1741120980.0,582.84,583.4,582.84,583.36,439.599
2025-03-04 20:44:00,1741121040.0,583.36,583.6,583.15,583.52,603.088
2025-03-04 20:45:00,1741121100.0,583.53,583.8,583.47,583.47,220.442
2025-03-04 20:46:00,1741121160.0,583.47,583.6,582.97,583.05,68.45
2025-03-04 20:47:00,1741121220.0,583.05,583.22,582.73,583.19,68.584
2025-03-04 20:48:00,1741121280.0,583.18,583.29,582.96,583.09,84.781
2025-03-04 20:49:00,1741121340.0,583.09,583.39,583.0,583.16,98.211
2025-03-04 20:50:00,1741121400.0,583.16,583.16,581.6,581.7,297.08
2025-03-04 20:51:00,1741121460.0,581.7,581.75,581.04,581.46,202.286
2025-03-04 20:52:00,1741121520.0,581.47,581.5,579.77,579.89,1990.665
2025-03-04 20:53:00,1741121580.0,579.9,580.53,579.77,580.07,897.258
2025-03-04 20:54:00,1741121640.0,580.07,581.0,579.69,581.0,110.556
2025-03-04 20:55:00,1741121700.0,581.0,581.8,581.0,581.1,103.665
2025-03-04 20:56:00,1741121760.0,581.11,581.35,580.68,580.8,104.074
2025-03-04 20:57:00,1741121820.0,580.81,580.96,580.09,580.14,471.821
2025-03-04 20:58:00,1741121880.0,580.15,580.17,578.9,579.06,755.576
2025-03-04 20:59:00,1741121940.0,579.07,579.83,578.99,579.32,300.139
2025-03-04 21:00:00,1741122000.0,579.33,580.3,579.33,579.98,170.466
2025-03-04 21:01:00,1741122060.0,579.97,580.39,579.37,579.6,214.937
2025-03-04 21:02:00,1741122120.0,579.6,579.93,578.8,578.81,336.313
2025-03-04 21:03:00,1741122180.0,578.81,578.88,578.28,578.29,169.957
2025-03-04 21:04:00,1741122240.0,578.29,579.73,578.29,579.73,98.611
2025-03-04 21:05:00,1741122300.0,579.74,580.3,579.74,580.12,144.294
2025-03-04 21:06:00,1741122360.0,580.12,581.02,580.11,581.02,489.985
2025-03-04 21:07:00,1741122420.0,581.01,581.17,580.03,580.05,171.191
2025-03-04 21:08:00,1741122480.0,580.06,580.63,579.9,580.33,79.044
2025-03-04 21:09:00,1741122540.0,580.32,580.47,580.09,580.24,68.034
2025-03-04 21:10:00,1741122600.0,580.23,581.06,580.1,581.03,92.965
2025-03-04 21:11:00,1741122660.0,581.03,581.79,580.94,581.51,146.82
2025-03-04 21:12:00,1741122720.0,581.5,581.5,580.91,580.91,74.921
2025-03-04 21:13:00,1741122780.0,580.91,582.01,580.91,581.31,221.165
2025-03-04 21:14:00,1741122840.0,581.31,581.46,581.0,581.18,201.487
2025-03-04 21:15:00,1741122900.0,581.18,582.47,581.12,582.42,376.561
2025-03-04 21:16:00,1741122960.0,582.42,582.64,582.2,582.25,59.207
2025-03-04 21:17:00,1741123020.0,582.26,582.88,582.26,582.81,67.179
2025-03-04 21:18:00,1741123080.0,582.8,584.13,582.75,583.82,372.094
2025-03-04 21:19:00,1741123140.0,583.83,583.83,582.8,583.01,141.285
2025-03-04 21:20:00,1741123200.0,583.01,583.16,582.64,583.16,665.926
2025-03-04 21:21:00,1741123260.0,583.17,583.6,583.1,583.51,117.759
2025-03-04 21:22:00,1741123320.0,583.51,583.89,583.27,583.77,295.859
2025-03-04 21:23:00,1741123380.0,583.77,585.11,583.71,584.99,298.078
2025-03-04 21:24:00,1741123440.0,584.99,586.09,584.4,585.9,578.869
2025-03-04 21:25:00,1741123500.0,585.9,587.05,585.76,586.81,382.83
2025-03-04 21:26:00,1741123560.0,586.8,587.99,586.64,587.77,546.706
2025-03-04 21:27:00,1741123620.0,587.76,587.9,587.05,587.78,328.872
2025-03-04 21:28:00,1741123680.0,587.78,588.75,587.31,588.44,720.092
2025-03-04 21:29:00,1741123740.0,588.43,588.5,587.5,587.81,94.117
2025-03-04 21:30:00,1741123800.0,587.81,587.81,585.88,586.11,328.905
2025-03-04 21:31:00,1741123860.0,586.1,587.2,586.01,586.49,318.783
2025-03-04 21:32:00,1741123920.0,586.5,587.1,586.35,586.5,202.428
2025-03-04 21:33:00,1741123980.0,586.5,586.5,585.87,586.29,257.351
2025-03-04 21:34:00,1741124040.0,586.28,586.38,585.6,585.98,82.667
2025-03-04 21:35:00,1741124100.0,585.99,585.99,585.43,585.91,98.363
2025-03-04 21:36:00,1741124160.0,585.91,586.05,585.43,585.87,47.726
2025-03-04 21:37:00,1741124220.0,585.87,586.37,585.78,586.2,99.909
2025-03-04 21:38:00,1741124280.0,586.2,586.27,585.5,585.67,107.016
2025-03-04 21:39:00,1741124340.0,585.68,585.68,584.4,584.58,277.085
2025-03-04 21:40:00,1741124400.0,584.58,584.58,583.52,584.47,160.722
2025-03-04 21:41:00,1741124460.0,584.47,585.64,584.47,585.11,403.024
2025-03-04 21:42:00,1741124520.0,585.1,585.1,584.57,584.89,67.329
2025-03-04 21:43:00,1741124580.0,584.88,585.43,584.8,585.42,66.293
2025-03-04 21:44:00,1741124640.0,585.42,585.43,585.2,585.29,44.868
2025-03-04 21:45:00,1741124700.0,585.29,585.47,584.69,584.69,115.199
2025-03-04 21:46:00,1741124760.0,584.7,584.87,584.5,584.86,40.529
2025-03-04 21:47:00,1741124820.0,584.86,585.04,584.36,584.38,149.487
2025-03-04 21:48:00,1741124880.0,584.37,585.0,584.37,584.91,167.326
2025-03-04 21:49:00,1741124940.0,584.92,585.46,584.71,585.46,146.411
2025-03-04 21:50:00,1741125000.0,585.37,586.23,585.11,585.11,378.373
2025-03-04 21:51:00,1741125060.0,585.11,585.3,584.8,585.25,197.633
2025-03-04 21:52:00,1741125120.0,585.26,585.38,584.65,584.7,69.003
2025-03-04 21:53:00,1741125180.0,584.69,584.7,584.05,584.67,154.717
2025-03-04 21:54:00,1741125240.0,584.66,585.06,584.56,585.05,57.817
2025-03-04 21:55:00,1741125300.0,585.06,585.41,585.06,585.1,50.237
2025-03-04 21:56:00,1741125360.0,585.1,585.35,585.09,585.18,24.094
2025-03-04 21:57:00,1741125420.0,585.19,585.25,584.72,584.72,82.434
2025-03-04 21:58:00,1741125480.0,584.72,585.01,584.3,585.01,83.304
2025-03-04 21:59:00,1741125540.0,585.0,585.0,584.9,584.91,33.941
2025-03-04 22:00:00,1741125600.0,584.9,584.94,584.34,584.9,62.728
2025-03-04 22:01:00,1741125660.0,584.9,585.48,584.66,585.48,54.673
2025-03-04 22:02:00,1741125720.0,585.47,585.65,585.2,585.2,141.258
2025-03-04 22:03:00,1741125780.0,585.21,585.6,585.14,585.39,32.857
2025-03-04 22:04:00,1741125840.0,585.4,585.43,584.53,584.69,53.75
2025-03-04 22:05:00,1741125900.0,584.7,585.29,584.69,585.25,49.168
2025-03-04 22:06:00,1741125960.0,585.25,585.25,584.41,584.54,46.599
2025-03-04 22:07:00,1741126020.0,584.54,584.87,584.3,584.31,72.441
2025-03-04 22:08:00,1741126080.0,584.31,584.7,584.3,584.56,67.822
2025-03-04 22:09:00,1741126140.0,584.55,584.55,584.1,584.35,90.335
2025-03-04 22:10:00,1741126200.0,584.35,584.55,584.0,584.31,222.331
2025-03-04 22:11:00,1741126260.0,584.29,584.5,584.0,584.5,53.728
2025-03-04 22:12:00,1741126320.0,584.49,584.5,584.1,584.11,108.775
2025-03-04 22:13:00,1741126380.0,584.11,584.42,584.1,584.13,62.686
2025-03-04 22:14:00,1741126440.0,584.13,584.59,584.13,584.59,132.326
2025-03-04 22:15:00,1741126500.0,584.59,585.09,584.52,585.09,78.064
2025-03-04 22:16:00,1741126560.0,585.09,585.75,585.09,585.28,253.056
2025-03-04 22:17:00,1741126620.0,585.27,585.27,584.41,584.9,82.533
2025-03-04 22:18:00,1741126680.0,584.9,584.9,584.36,584.49,98.061
2025-03-04 22:19:00,1741126740.0,584.49,584.7,584.42,584.49,44.678
2025-03-04 22:20:00,1741126800.0,584.49,585.1,584.49,585.09,32.367
2025-03-04 22:21:00,1741126860.0,585.09,585.09,584.53,584.68,87.964
2025-03-04 22:22:00,1741126920.0,584.69,584.9,584.6,584.61,37.372
2025-03-04 22:23:00,1741126980.0,584.6,584.96,584.55,584.95,19.419
2025-03-04 22:24:00,1741127040.0,584.96,585.51,584.95,585.5,84.111
2025-03-04 22:25:00,1741127100.0,585.51,586.25,585.5,585.86,67.773
2025-03-04 22:26:00,1741127160.0,585.86,586.4,585.7,586.17,60.826
2025-03-04 22:27:00,1741127220.0,586.17,586.44,585.8,585.8,239.106
2025-03-04 22:28:00,1741127280.0,585.81,586.26,585.74,586.0,103.834
2025-03-04 22:29:00,1741127340.0,585.99,586.35,585.96,585.99,52.677
2025-03-04 22:30:00,1741127400.0,585.99,586.2,585.99,586.19,44.894
2025-03-04 22:31:00,1741127460.0,586.2,586.6,586.09,586.23,113.855
2025-03-04 22:32:00,1741127520.0,586.24,586.6,586.18,586.42,215.675
2025-03-04 22:33:00,1741127580.0,586.41,586.41,586.02,586.09,64.864
2025-03-04 22:34:00,1741127640.0,586.08,586.09,585.59,585.79,43.68
2025-03-04 22:35:00,1741127700.0,585.8,586.11,585.73,586.05,42.045
2025-03-04 22:36:00,1741127760.0,586.04,586.04,585.5,585.56,22.579
2025-03-04 22:37:00,1741127820.0,585.57,585.7,585.4,585.62,179.488
2025-03-04 22:38:00,1741127880.0,585.61,585.72,585.5,585.72,42.842
2025-03-04 22:39:00,1741127940.0,585.72,585.72,585.56,585.57,32.787
2025-03-04 22:40:00,1741128000.0,585.57,585.7,585.57,585.6,65.054
2025-03-04 22:41:00,1741128060.0,585.6,586.0,585.4,585.54,153.439
2025-03-04 22:42:00,1741128120.0,585.55,585.57,585.47,585.48,56.802
2025-03-04 22:43:00,1741128180.0,585.47,585.57,585.44,585.57,72.029
2025-03-04 22:44:00,1741128240.0,585.57,585.79,585.57,585.66,22.699
2025-03-04 22:45:00,1741128300.0,585.66,585.66,585.61,585.61,50.319
2025-03-04 22:46:00,1741128360.0,585.61,585.61,585.29,585.29,51.581
2025-03-04 22:47:00,1741128420.0,585.29,585.3,585.29,585.29,14.139
2025-03-04 22:48:00,1741128480.0,585.3,585.49,585.29,585.48,124.149
2025-03-04 22:49:00,1741128540.0,585.49,585.49,585.48,585.49,18.262
2025-03-04 22:50:00,1741128600.0,585.49,585.49,585.37,585.4,46.299
2025-03-04 22:51:00,1741128660.0,585.4,585.4,584.94,584.94,130.583
2025-03-04 22:52:00,1741128720.0,584.93,584.94,584.15,584.15,57.894
2025-03-04 22:53:00,1741128780.0,584.15,584.4,584.01,584.4,86.184
2025-03-04 22:54:00,1741128840.0,584.4,584.4,584.21,584.21,30.324
2025-03-04 22:55:00,1741128900.0,584.21,584.21,584.04,584.06,83.184
2025-03-04 22:56:00,1741128960.0,584.06,584.17,583.99,584.17,104.675
2025-03-04 22:57:00,1741129020.0,584.17,584.24,583.75,584.24,670.832
2025-03-04 22:58:00,1741129080.0,584.24,584.34,583.6,583.6,332.206
2025-03-04 22:59:00,1741129140.0,583.6,584.1,583.52,583.61,99.658
2025-03-04 23:00:00,1741129200.0,583.61,584.4,583.54,584.38,120.806
2025-03-04 23:01:00,1741129260.0,584.38,584.49,583.6,583.89,127.697
2025-03-04 23:02:00,1741129320.0,583.9,584.53,583.65,584.19,429.791
2025-03-04 23:03:00,1741129380.0,584.19,584.57,584.17,584.46,61.092
2025-03-04 23:04:00,1741129440.0,584.47,584.72,584.12,584.12,135.361
2025-03-04 23:05:00,1741129500.0,584.12,584.4,583.84,584.28,43.02
2025-03-04 23:06:00,1741129560.0,584.28,584.43,584.13,584.28,229.056
2025-03-04 23:07:00,1741129620.0,584.28,584.29,583.89,584.27,219.598
2025-03-04 23:08:00,1741129680.0,584.27,584.58,584.12,584.29,493.149
2025-03-04 23:09:00,1741129740.0,584.3,584.39,584.25,584.26,36.087
2025-03-04 23:10:00,1741129800.0,584.26,584.86,584.25,584.79,48.376
2025-03-04 23:11:00,1741129860.0,584.79,584.9,584.37,584.59,54.271
2025-03-04 23:12:00,1741129920.0,584.59,584.69,584.28,584.29,72.208
2025-03-04 23:13:00,1741129980.0,584.28,584.4,584.27,584.4,18.823
2025-03-04 23:14:00,1741130040.0,584.39,584.4,584.18,584.39,37.188
2025-03-04 23:15:00,1741130100.0,584.4,584.5,584.2,584.2,36.852
2025-03-04 23:16:00,1741130160.0,584.2,584.27,583.65,583.79,141.408
2025-03-04 23:17:00,1741130220.0,583.79,583.8,583.44,583.64,163.096
2025-03-04 23:18:00,1741130280.0,583.64,583.77,582.99,583.0,206.386
2025-03-04 23:19:00,1741130340.0,582.99,583.07,582.79,582.83,63.343
2025-03-04 23:20:00,1741130400.0,582.83,582.9,582.3,582.37,148.291
2025-03-04 23:21:00,1741130460.0,582.37,582.43,581.79,582.0,243.338
2025-03-04 23:22:00,1741130520.0,581.99,582.19,581.77,582.15,186.345
2025-03-04 23:23:00,1741130580.0,582.15,582.19,581.81,582.18,187.087
2025-03-04 23:24:00,1741130640.0,582.19,582.49,582.18,582.34,57.403
2025-03-04 23:25:00,1741130700.0,582.34,583.15,582.34,583.1,150.782
2025-03-04 23:26:00,1741130760.0,583.1,583.11,582.8,582.83,35.684
2025-03-04 23:27:00,1741130820.0,582.83,582.83,582.56,582.78,55.17
2025-03-04 23:28:00,1741130880.0,582.78,583.0,582.56,582.7,162.097
2025-03-04 23:29:00,1741130940.0,582.7,582.82,582.4,582.63,145.203
2025-03-04 23:30:00,1741131000.0,582.64,582.99,582.6,582.61,61.789
2025-03-04 23:31:00,1741131060.0,582.61,582.79,582.5,582.5,12.686
2025-03-04 23:32:00,1741131120.0,582.51,582.8,582.21,582.79,44.118
2025-03-04 23:33:00,1741131180.0,582.8,582.9,582.6,582.9,13.531
2025-03-04 23:34:00,1741131240.0,582.89,583.06,582.76,582.82,27.965
2025-03-04 23:35:00,1741131300.0,582.82,583.2,582.81,582.99,61.073
2025-03-04 23:36:00,1741131360.0,583.0,583.0,582.16,582.21,112.366
2025-03-04 23:37:00,1741131420.0,582.2,582.8,582.2,582.8,20.954
2025-03-04 23:38:00,1741131480.0,582.84,583.26,582.84,582.96,41.608
2025-03-04 23:39:00,1741131540.0,582.97,583.19,582.8,582.91,40.851
2025-03-04 23:40:00,1741131600.0,582.91,583.33,582.9,583.33,79.251
2025-03-04 23:41:00,1741131660.0,583.33,583.6,583.32,583.48,18.225
2025-03-04 23:42:00,1741131720.0,583.48,583.48,583.2,583.2,68.482
2025-03-04 23:43:00,1741131780.0,583.21,583.26,583.0,583.26,29.577
2025-03-04 23:44:00,1741131840.0,583.26,583.3,582.84,583.3,102.266
2025-03-04 23:45:00,1741131900.0,583.29,583.4,583.1,583.4,43.735
2025-03-04 23:46:00,1741131960.0,583.39,583.4,583.0,583.1,38.147
2025-03-04 23:47:00,1741132020.0,583.11,583.15,582.79,582.79,40.601
2025-03-04 23:48:00,1741132080.0,582.8,583.0,582.79,582.96,15.261
2025-03-04 23:49:00,1741132140.0,582.95,583.32,582.95,583.26,109.647
2025-03-04 23:50:00,1741132200.0,583.26,583.7,583.25,583.7,31.45
2025-03-04 23:51:00,1741132260.0,583.7,583.75,583.42,583.51,89.711
2025-03-04 23:52:00,1741132320.0,583.5,583.75,583.4,583.74,101.148
2025-03-04 23:53:00,1741132380.0,583.74,583.93,583.73,583.93,21.584
2025-03-04 23:54:00,1741132440.0,583.92,584.08,583.74,583.74,99.334
2025-03-04 23:55:00,1741132500.0,583.75,583.91,583.67,583.67,33.891
2025-03-04 23:56:00,1741132560.0,583.67,583.83,583.41,583.8,115.073
2025-03-04 23:57:00,1741132620.0,583.79,583.96,583.79,583.96,18.091
2025-03-04 23:58:00,1741132680.0,583.96,583.96,583.7,583.73,89.594
2025-03-04 23:59:00,1741132740.0,583.73,584.18,583.7,584.01,69.747
