Universal Time,Unix Time,Open,High,Low,Close,Volume
2023-04-30 00:00:00,1682812800.0,1907.79,1907.8,1907.41,1907.42,75.3979
2023-04-30 00:01:00,1682812860.0,1907.42,1907.42,1907.2,1907.21,87.1318
2023-04-30 00:02:00,1682812920.0,1907.2,1907.4,1905.36,1905.46,337.5876
2023-04-30 00:03:00,1682812980.0,1905.46,1905.73,1905.45,1905.64,104.4087
2023-04-30 00:04:00,1682813040.0,1905.65,1905.73,1905.64,1905.65,140.3359
2023-04-30 00:05:00,1682813100.0,1905.66,1906.0,1905.49,1905.49,156.1023
2023-04-30 00:06:00,1682813160.0,1905.5,1905.5,1904.88,1904.89,140.7211
2023-04-30 00:07:00,1682813220.0,1904.88,1905.6,1904.88,1905.23,123.5403
2023-04-30 00:08:00,1682813280.0,1905.24,1905.24,1903.93,1904.59,232.2781
2023-04-30 00:09:00,1682813340.0,1904.59,1905.1,1904.59,1905.1,39.0049
2023-04-30 00:10:00,1682813400.0,1905.09,1905.6,1904.48,1904.49,149.7353
2023-04-30 00:11:00,1682813460.0,1904.49,1904.49,1904.48,1904.49,12.9684
2023-04-30 00:12:00,1682813520.0,1904.49,1905.02,1904.48,1905.02,40.5987
2023-04-30 00:13:00,1682813580.0,1905.01,1905.03,1904.43,1904.57,94.0284
2023-04-30 00:14:00,1682813640.0,1904.58,1904.61,1904.5,1904.5,50.7154
2023-04-30 00:15:00,1682813700.0,1904.5,1904.51,1904.5,1904.5,13.6796
2023-04-30 00:16:00,1682813760.0,1904.5,1904.51,1903.94,1904.06,55.5904
2023-04-30 00:17:00,1682813820.0,1904.05,1904.06,1903.72,1903.9,100.7596
2023-04-30 00:18:00,1682813880.0,1903.89,1904.78,1903.89,1904.35,146.6423
2023-04-30 00:19:00,1682813940.0,1904.34,1904.35,1904.34,1904.34,15.1467
2023-04-30 00:20:00,1682814000.0,1904.34,1904.35,1903.0,1903.0,133.2968
2023-04-30 00:21:00,1682814060.0,1903.0,1904.19,1903.0,1904.18,37.3751
2023-04-30 00:22:00,1682814120.0,1904.19,1904.19,1904.18,1904.18,8.6723
2023-04-30 00:23:00,1682814180.0,1904.18,1904.19,1903.81,1903.82,67.868
2023-04-30 00:24:00,1682814240.0,1903.83,1904.15,1903.82,1903.97,42.3393
2023-04-30 00:25:00,1682814300.0,1903.97,1903.97,1903.91,1903.92,12.7645
2023-04-30 00:26:00,1682814360.0,1903.91,1903.92,1903.73,1903.73,30.9556
2023-04-30 00:27:00,1682814420.0,1903.74,1903.74,1903.73,1903.73,23.6598
2023-04-30 00:28:00,1682814480.0,1903.73,1903.74,1903.73,1903.73,23.7402
2023-04-30 00:29:00,1682814540.0,1903.74,1904.57,1903.73,1904.56,96.4112
2023-04-30 00:30:00,1682814600.0,1904.57,1904.57,1903.72,1903.72,70.8015
2023-04-30 00:31:00,1682814660.0,1903.73,1903.73,1902.23,1902.41,115.8024
2023-04-30 00:32:00,1682814720.0,1902.41,1902.8,1902.32,1902.33,50.0107
2023-04-30 00:33:00,1682814780.0,1902.33,1902.34,1901.8,1901.95,73.4168
2023-04-30 00:34:00,1682814840.0,1901.94,1902.36,1901.94,1902.05,46.561
2023-04-30 00:35:00,1682814900.0,1902.05,1902.27,1901.35,1901.59,88.1195
2023-04-30 00:36:00,1682814960.0,1901.6,1902.4,1901.41,1902.39,43.828
2023-04-30 00:37:00,1682815020.0,1902.39,1902.4,1902.2,1902.21,23.3955
2023-04-30 00:38:00,1682815080.0,1902.21,1902.21,1901.8,1901.96,35.1122
2023-04-30 00:39:00,1682815140.0,1901.97,1902.5,1901.96,1902.5,78.1745
2023-04-30 00:40:00,1682815200.0,1902.49,1902.5,1902.03,1902.04,59.5382
2023-04-30 00:41:00,1682815260.0,1902.04,1902.04,1900.26,1900.75,218.8294
2023-04-30 00:42:00,1682815320.0,1900.76,1901.6,1900.75,1901.6,58.8587
2023-04-30 00:43:00,1682815380.0,1901.59,1901.8,1901.59,1901.8,53.0122
2023-04-30 00:44:00,1682815440.0,1901.79,1901.8,1901.46,1901.46,31.4934
2023-04-30 00:45:00,1682815500.0,1901.46,1901.47,1900.23,1900.56,178.7415
2023-04-30 00:46:00,1682815560.0,1900.56,1900.77,1900.42,1900.77,46.1366
2023-04-30 00:47:00,1682815620.0,1900.77,1901.02,1900.76,1901.02,61.271
2023-04-30 00:48:00,1682815680.0,1901.01,1901.2,1901.01,1901.2,78.1719
2023-04-30 00:49:00,1682815740.0,1901.19,1901.42,1901.18,1901.41,146.0271
2023-04-30 00:50:00,1682815800.0,1901.41,1901.42,1899.27,1900.2,309.2656
2023-04-30 00:51:00,1682815860.0,1900.2,1900.24,1899.95,1900.23,78.5055
2023-04-30 00:52:00,1682815920.0,1900.23,1900.83,1900.01,1900.01,110.2532
2023-04-30 00:53:00,1682815980.0,1900.02,1900.57,1900.01,1900.56,60.3784
2023-04-30 00:54:00,1682816040.0,1900.57,1900.8,1900.52,1900.53,60.8135
2023-04-30 00:55:00,1682816100.0,1900.52,1900.53,1899.05,1899.05,121.7946
2023-04-30 00:56:00,1682816160.0,1899.06,1899.74,1898.09,1898.45,364.506
2023-04-30 00:57:00,1682816220.0,1898.45,1898.81,1898.45,1898.81,63.9324
2023-04-30 00:58:00,1682816280.0,1898.81,1898.99,1898.74,1898.74,51.3161
2023-04-30 00:59:00,1682816340.0,1898.74,1898.99,1897.92,1898.98,274.3085
2023-04-30 01:00:00,1682816400.0,1898.99,1899.48,1898.01,1898.9,391.5607
2023-04-30 01:01:00,1682816460.0,1898.9,1899.08,1898.9,1899.08,80.5069
2023-04-30 01:02:00,1682816520.0,1899.07,1899.08,1899.07,1899.07,24.0899
2023-04-30 01:03:00,1682816580.0,1899.07,1899.28,1898.97,1898.98,158.3327
2023-04-30 01:04:00,1682816640.0,1898.97,1898.98,1898.97,1898.97,14.8313
2023-04-30 01:05:00,1682816700.0,1898.98,1898.98,1898.16,1898.4,121.368
2023-04-30 01:06:00,1682816760.0,1898.4,1898.95,1898.29,1898.95,53.5501
2023-04-30 01:07:00,1682816820.0,1898.94,1899.35,1898.94,1899.35,26.8214
2023-04-30 01:08:00,1682816880.0,1899.35,1899.54,1899.34,1899.53,50.5996
2023-04-30 01:09:00,1682816940.0,1899.54,1899.8,1899.53,1899.61,98.5917
2023-04-30 01:10:00,1682817000.0,1899.61,1899.62,1899.06,1899.07,275.2687
2023-04-30 01:11:00,1682817060.0,1899.06,1899.79,1899.06,1899.64,132.3618
2023-04-30 01:12:00,1682817120.0,1899.65,1899.75,1899.64,1899.74,18.3451
2023-04-30 01:13:00,1682817180.0,1899.75,1899.75,1899.74,1899.74,16.9881
2023-04-30 01:14:00,1682817240.0,1899.75,1899.75,1899.25,1899.47,87.7131
2023-04-30 01:15:00,1682817300.0,1899.46,1900.21,1899.46,1900.2,187.6174
2023-04-30 01:16:00,1682817360.0,1900.2,1900.41,1900.2,1900.41,123.4461
2023-04-30 01:17:00,1682817420.0,1900.4,1900.42,1900.08,1900.41,108.9987
2023-04-30 01:18:00,1682817480.0,1900.41,1900.95,1900.41,1900.91,61.3718
2023-04-30 01:19:00,1682817540.0,1900.9,1901.17,1900.9,1901.16,47.2377
2023-04-30 01:20:00,1682817600.0,1901.16,1901.17,1900.9,1900.91,82.1342
2023-04-30 01:21:00,1682817660.0,1900.9,1900.91,1900.79,1900.79,25.1609
2023-04-30 01:22:00,1682817720.0,1900.79,1900.8,1900.79,1900.79,23.7497
2023-04-30 01:23:00,1682817780.0,1900.8,1900.8,1900.79,1900.79,13.871
2023-04-30 01:24:00,1682817840.0,1900.79,1900.8,1899.88,1899.88,85.8052
2023-04-30 01:25:00,1682817900.0,1899.89,1899.89,1897.2,1897.55,365.5573
2023-04-30 01:26:00,1682817960.0,1897.55,1898.89,1897.54,1898.89,163.5153
2023-04-30 01:27:00,1682818020.0,1898.88,1898.89,1898.2,1898.3,106.3829
2023-04-30 01:28:00,1682818080.0,1898.29,1898.78,1898.2,1898.78,65.165
2023-04-30 01:29:00,1682818140.0,1898.77,1898.78,1898.77,1898.78,18.5393
2023-04-30 01:30:00,1682818200.0,1898.77,1898.78,1898.26,1898.77,94.7314
2023-04-30 01:31:00,1682818260.0,1898.77,1899.39,1898.77,1899.39,24.9908
2023-04-30 01:32:00,1682818320.0,1899.39,1899.66,1899.38,1899.55,83.5275
2023-04-30 01:33:00,1682818380.0,1899.55,1899.55,1898.43,1898.44,155.5322
2023-04-30 01:34:00,1682818440.0,1898.43,1898.84,1898.43,1898.61,125.5783
2023-04-30 01:35:00,1682818500.0,1898.61,1898.78,1895.72,1897.34,419.4846
2023-04-30 01:36:00,1682818560.0,1897.33,1897.34,1895.03,1896.36,482.7123
2023-04-30 01:37:00,1682818620.0,1896.35,1896.99,1896.35,1896.98,77.8656
2023-04-30 01:38:00,1682818680.0,1896.99,1897.6,1896.98,1897.13,98.7574
2023-04-30 01:39:00,1682818740.0,1897.13,1897.32,1896.9,1897.32,69.3999
2023-04-30 01:40:00,1682818800.0,1897.31,1897.32,1896.84,1896.84,68.7934
2023-04-30 01:41:00,1682818860.0,1896.84,1897.08,1896.67,1897.08,87.7607
2023-04-30 01:42:00,1682818920.0,1897.07,1897.2,1897.07,1897.19,31.2724
2023-04-30 01:43:00,1682818980.0,1897.19,1897.46,1896.95,1897.46,83.1553
2023-04-30 01:44:00,1682819040.0,1897.45,1897.68,1897.45,1897.67,45.1108
2023-04-30 01:45:00,1682819100.0,1897.67,1897.98,1897.21,1897.21,119.8745
2023-04-30 01:46:00,1682819160.0,1897.22,1897.22,1895.4,1895.4,147.6702
2023-04-30 01:47:00,1682819220.0,1895.4,1896.8,1895.4,1896.8,135.0916
2023-04-30 01:48:00,1682819280.0,1896.79,1897.46,1896.79,1897.31,133.6823
2023-04-30 01:49:00,1682819340.0,1897.31,1897.96,1897.3,1897.54,74.6404
2023-04-30 01:50:00,1682819400.0,1897.54,1897.92,1897.54,1897.92,48.4969
2023-04-30 01:51:00,1682819460.0,1897.92,1897.92,1896.99,1897.0,126.4737
2023-04-30 01:52:00,1682819520.0,1896.99,1897.0,1896.58,1896.58,40.8082
2023-04-30 01:53:00,1682819580.0,1896.59,1896.59,1896.5,1896.51,83.2003
2023-04-30 01:54:00,1682819640.0,1896.5,1897.0,1896.06,1896.06,101.107
2023-04-30 01:55:00,1682819700.0,1896.07,1896.07,1895.68,1896.05,82.2499
2023-04-30 01:56:00,1682819760.0,1896.06,1896.15,1896.05,1896.14,34.7211
2023-04-30 01:57:00,1682819820.0,1896.15,1896.15,1895.53,1895.72,82.1308
2023-04-30 01:58:00,1682819880.0,1895.72,1895.73,1893.23,1894.7,468.8073
2023-04-30 01:59:00,1682819940.0,1894.7,1894.7,1893.4,1894.18,196.1594
2023-04-30 02:00:00,1682820000.0,1894.18,1894.2,1893.18,1894.19,276.781
2023-04-30 02:01:00,1682820060.0,1894.19,1894.58,1893.14,1894.58,203.3425
2023-04-30 02:02:00,1682820120.0,1894.57,1894.58,1894.02,1894.39,60.7249
2023-04-30 02:03:00,1682820180.0,1894.38,1894.92,1894.09,1894.2,193.8065
2023-04-30 02:04:00,1682820240.0,1894.2,1895.17,1894.2,1895.16,96.2076
2023-04-30 02:05:00,1682820300.0,1895.16,1895.17,1894.93,1895.16,94.4531
2023-04-30 02:06:00,1682820360.0,1895.17,1895.29,1895.16,1895.29,37.8607
2023-04-30 02:07:00,1682820420.0,1895.28,1895.97,1895.28,1895.96,186.8235
2023-04-30 02:08:00,1682820480.0,1895.96,1896.1,1895.96,1896.01,106.6099
2023-04-30 02:09:00,1682820540.0,1896.0,1896.33,1896.0,1896.32,29.462
2023-04-30 02:10:00,1682820600.0,1896.33,1896.33,1896.32,1896.33,38.1564
2023-04-30 02:11:00,1682820660.0,1896.33,1896.4,1895.89,1896.4,86.8161
2023-04-30 02:12:00,1682820720.0,1896.39,1896.55,1896.39,1896.55,25.4573
2023-04-30 02:13:00,1682820780.0,1896.55,1896.55,1895.42,1895.81,134.0378
2023-04-30 02:14:00,1682820840.0,1895.82,1895.82,1895.22,1895.22,50.0821
2023-04-30 02:15:00,1682820900.0,1895.23,1896.4,1894.67,1896.4,198.6393
2023-04-30 02:16:00,1682820960.0,1896.4,1896.64,1896.1,1896.22,252.2661
2023-04-30 02:17:00,1682821020.0,1896.22,1896.22,1895.72,1896.05,131.7695
2023-04-30 02:18:00,1682821080.0,1896.04,1896.05,1895.74,1896.0,62.449
2023-04-30 02:19:00,1682821140.0,1896.0,1896.0,1895.99,1896.0,13.0819
2023-04-30 02:20:00,1682821200.0,1896.0,1896.0,1895.8,1895.8,65.2085
2023-04-30 02:21:00,1682821260.0,1895.81,1896.0,1895.8,1895.99,45.0644
2023-04-30 02:22:00,1682821320.0,1896.0,1896.84,1895.99,1896.83,78.4751
2023-04-30 02:23:00,1682821380.0,1896.83,1897.4,1896.8,1897.39,146.9839
2023-04-30 02:24:00,1682821440.0,1897.4,1897.4,1897.15,1897.15,26.6688
2023-04-30 02:25:00,1682821500.0,1897.16,1897.16,1895.88,1896.37,146.9934
2023-04-30 02:26:00,1682821560.0,1896.38,1896.38,1896.37,1896.38,11.4374
2023-04-30 02:27:00,1682821620.0,1896.37,1896.49,1896.37,1896.48,13.8127
2023-04-30 02:28:00,1682821680.0,1896.49,1896.7,1895.87,1895.88,267.0749
2023-04-30 02:29:00,1682821740.0,1895.87,1896.08,1895.87,1895.97,30.3855
2023-04-30 02:30:00,1682821800.0,1895.96,1896.51,1895.45,1896.5,184.304
2023-04-30 02:31:00,1682821860.0,1896.5,1897.37,1896.5,1896.99,214.8831
2023-04-30 02:32:00,1682821920.0,1897.0,1897.0,1896.83,1896.99,153.3366
2023-04-30 02:33:00,1682821980.0,1896.99,1897.0,1896.64,1896.65,84.777
2023-04-30 02:34:00,1682822040.0,1896.64,1896.78,1896.64,1896.65,51.7683
2023-04-30 02:35:00,1682822100.0,1896.65,1896.65,1896.06,1896.07,145.2144
2023-04-30 02:36:00,1682822160.0,1896.06,1896.07,1896.06,1896.06,11.3174
2023-04-30 02:37:00,1682822220.0,1896.06,1896.07,1895.66,1895.66,46.3184
2023-04-30 02:38:00,1682822280.0,1895.67,1895.82,1895.66,1895.82,26.7187
2023-04-30 02:39:00,1682822340.0,1895.81,1895.82,1895.68,1895.68,18.5888
2023-04-30 02:40:00,1682822400.0,1895.68,1896.17,1895.43,1896.17,63.7135
2023-04-30 02:41:00,1682822460.0,1896.17,1896.17,1896.11,1896.12,12.2321
2023-04-30 02:42:00,1682822520.0,1896.11,1896.4,1896.11,1896.39,86.9213
2023-04-30 02:43:00,1682822580.0,1896.39,1896.4,1896.38,1896.39,72.1801
2023-04-30 02:44:00,1682822640.0,1896.39,1896.39,1896.1,1896.1,90.7254
2023-04-30 02:45:00,1682822700.0,1896.11,1896.11,1895.53,1895.54,67.501
2023-04-30 02:46:00,1682822760.0,1895.53,1895.76,1895.53,1895.75,51.2035
2023-04-30 02:47:00,1682822820.0,1895.75,1895.76,1895.75,1895.75,18.4638
2023-04-30 02:48:00,1682822880.0,1895.76,1896.93,1895.75,1896.92,105.8241
2023-04-30 02:49:00,1682822940.0,1896.93,1896.93,1896.4,1896.4,55.0108
2023-04-30 02:50:00,1682823000.0,1896.41,1896.41,1896.1,1896.11,111.2785
2023-04-30 02:51:00,1682823060.0,1896.1,1896.8,1896.1,1896.79,51.6022
2023-04-30 02:52:00,1682823120.0,1896.79,1896.98,1896.79,1896.98,12.1568
2023-04-30 02:53:00,1682823180.0,1896.97,1896.98,1896.94,1896.94,37.3452
2023-04-30 02:54:00,1682823240.0,1896.95,1896.95,1896.94,1896.94,64.939
2023-04-30 02:55:00,1682823300.0,1896.94,1896.95,1896.66,1896.67,50.7754
2023-04-30 02:56:00,1682823360.0,1896.66,1897.42,1896.66,1897.41,704.0604
2023-04-30 02:57:00,1682823420.0,1897.41,1898.78,1897.41,1898.29,287.9795
2023-04-30 02:58:00,1682823480.0,1898.3,1898.88,1898.29,1898.36,90.1457
2023-04-30 02:59:00,1682823540.0,1898.37,1898.4,1898.02,1898.4,111.1148
2023-04-30 03:00:00,1682823600.0,1898.4,1898.41,1898.24,1898.24,50.3985
2023-04-30 03:01:00,1682823660.0,1898.24,1898.25,1898.08,1898.08,43.449
2023-04-30 03:02:00,1682823720.0,1898.09,1898.09,1898.08,1898.08,39.9581
2023-04-30 03:03:00,1682823780.0,1898.08,1898.31,1898.08,1898.3,32.1556
2023-04-30 03:04:00,1682823840.0,1898.3,1898.31,1898.3,1898.31,17.3154
2023-04-30 03:05:00,1682823900.0,1898.3,1898.31,1898.12,1898.12,76.7185
2023-04-30 03:06:00,1682823960.0,1898.13,1898.13,1898.02,1898.03,31.528
2023-04-30 03:07:00,1682824020.0,1898.03,1898.9,1898.0,1898.65,175.2662
2023-04-30 03:08:00,1682824080.0,1898.66,1898.66,1898.27,1898.27,90.1037
2023-04-30 03:09:00,1682824140.0,1898.27,1898.28,1898.15,1898.15,47.2322
2023-04-30 03:10:00,1682824200.0,1898.15,1898.16,1898.15,1898.15,29.5745
2023-04-30 03:11:00,1682824260.0,1898.16,1898.16,1898.15,1898.16,34.1396
2023-04-30 03:12:00,1682824320.0,1898.16,1898.16,1897.98,1897.99,29.0049
2023-04-30 03:13:00,1682824380.0,1897.99,1897.99,1897.54,1897.55,80.2137
2023-04-30 03:14:00,1682824440.0,1897.55,1897.55,1897.36,1897.36,33.3587
2023-04-30 03:15:00,1682824500.0,1897.37,1897.37,1896.66,1896.67,25.0303
2023-04-30 03:16:00,1682824560.0,1896.66,1896.66,1895.91,1895.91,87.3232
2023-04-30 03:17:00,1682824620.0,1895.91,1895.92,1895.91,1895.92,13.1334
2023-04-30 03:18:00,1682824680.0,1895.92,1895.92,1894.96,1894.97,129.0578
2023-04-30 03:19:00,1682824740.0,1894.97,1896.09,1894.88,1896.08,106.8352
2023-04-30 03:20:00,1682824800.0,1896.09,1896.09,1895.24,1895.54,106.6956
2023-04-30 03:21:00,1682824860.0,1895.53,1895.93,1895.53,1895.92,72.5772
2023-04-30 03:22:00,1682824920.0,1895.92,1896.44,1895.92,1896.18,99.2444
2023-04-30 03:23:00,1682824980.0,1896.18,1896.19,1895.88,1896.19,112.8756
2023-04-30 03:24:00,1682825040.0,1896.19,1896.19,1895.89,1895.89,29.1517
2023-04-30 03:25:00,1682825100.0,1895.89,1895.9,1895.89,1895.89,11.8253
2023-04-30 03:26:00,1682825160.0,1895.89,1895.9,1895.4,1895.41,43.0972
2023-04-30 03:27:00,1682825220.0,1895.41,1895.73,1895.4,1895.73,35.5758
2023-04-30 03:28:00,1682825280.0,1895.73,1896.49,1895.72,1896.49,27.4827
2023-04-30 03:29:00,1682825340.0,1896.48,1896.59,1896.38,1896.39,53.2709
2023-04-30 03:30:00,1682825400.0,1896.39,1896.39,1895.88,1896.03,50.857
2023-04-30 03:31:00,1682825460.0,1896.03,1896.72,1895.94,1896.72,86.2089
2023-04-30 03:32:00,1682825520.0,1896.72,1896.73,1896.71,1896.73,13.0185
2023-04-30 03:33:00,1682825580.0,1896.73,1896.78,1896.72,1896.78,20.7742
2023-04-30 03:34:00,1682825640.0,1896.77,1896.82,1896.61,1896.62,27.514
2023-04-30 03:35:00,1682825700.0,1896.61,1896.62,1896.61,1896.62,37.9501
2023-04-30 03:36:00,1682825760.0,1896.62,1897.36,1896.61,1897.35,29.2597
2023-04-30 03:37:00,1682825820.0,1897.35,1897.36,1897.35,1897.36,33.1851
2023-04-30 03:38:00,1682825880.0,1897.35,1897.36,1897.35,1897.35,14.9992
2023-04-30 03:39:00,1682825940.0,1897.35,1897.36,1897.0,1897.01,67.9345
2023-04-30 03:40:00,1682826000.0,1897.0,1897.25,1897.0,1897.24,35.7508
2023-04-30 03:41:00,1682826060.0,1897.25,1897.25,1896.82,1896.82,35.1733
2023-04-30 03:42:00,1682826120.0,1896.83,1897.09,1896.82,1897.08,45.2056
2023-04-30 03:43:00,1682826180.0,1897.09,1897.09,1897.08,1897.09,12.528
2023-04-30 03:44:00,1682826240.0,1897.09,1897.09,1896.42,1896.43,38.9311
2023-04-30 03:45:00,1682826300.0,1896.42,1896.64,1896.2,1896.64,91.4322
2023-04-30 03:46:00,1682826360.0,1896.64,1897.18,1896.63,1897.17,40.8659
2023-04-30 03:47:00,1682826420.0,1897.18,1897.29,1897.17,1897.28,27.6133
2023-04-30 03:48:00,1682826480.0,1897.29,1897.6,1897.28,1897.6,42.218
2023-04-30 03:49:00,1682826540.0,1897.6,1897.61,1897.52,1897.52,35.704
2023-04-30 03:50:00,1682826600.0,1897.53,1897.53,1896.83,1896.91,167.3754
2023-04-30 03:51:00,1682826660.0,1896.91,1896.91,1895.72,1895.72,102.8512
2023-04-30 03:52:00,1682826720.0,1895.73,1895.73,1895.72,1895.72,4.3023
2023-04-30 03:53:00,1682826780.0,1895.72,1895.73,1895.72,1895.72,12.1888
2023-04-30 03:54:00,1682826840.0,1895.73,1895.73,1895.72,1895.73,40.0613
2023-04-30 03:55:00,1682826900.0,1895.72,1895.73,1894.64,1894.65,136.8078
2023-04-30 03:56:00,1682826960.0,1894.65,1894.65,1893.0,1894.49,284.8064
2023-04-30 03:57:00,1682827020.0,1894.49,1895.24,1894.49,1895.24,19.5777
2023-04-30 03:58:00,1682827080.0,1895.24,1895.8,1895.23,1895.79,42.1875
2023-04-30 03:59:00,1682827140.0,1895.8,1896.44,1895.79,1896.25,59.6445
2023-04-30 04:00:00,1682827200.0,1896.25,1896.26,1893.26,1894.72,484.2862
2023-04-30 04:01:00,1682827260.0,1894.73,1894.73,1893.0,1893.99,191.7248
2023-04-30 04:02:00,1682827320.0,1893.99,1894.69,1893.4,1894.69,124.2709
2023-04-30 04:03:00,1682827380.0,1894.69,1894.69,1893.5,1894.59,209.2865
2023-04-30 04:04:00,1682827440.0,1894.6,1895.3,1894.59,1895.1,153.6366
2023-04-30 04:05:00,1682827500.0,1895.1,1895.1,1894.84,1894.88,68.0981
2023-04-30 04:06:00,1682827560.0,1894.88,1895.3,1894.88,1895.3,91.3924
2023-04-30 04:07:00,1682827620.0,1895.29,1895.43,1895.29,1895.42,99.126
2023-04-30 04:08:00,1682827680.0,1895.42,1895.74,1895.42,1895.52,86.9243
2023-04-30 04:09:00,1682827740.0,1895.52,1895.87,1895.52,1895.87,37.8767
2023-04-30 04:10:00,1682827800.0,1895.86,1896.13,1895.54,1895.54,70.0939
2023-04-30 04:11:00,1682827860.0,1895.55,1895.55,1895.21,1895.21,39.7516
2023-04-30 04:12:00,1682827920.0,1895.22,1895.22,1895.03,1895.03,29.2341
2023-04-30 04:13:00,1682827980.0,1895.04,1895.04,1895.03,1895.03,14.624
2023-04-30 04:14:00,1682828040.0,1895.03,1895.53,1895.03,1895.34,139.1362
2023-04-30 04:15:00,1682828100.0,1895.34,1895.49,1895.33,1895.49,42.9754
2023-04-30 04:16:00,1682828160.0,1895.48,1896.19,1895.48,1896.18,119.8267
2023-04-30 04:17:00,1682828220.0,1896.18,1896.38,1896.18,1896.38,38.1297
2023-04-30 04:18:00,1682828280.0,1896.38,1896.82,1896.37,1896.41,156.4859
2023-04-30 04:19:00,1682828340.0,1896.4,1896.41,1896.4,1896.4,7.2585
2023-04-30 04:20:00,1682828400.0,1896.41,1896.41,1896.4,1896.41,23.9544
2023-04-30 04:21:00,1682828460.0,1896.41,1896.41,1896.0,1896.0,79.121
2023-04-30 04:22:00,1682828520.0,1896.01,1896.01,1896.0,1896.01,11.1269
2023-04-30 04:23:00,1682828580.0,1896.0,1896.43,1895.07,1895.6,237.2017
2023-04-30 04:24:00,1682828640.0,1895.59,1895.6,1895.4,1895.4,10.0754
2023-04-30 04:25:00,1682828700.0,1895.41,1895.41,1894.69,1894.69,45.4954
2023-04-30 04:26:00,1682828760.0,1894.69,1895.41,1894.69,1895.41,136.8401
2023-04-30 04:27:00,1682828820.0,1895.4,1895.41,1895.4,1895.4,10.6759
2023-04-30 04:28:00,1682828880.0,1895.41,1895.41,1895.32,1895.32,16.6876
2023-04-30 04:29:00,1682828940.0,1895.33,1895.33,1895.21,1895.21,53.8989
2023-04-30 04:30:00,1682829000.0,1895.21,1895.72,1895.21,1895.71,49.1883
2023-04-30 04:31:00,1682829060.0,1895.72,1895.72,1895.48,1895.54,46.0388
2023-04-30 04:32:00,1682829120.0,1895.53,1895.79,1895.53,1895.78,30.0471
2023-04-30 04:33:00,1682829180.0,1895.79,1895.79,1895.62,1895.63,25.8868
2023-04-30 04:34:00,1682829240.0,1895.62,1895.79,1895.62,1895.78,62.2053
2023-04-30 04:35:00,1682829300.0,1895.79,1896.09,1895.78,1896.08,67.5877
2023-04-30 04:36:00,1682829360.0,1896.09,1896.35,1896.08,1896.34,19.6411
2023-04-30 04:37:00,1682829420.0,1896.34,1896.35,1896.32,1896.32,30.2302
2023-04-30 04:38:00,1682829480.0,1896.32,1896.69,1896.32,1896.68,23.2113
2023-04-30 04:39:00,1682829540.0,1896.69,1896.69,1896.68,1896.69,18.9845
2023-04-30 04:40:00,1682829600.0,1896.69,1897.35,1896.42,1896.63,154.1323
2023-04-30 04:41:00,1682829660.0,1896.64,1897.39,1896.63,1897.28,98.2365
2023-04-30 04:42:00,1682829720.0,1897.27,1897.28,1897.27,1897.27,12.0543
2023-04-30 04:43:00,1682829780.0,1897.28,1897.48,1897.27,1897.47,23.5578
2023-04-30 04:44:00,1682829840.0,1897.47,1897.48,1897.39,1897.4,32.8247
2023-04-30 04:45:00,1682829900.0,1897.39,1897.72,1897.39,1897.71,33.6838
2023-04-30 04:46:00,1682829960.0,1897.71,1898.31,1897.71,1898.31,55.3806
2023-04-30 04:47:00,1682830020.0,1898.3,1898.31,1898.09,1898.1,81.3635
2023-04-30 04:48:00,1682830080.0,1898.1,1898.4,1898.0,1898.38,137.3276
2023-04-30 04:49:00,1682830140.0,1898.37,1898.69,1898.37,1898.69,33.8343
2023-04-30 04:50:00,1682830200.0,1898.69,1898.74,1898.22,1898.71,100.6659
2023-04-30 04:51:00,1682830260.0,1898.71,1899.24,1898.26,1899.05,228.2051
2023-04-30 04:52:00,1682830320.0,1899.05,1899.06,1898.83,1898.83,52.1269
2023-04-30 04:53:00,1682830380.0,1898.84,1898.84,1898.39,1898.4,27.9014
2023-04-30 04:54:00,1682830440.0,1898.39,1899.0,1898.39,1899.0,80.9816
2023-04-30 04:55:00,1682830500.0,1898.99,1899.06,1897.42,1897.42,147.9377
2023-04-30 04:56:00,1682830560.0,1897.42,1897.68,1897.4,1897.4,53.11
2023-04-30 04:57:00,1682830620.0,1897.41,1897.54,1897.4,1897.53,10.6181
2023-04-30 04:58:00,1682830680.0,1897.53,1898.36,1897.53,1898.35,52.5701
2023-04-30 04:59:00,1682830740.0,1898.36,1898.48,1897.86,1897.87,117.8675
2023-04-30 05:00:00,1682830800.0,1897.86,1897.87,1896.4,1896.4,459.7403
2023-04-30 05:01:00,1682830860.0,1896.4,1897.08,1896.0,1896.88,288.3442
2023-04-30 05:02:00,1682830920.0,1896.87,1896.88,1896.87,1896.88,32.9884
2023-04-30 05:03:00,1682830980.0,1896.87,1897.39,1896.87,1897.39,81.4035
2023-04-30 05:04:00,1682831040.0,1897.38,1897.74,1897.38,1897.74,99.4131
2023-04-30 05:05:00,1682831100.0,1897.74,1897.74,1897.4,1897.41,67.4093
2023-04-30 05:06:00,1682831160.0,1897.4,1897.41,1897.2,1897.39,31.8312
2023-04-30 05:07:00,1682831220.0,1897.39,1897.6,1897.25,1897.6,49.0791
2023-04-30 05:08:00,1682831280.0,1897.59,1897.6,1897.59,1897.59,8.0405
2023-04-30 05:09:00,1682831340.0,1897.59,1897.6,1897.59,1897.59,26.8242
2023-04-30 05:10:00,1682831400.0,1897.6,1898.27,1897.59,1898.26,98.3116
2023-04-30 05:11:00,1682831460.0,1898.26,1898.39,1898.15,1898.37,335.1633
2023-04-30 05:12:00,1682831520.0,1898.37,1898.82,1898.36,1898.79,217.8559
2023-04-30 05:13:00,1682831580.0,1898.78,1898.87,1898.66,1898.74,67.5389
2023-04-30 05:14:00,1682831640.0,1898.74,1899.31,1898.74,1899.31,100.0215
2023-04-30 05:15:00,1682831700.0,1899.3,1899.31,1898.78,1898.78,125.1465
2023-04-30 05:16:00,1682831760.0,1898.79,1898.79,1898.44,1898.45,57.857
2023-04-30 05:17:00,1682831820.0,1898.45,1898.58,1898.45,1898.51,78.3429
2023-04-30 05:18:00,1682831880.0,1898.51,1898.52,1898.51,1898.52,5.6305
2023-04-30 05:19:00,1682831940.0,1898.51,1898.53,1897.8,1897.8,36.5345
2023-04-30 05:20:00,1682832000.0,1897.8,1897.81,1897.57,1897.75,35.6415
2023-04-30 05:21:00,1682832060.0,1897.76,1898.12,1897.75,1898.12,61.0373
2023-04-30 05:22:00,1682832120.0,1898.12,1898.45,1898.11,1898.45,62.7006
2023-04-30 05:23:00,1682832180.0,1898.45,1898.89,1898.44,1898.89,15.8816
2023-04-30 05:24:00,1682832240.0,1898.89,1899.1,1898.55,1898.55,64.8273
2023-04-30 05:25:00,1682832300.0,1898.55,1898.68,1898.55,1898.68,11.7514
2023-04-30 05:26:00,1682832360.0,1898.68,1899.01,1898.67,1899.01,50.4144
2023-04-30 05:27:00,1682832420.0,1899.0,1899.1,1898.14,1898.8,291.9418
2023-04-30 05:28:00,1682832480.0,1898.79,1898.84,1898.31,1898.32,45.9669
2023-04-30 05:29:00,1682832540.0,1898.31,1898.4,1898.13,1898.39,77.9641
2023-04-30 05:30:00,1682832600.0,1898.4,1898.88,1898.39,1898.88,32.7823
2023-04-30 05:31:00,1682832660.0,1898.88,1899.87,1898.87,1899.36,563.9037
2023-04-30 05:32:00,1682832720.0,1899.36,1899.37,1899.1,1899.23,105.8662
2023-04-30 05:33:00,1682832780.0,1899.23,1899.23,1899.22,1899.23,8.8453
2023-04-30 05:34:00,1682832840.0,1899.23,1899.23,1898.46,1898.53,136.6831
2023-04-30 05:35:00,1682832900.0,1898.53,1898.53,1898.32,1898.32,69.8553
2023-04-30 05:36:00,1682832960.0,1898.33,1898.33,1898.16,1898.16,67.1913
2023-04-30 05:37:00,1682833020.0,1898.16,1898.17,1898.16,1898.16,12.9101
2023-04-30 05:38:00,1682833080.0,1898.17,1898.49,1898.16,1898.49,69.4177
2023-04-30 05:39:00,1682833140.0,1898.49,1898.49,1898.48,1898.49,6.4138
2023-04-30 05:40:00,1682833200.0,1898.48,1898.49,1898.15,1898.26,99.1052
2023-04-30 05:41:00,1682833260.0,1898.26,1898.99,1898.25,1898.98,61.7953
2023-04-30 05:42:00,1682833320.0,1898.98,1899.07,1898.98,1899.06,12.2571
2023-04-30 05:43:00,1682833380.0,1899.07,1899.49,1899.06,1899.48,27.7191
2023-04-30 05:44:00,1682833440.0,1899.48,1899.49,1899.35,1899.35,37.2942
2023-04-30 05:45:00,1682833500.0,1899.36,1899.47,1899.35,1899.46,28.6303
2023-04-30 05:46:00,1682833560.0,1899.47,1899.69,1899.46,1899.69,70.642
2023-04-30 05:47:00,1682833620.0,1899.69,1899.76,1899.32,1899.32,66.5862
2023-04-30 05:48:00,1682833680.0,1899.33,1900.26,1899.09,1900.25,340.1537
2023-04-30 05:49:00,1682833740.0,1900.24,1900.4,1900.24,1900.3,66.9282
2023-04-30 05:50:00,1682833800.0,1900.31,1900.33,1900.3,1900.32,40.9261
2023-04-30 05:51:00,1682833860.0,1900.32,1900.33,1900.22,1900.23,59.0668
2023-04-30 05:52:00,1682833920.0,1900.23,1900.35,1900.22,1900.35,23.5574
2023-04-30 05:53:00,1682833980.0,1900.34,1900.35,1900.22,1900.22,65.1769
2023-04-30 05:54:00,1682834040.0,1900.23,1900.47,1900.22,1900.47,79.6905
2023-04-30 05:55:00,1682834100.0,1900.46,1900.47,1900.24,1900.24,129.2879
2023-04-30 05:56:00,1682834160.0,1900.24,1901.58,1900.24,1901.05,227.8676
2023-04-30 05:57:00,1682834220.0,1901.04,1901.8,1901.0,1901.8,72.3825
2023-04-30 05:58:00,1682834280.0,1901.79,1903.25,1901.79,1903.04,354.1716
2023-04-30 05:59:00,1682834340.0,1903.05,1903.89,1902.27,1903.59,398.03
2023-04-30 06:00:00,1682834400.0,1903.58,1904.45,1903.45,1903.93,440.9697
2023-04-30 06:01:00,1682834460.0,1903.94,1904.0,1903.61,1903.92,130.3641
2023-04-30 06:02:00,1682834520.0,1903.93,1904.2,1903.64,1904.2,76.21
2023-04-30 06:03:00,1682834580.0,1904.2,1904.2,1904.04,1904.04,54.6541
2023-04-30 06:04:00,1682834640.0,1904.05,1904.38,1904.04,1904.38,46.7209
2023-04-30 06:05:00,1682834700.0,1904.37,1904.66,1904.05,1904.06,137.8448
2023-04-30 06:06:00,1682834760.0,1904.05,1904.17,1903.81,1903.86,79.9542
2023-04-30 06:07:00,1682834820.0,1903.86,1903.87,1903.51,1903.52,33.1038
2023-04-30 06:08:00,1682834880.0,1903.52,1903.52,1903.22,1903.23,52.8571
2023-04-30 06:09:00,1682834940.0,1903.22,1903.84,1903.22,1903.45,61.764
2023-04-30 06:10:00,1682835000.0,1903.45,1903.46,1903.34,1903.34,20.1824
2023-04-30 06:11:00,1682835060.0,1903.35,1903.47,1903.34,1903.47,53.5089
2023-04-30 06:12:00,1682835120.0,1903.46,1903.47,1903.46,1903.46,10.4084
2023-04-30 06:13:00,1682835180.0,1903.47,1903.47,1903.35,1903.35,41.6843
2023-04-30 06:14:00,1682835240.0,1903.36,1904.0,1903.35,1903.72,129.1332
2023-04-30 06:15:00,1682835300.0,1903.73,1905.0,1903.72,1904.86,539.1297
2023-04-30 06:16:00,1682835360.0,1904.87,1904.87,1904.05,1904.05,82.0278
2023-04-30 06:17:00,1682835420.0,1904.06,1904.95,1903.76,1904.19,284.2433
2023-04-30 06:18:00,1682835480.0,1904.18,1904.36,1904.18,1904.36,14.4968
2023-04-30 06:19:00,1682835540.0,1904.35,1904.36,1904.06,1904.06,70.9339
2023-04-30 06:20:00,1682835600.0,1904.07,1904.07,1903.8,1903.81,36.4586
2023-04-30 06:21:00,1682835660.0,1903.8,1904.0,1903.72,1903.99,38.718
2023-04-30 06:22:00,1682835720.0,1904.0,1904.0,1903.78,1903.78,68.4139
2023-04-30 06:23:00,1682835780.0,1903.79,1903.79,1903.54,1903.54,56.9087
2023-04-30 06:24:00,1682835840.0,1903.55,1903.55,1902.71,1902.71,79.6253
2023-04-30 06:25:00,1682835900.0,1902.71,1903.44,1902.45,1903.43,103.4236
2023-04-30 06:26:00,1682835960.0,1903.43,1903.44,1903.27,1903.28,35.5778
2023-04-30 06:27:00,1682836020.0,1903.28,1903.28,1902.22,1902.6,194.917
2023-04-30 06:28:00,1682836080.0,1902.6,1902.6,1902.1,1902.1,67.7659
2023-04-30 06:29:00,1682836140.0,1902.11,1902.11,1901.83,1901.83,25.5178
2023-04-30 06:30:00,1682836200.0,1901.84,1901.93,1901.83,1901.92,26.9363
2023-04-30 06:31:00,1682836260.0,1901.93,1902.1,1901.92,1902.09,45.3667
2023-04-30 06:32:00,1682836320.0,1902.09,1902.8,1902.08,1902.8,40.641
2023-04-30 06:33:00,1682836380.0,1902.79,1903.37,1902.79,1903.36,58.7488
2023-04-30 06:34:00,1682836440.0,1903.36,1903.37,1903.18,1903.19,16.3439
2023-04-30 06:35:00,1682836500.0,1903.19,1903.19,1903.18,1903.18,19.2433
2023-04-30 06:36:00,1682836560.0,1903.19,1903.44,1903.18,1903.43,26.8841
2023-04-30 06:37:00,1682836620.0,1903.44,1903.48,1903.09,1903.47,39.8802
2023-04-30 06:38:00,1682836680.0,1903.47,1903.48,1902.61,1902.84,104.1875
2023-04-30 06:39:00,1682836740.0,1902.83,1902.84,1902.83,1902.84,14.4391
2023-04-30 06:40:00,1682836800.0,1902.84,1903.48,1902.83,1903.47,43.7601
2023-04-30 06:41:00,1682836860.0,1903.47,1903.69,1903.47,1903.68,59.2856
2023-04-30 06:42:00,1682836920.0,1903.69,1904.38,1903.68,1904.21,88.8999
2023-04-30 06:43:00,1682836980.0,1904.22,1904.22,1904.0,1904.07,83.6973
2023-04-30 06:44:00,1682837040.0,1904.08,1904.29,1904.08,1904.29,27.4057
2023-04-30 06:45:00,1682837100.0,1904.28,1905.62,1904.28,1904.83,151.8716
2023-04-30 06:46:00,1682837160.0,1904.83,1904.83,1903.97,1903.97,74.4054
2023-04-30 06:47:00,1682837220.0,1903.97,1903.98,1903.67,1903.69,89.9187
2023-04-30 06:48:00,1682837280.0,1903.68,1903.74,1903.68,1903.73,38.4722
2023-04-30 06:49:00,1682837340.0,1903.74,1904.25,1903.73,1903.95,141.7689
2023-04-30 06:50:00,1682837400.0,1903.95,1904.36,1903.69,1903.69,91.5806
2023-04-30 06:51:00,1682837460.0,1903.69,1903.86,1903.69,1903.73,60.1058
2023-04-30 06:52:00,1682837520.0,1903.73,1903.78,1903.72,1903.78,24.1525
2023-04-30 06:53:00,1682837580.0,1903.78,1904.18,1903.77,1904.18,30.387
2023-04-30 06:54:00,1682837640.0,1904.17,1904.48,1904.17,1904.27,67.3472
2023-04-30 06:55:00,1682837700.0,1904.26,1904.27,1904.26,1904.26,27.9451
2023-04-30 06:56:00,1682837760.0,1904.26,1904.46,1904.26,1904.27,85.9473
2023-04-30 06:57:00,1682837820.0,1904.26,1904.27,1904.05,1904.05,61.7749
2023-04-30 06:58:00,1682837880.0,1904.05,1904.06,1903.45,1903.65,105.8692
2023-04-30 06:59:00,1682837940.0,1903.66,1903.66,1903.48,1903.54,125.6395
2023-04-30 07:00:00,1682838000.0,1903.53,1903.78,1903.53,1903.55,85.533
2023-04-30 07:01:00,1682838060.0,1903.54,1903.55,1902.65,1902.65,78.6335
2023-04-30 07:02:00,1682838120.0,1902.66,1902.66,1902.65,1902.65,17.6681
2023-04-30 07:03:00,1682838180.0,1902.66,1902.81,1902.65,1902.8,75.2058
2023-04-30 07:04:00,1682838240.0,1902.8,1903.2,1902.8,1903.2,23.5014
2023-04-30 07:05:00,1682838300.0,1903.19,1903.28,1903.19,1903.28,18.444
2023-04-30 07:06:00,1682838360.0,1903.28,1903.46,1903.27,1903.45,143.5403
2023-04-30 07:07:00,1682838420.0,1903.45,1903.46,1902.6,1902.6,98.784
2023-04-30 07:08:00,1682838480.0,1902.61,1902.61,1902.6,1902.61,25.3988
2023-04-30 07:09:00,1682838540.0,1902.6,1903.36,1902.6,1903.11,132.8484
2023-04-30 07:10:00,1682838600.0,1903.1,1903.11,1902.6,1902.61,43.0452
2023-04-30 07:11:00,1682838660.0,1902.61,1902.82,1902.6,1902.82,63.1189
2023-04-30 07:12:00,1682838720.0,1902.82,1902.82,1902.69,1902.8,79.6606
2023-04-30 07:13:00,1682838780.0,1902.8,1902.81,1902.72,1902.72,26.0377
2023-04-30 07:14:00,1682838840.0,1902.73,1902.73,1902.71,1902.72,51.4978
2023-04-30 07:15:00,1682838900.0,1902.71,1903.6,1902.71,1903.6,132.3193
2023-04-30 07:16:00,1682838960.0,1903.59,1903.6,1903.29,1903.5,82.0257
2023-04-30 07:17:00,1682839020.0,1903.5,1903.57,1902.24,1902.25,130.7504
2023-04-30 07:18:00,1682839080.0,1902.25,1902.42,1902.24,1902.41,28.7238
2023-04-30 07:19:00,1682839140.0,1902.41,1903.39,1902.41,1903.38,64.6218
2023-04-30 07:20:00,1682839200.0,1903.39,1903.39,1903.0,1903.01,64.1037
2023-04-30 07:21:00,1682839260.0,1903.0,1903.01,1902.41,1902.56,152.274
2023-04-30 07:22:00,1682839320.0,1902.57,1902.99,1902.56,1902.98,80.5116
2023-04-30 07:23:00,1682839380.0,1902.98,1903.19,1902.98,1903.19,15.6512
2023-04-30 07:24:00,1682839440.0,1903.18,1903.2,1903.18,1903.2,14.4684
2023-04-30 07:25:00,1682839500.0,1903.2,1903.21,1903.19,1903.21,29.7843
2023-04-30 07:26:00,1682839560.0,1903.2,1903.7,1903.2,1903.7,44.4642
2023-04-30 07:27:00,1682839620.0,1903.69,1903.7,1903.69,1903.69,23.3045
2023-04-30 07:28:00,1682839680.0,1903.69,1903.7,1903.69,1903.7,42.8877
2023-04-30 07:29:00,1682839740.0,1903.69,1903.7,1902.81,1902.83,84.288
2023-04-30 07:30:00,1682839800.0,1902.83,1902.83,1902.82,1902.82,17.7238
2023-04-30 07:31:00,1682839860.0,1902.83,1902.84,1902.82,1902.83,26.0323
2023-04-30 07:32:00,1682839920.0,1902.83,1903.03,1902.83,1903.03,76.6813
2023-04-30 07:33:00,1682839980.0,1903.03,1903.81,1903.02,1903.15,152.2799
2023-04-30 07:34:00,1682840040.0,1903.15,1903.15,1902.33,1902.34,127.6889
2023-04-30 07:35:00,1682840100.0,1902.34,1902.34,1901.86,1901.87,98.8169
2023-04-30 07:36:00,1682840160.0,1901.87,1902.23,1901.86,1902.22,70.886
2023-04-30 07:37:00,1682840220.0,1902.22,1902.58,1902.22,1902.58,23.0813
2023-04-30 07:38:00,1682840280.0,1902.57,1902.58,1902.31,1902.32,58.8495
2023-04-30 07:39:00,1682840340.0,1902.31,1902.32,1901.9,1901.9,35.8592
2023-04-30 07:40:00,1682840400.0,1901.91,1902.4,1901.9,1902.4,125.1494
2023-04-30 07:41:00,1682840460.0,1902.4,1902.95,1902.39,1902.95,102.2878
2023-04-30 07:42:00,1682840520.0,1902.95,1903.03,1902.94,1903.02,24.4017
2023-04-30 07:43:00,1682840580.0,1903.02,1904.0,1903.02,1903.76,141.0021
2023-04-30 07:44:00,1682840640.0,1903.76,1903.77,1903.76,1903.77,27.0047
2023-04-30 07:45:00,1682840700.0,1903.76,1903.78,1903.6,1903.6,41.7691
2023-04-30 07:46:00,1682840760.0,1903.61,1903.61,1903.54,1903.55,26.7253
2023-04-30 07:47:00,1682840820.0,1903.55,1903.55,1903.54,1903.55,31.5536
2023-04-30 07:48:00,1682840880.0,1903.54,1903.55,1903.24,1903.25,46.5643
2023-04-30 07:49:00,1682840940.0,1903.25,1903.25,1903.19,1903.2,19.8187
2023-04-30 07:50:00,1682841000.0,1903.19,1903.2,1903.19,1903.19,30.9752
2023-04-30 07:51:00,1682841060.0,1903.19,1903.2,1903.06,1903.07,29.7912
2023-04-30 07:52:00,1682841120.0,1903.07,1903.07,1903.0,1903.0,15.7698
2023-04-30 07:53:00,1682841180.0,1903.01,1903.01,1902.93,1902.94,40.9038
2023-04-30 07:54:00,1682841240.0,1902.94,1902.94,1902.6,1902.61,31.5407
2023-04-30 07:55:00,1682841300.0,1902.61,1902.61,1902.51,1902.51,46.3225
2023-04-30 07:56:00,1682841360.0,1902.52,1902.52,1902.51,1902.52,39.2634
2023-04-30 07:57:00,1682841420.0,1902.52,1902.92,1902.51,1902.92,34.3856
2023-04-30 07:58:00,1682841480.0,1902.91,1902.92,1902.91,1902.92,38.6283
2023-04-30 07:59:00,1682841540.0,1902.92,1903.06,1902.91,1903.06,19.4491
2023-04-30 08:00:00,1682841600.0,1903.06,1903.7,1903.05,1903.7,149.5151
2023-04-30 08:01:00,1682841660.0,1903.69,1903.7,1903.69,1903.69,35.6157
2023-04-30 08:02:00,1682841720.0,1903.7,1903.7,1903.69,1903.69,52.7606
2023-04-30 08:03:00,1682841780.0,1903.69,1903.7,1902.74,1902.82,444.8391
2023-04-30 08:04:00,1682841840.0,1902.81,1903.11,1902.74,1903.1,144.3866
2023-04-30 08:05:00,1682841900.0,1903.1,1903.33,1903.1,1903.32,17.339
2023-04-30 08:06:00,1682841960.0,1903.32,1903.33,1902.76,1902.77,72.3284
2023-04-30 08:07:00,1682842020.0,1902.76,1902.77,1902.05,1902.06,87.7343
2023-04-30 08:08:00,1682842080.0,1902.05,1902.06,1901.91,1901.91,37.1689
2023-04-30 08:09:00,1682842140.0,1901.92,1901.92,1901.91,1901.92,12.1613
2023-04-30 08:10:00,1682842200.0,1901.92,1902.58,1901.91,1902.57,88.7682
2023-04-30 08:11:00,1682842260.0,1902.58,1903.14,1902.57,1902.77,70.3281
2023-04-30 08:12:00,1682842320.0,1902.76,1902.97,1902.76,1902.96,20.5717
2023-04-30 08:13:00,1682842380.0,1902.96,1903.17,1902.96,1903.15,151.6443
2023-04-30 08:14:00,1682842440.0,1903.15,1903.15,1902.81,1902.82,33.234
2023-04-30 08:15:00,1682842500.0,1902.82,1902.82,1902.41,1902.42,28.6781
2023-04-30 08:16:00,1682842560.0,1902.41,1902.42,1902.39,1902.4,33.5711
2023-04-30 08:17:00,1682842620.0,1902.39,1902.4,1901.99,1901.99,104.9828
2023-04-30 08:18:00,1682842680.0,1901.99,1902.0,1901.99,1901.99,72.7267
2023-04-30 08:19:00,1682842740.0,1902.0,1902.0,1901.31,1901.32,107.0367
2023-04-30 08:20:00,1682842800.0,1901.32,1902.82,1901.31,1902.81,126.4698
2023-04-30 08:21:00,1682842860.0,1902.81,1902.82,1902.81,1902.81,13.725
2023-04-30 08:22:00,1682842920.0,1902.81,1902.82,1902.77,1902.77,32.9458
2023-04-30 08:23:00,1682842980.0,1902.77,1902.78,1902.69,1902.7,22.7509
2023-04-30 08:24:00,1682843040.0,1902.7,1902.82,1902.69,1902.82,39.8779
2023-04-30 08:25:00,1682843100.0,1902.81,1903.52,1902.81,1903.52,51.2197
2023-04-30 08:26:00,1682843160.0,1903.51,1903.66,1903.51,1903.66,34.9634
2023-04-30 08:27:00,1682843220.0,1903.65,1903.66,1903.65,1903.66,24.7106
2023-04-30 08:28:00,1682843280.0,1903.66,1904.6,1903.65,1904.59,100.9375
2023-04-30 08:29:00,1682843340.0,1904.59,1907.19,1904.59,1905.86,624.3018
2023-04-30 08:30:00,1682843400.0,1905.86,1906.61,1905.86,1906.38,223.6097
2023-04-30 08:31:00,1682843460.0,1906.38,1908.34,1906.37,1908.34,591.1388
2023-04-30 08:32:00,1682843520.0,1908.33,1908.34,1907.01,1907.02,181.8041
2023-04-30 08:33:00,1682843580.0,1907.03,1907.03,1905.82,1905.82,121.3157
2023-04-30 08:34:00,1682843640.0,1905.83,1906.58,1905.82,1906.36,101.4863
2023-04-30 08:35:00,1682843700.0,1906.36,1907.0,1905.96,1906.82,249.1888
2023-04-30 08:36:00,1682843760.0,1906.81,1906.99,1906.6,1906.85,160.267
2023-04-30 08:37:00,1682843820.0,1906.85,1907.0,1906.81,1906.82,130.5273
2023-04-30 08:38:00,1682843880.0,1906.82,1906.83,1905.61,1905.94,168.9501
2023-04-30 08:39:00,1682843940.0,1905.94,1905.94,1905.6,1905.79,48.2067
2023-04-30 08:40:00,1682844000.0,1905.8,1906.4,1905.79,1906.15,76.5201
2023-04-30 08:41:00,1682844060.0,1906.15,1906.19,1906.14,1906.19,41.031
2023-04-30 08:42:00,1682844120.0,1906.18,1906.19,1906.02,1906.03,63.7506
2023-04-30 08:43:00,1682844180.0,1906.02,1906.03,1905.26,1905.27,79.0211
2023-04-30 08:44:00,1682844240.0,1905.27,1905.27,1905.13,1905.13,21.3118
2023-04-30 08:45:00,1682844300.0,1905.13,1905.14,1904.93,1904.93,19.7102
2023-04-30 08:46:00,1682844360.0,1904.93,1904.94,1904.4,1904.4,68.7018
2023-04-30 08:47:00,1682844420.0,1904.41,1904.41,1904.0,1904.0,128.3901
2023-04-30 08:48:00,1682844480.0,1904.0,1904.01,1903.01,1903.01,198.7331
2023-04-30 08:49:00,1682844540.0,1903.02,1903.02,1901.41,1902.19,318.2552
2023-04-30 08:50:00,1682844600.0,1902.19,1902.8,1902.09,1902.52,98.3167
2023-04-30 08:51:00,1682844660.0,1902.52,1902.82,1902.52,1902.82,56.5833
2023-04-30 08:52:00,1682844720.0,1902.81,1903.4,1902.81,1903.39,78.0792
2023-04-30 08:53:00,1682844780.0,1903.39,1903.66,1902.79,1902.91,182.7982
2023-04-30 08:54:00,1682844840.0,1902.91,1903.17,1902.91,1903.17,21.1557
2023-04-30 08:55:00,1682844900.0,1903.16,1903.17,1902.66,1902.99,179.7439
2023-04-30 08:56:00,1682844960.0,1902.99,1903.0,1902.99,1903.0,19.4667
2023-04-30 08:57:00,1682845020.0,1903.0,1903.59,1902.99,1903.59,50.5044
2023-04-30 08:58:00,1682845080.0,1903.58,1903.59,1903.46,1903.47,41.7255
2023-04-30 08:59:00,1682845140.0,1903.47,1903.69,1903.46,1903.69,136.0103
2023-04-30 09:00:00,1682845200.0,1903.69,1903.69,1903.68,1903.69,26.0307
2023-04-30 09:01:00,1682845260.0,1903.68,1903.86,1903.55,1903.86,160.3339
2023-04-30 09:02:00,1682845320.0,1903.86,1904.0,1903.67,1903.7,124.6451
2023-04-30 09:03:00,1682845380.0,1903.69,1903.7,1903.45,1903.46,35.2179
2023-04-30 09:04:00,1682845440.0,1903.46,1903.57,1903.45,1903.57,24.382
2023-04-30 09:05:00,1682845500.0,1903.57,1903.59,1903.56,1903.58,11.4614
2023-04-30 09:06:00,1682845560.0,1903.59,1903.59,1902.85,1902.85,107.2057
2023-04-30 09:07:00,1682845620.0,1902.85,1903.84,1902.85,1903.84,101.3571
2023-04-30 09:08:00,1682845680.0,1903.84,1903.84,1903.25,1903.25,87.2257
2023-04-30 09:09:00,1682845740.0,1903.25,1903.26,1903.06,1903.07,51.6277
2023-04-30 09:10:00,1682845800.0,1903.07,1903.99,1903.06,1903.99,62.4552
2023-04-30 09:11:00,1682845860.0,1903.99,1904.55,1903.65,1903.65,246.8735
2023-04-30 09:12:00,1682845920.0,1903.66,1903.66,1903.0,1903.01,119.4982
2023-04-30 09:13:00,1682845980.0,1903.01,1903.48,1903.0,1903.48,140.529
2023-04-30 09:14:00,1682846040.0,1903.48,1903.48,1903.46,1903.46,15.2674
2023-04-30 09:15:00,1682846100.0,1903.46,1903.8,1903.43,1903.44,77.529
2023-04-30 09:16:00,1682846160.0,1903.43,1903.44,1903.13,1903.16,95.2553
2023-04-30 09:17:00,1682846220.0,1903.17,1903.17,1902.84,1902.85,175.9793
2023-04-30 09:18:00,1682846280.0,1902.84,1902.85,1901.38,1901.95,109.5245
2023-04-30 09:19:00,1682846340.0,1901.95,1901.96,1900.11,1901.0,180.3647
2023-04-30 09:20:00,1682846400.0,1900.99,1901.72,1900.99,1901.71,115.9195
2023-04-30 09:21:00,1682846460.0,1901.72,1901.96,1901.38,1901.39,104.6471
2023-04-30 09:22:00,1682846520.0,1901.39,1901.39,1900.64,1901.28,118.2067
2023-04-30 09:23:00,1682846580.0,1901.28,1901.68,1901.28,1901.68,48.7876
2023-04-30 09:24:00,1682846640.0,1901.68,1901.68,1900.38,1900.59,267.1004
2023-04-30 09:25:00,1682846700.0,1900.59,1901.6,1900.59,1901.59,36.1652
2023-04-30 09:26:00,1682846760.0,1901.59,1901.6,1901.21,1901.43,109.1184
2023-04-30 09:27:00,1682846820.0,1901.44,1901.44,1901.04,1901.04,83.6511
2023-04-30 09:28:00,1682846880.0,1901.05,1902.2,1901.04,1902.02,112.051
2023-04-30 09:29:00,1682846940.0,1902.02,1902.02,1902.01,1902.02,14.9646
2023-04-30 09:30:00,1682847000.0,1902.02,1902.02,1902.01,1902.01,19.86
2023-04-30 09:31:00,1682847060.0,1902.01,1902.02,1902.01,1902.02,24.1978
2023-04-30 09:32:00,1682847120.0,1902.01,1902.2,1902.01,1902.19,16.9253
2023-04-30 09:33:00,1682847180.0,1902.2,1902.4,1902.19,1902.4,33.4191
2023-04-30 09:34:00,1682847240.0,1902.39,1902.4,1902.09,1902.4,92.8281
2023-04-30 09:35:00,1682847300.0,1902.39,1902.75,1902.39,1902.74,26.1551
2023-04-30 09:36:00,1682847360.0,1902.74,1902.75,1902.74,1902.75,33.9881
2023-04-30 09:37:00,1682847420.0,1902.74,1902.75,1902.74,1902.74,29.3006
2023-04-30 09:38:00,1682847480.0,1902.75,1902.96,1902.74,1902.95,57.6628
2023-04-30 09:39:00,1682847540.0,1902.95,1902.96,1902.25,1902.32,114.5729
2023-04-30 09:40:00,1682847600.0,1902.31,1902.32,1902.31,1902.31,13.2614
2023-04-30 09:41:00,1682847660.0,1902.31,1902.32,1901.58,1901.59,96.912
2023-04-30 09:42:00,1682847720.0,1901.59,1902.0,1901.53,1902.0,49.3509
2023-04-30 09:43:00,1682847780.0,1902.0,1902.52,1901.99,1902.51,45.3784
2023-04-30 09:44:00,1682847840.0,1902.51,1902.52,1902.51,1902.51,7.4226
2023-04-30 09:45:00,1682847900.0,1902.51,1903.33,1902.51,1903.33,66.9759
2023-04-30 09:46:00,1682847960.0,1903.32,1903.46,1903.32,1903.45,25.1551
2023-04-30 09:47:00,1682848020.0,1903.46,1903.72,1903.45,1903.71,35.8321
2023-04-30 09:48:00,1682848080.0,1903.72,1903.98,1903.71,1903.97,27.2517
2023-04-30 09:49:00,1682848140.0,1903.97,1904.23,1903.97,1904.22,16.0622
2023-04-30 09:50:00,1682848200.0,1904.22,1904.4,1904.22,1904.39,87.2106
2023-04-30 09:51:00,1682848260.0,1904.39,1904.4,1904.23,1904.23,67.2067
2023-04-30 09:52:00,1682848320.0,1904.23,1904.24,1903.84,1903.84,28.3451
2023-04-30 09:53:00,1682848380.0,1903.84,1904.12,1903.84,1904.11,38.1131
2023-04-30 09:54:00,1682848440.0,1904.11,1904.59,1904.11,1904.58,42.2599
2023-04-30 09:55:00,1682848500.0,1904.58,1904.59,1904.58,1904.58,22.257
2023-04-30 09:56:00,1682848560.0,1904.58,1904.59,1904.21,1904.21,74.5201
2023-04-30 09:57:00,1682848620.0,1904.22,1904.22,1904.21,1904.22,16.2407
2023-04-30 09:58:00,1682848680.0,1904.21,1904.32,1903.61,1904.31,106.4356
2023-04-30 09:59:00,1682848740.0,1904.31,1904.32,1904.31,1904.31,26.8383
2023-04-30 10:00:00,1682848800.0,1904.31,1905.73,1904.31,1905.68,407.5491
2023-04-30 10:01:00,1682848860.0,1905.67,1907.36,1905.67,1906.59,298.4599
2023-04-30 10:02:00,1682848920.0,1906.6,1908.56,1906.59,1908.1,553.1482
2023-04-30 10:03:00,1682848980.0,1908.1,1911.88,1907.63,1911.18,1829.159
2023-04-30 10:04:00,1682849040.0,1911.18,1913.33,1911.17,1911.85,1162.2519
2023-04-30 10:05:00,1682849100.0,1911.86,1912.68,1911.01,1912.2,317.7078
2023-04-30 10:06:00,1682849160.0,1912.19,1913.37,1911.29,1911.5,483.0524
2023-04-30 10:07:00,1682849220.0,1911.5,1911.51,1910.41,1910.42,244.1914
2023-04-30 10:08:00,1682849280.0,1910.43,1910.51,1909.7,1910.51,178.2177
2023-04-30 10:09:00,1682849340.0,1910.51,1910.79,1910.14,1910.16,64.525
2023-04-30 10:10:00,1682849400.0,1910.15,1910.77,1909.74,1910.37,223.5004
2023-04-30 10:11:00,1682849460.0,1910.36,1911.34,1910.32,1910.32,187.4743
2023-04-30 10:12:00,1682849520.0,1910.32,1910.33,1909.88,1910.01,112.7833
2023-04-30 10:13:00,1682849580.0,1910.01,1910.01,1909.84,1909.85,46.5888
2023-04-30 10:14:00,1682849640.0,1909.84,1910.18,1909.33,1909.39,126.1167
2023-04-30 10:15:00,1682849700.0,1909.4,1910.53,1909.39,1910.34,167.4944
2023-04-30 10:16:00,1682849760.0,1910.34,1910.34,1909.37,1909.71,278.0664
2023-04-30 10:17:00,1682849820.0,1909.72,1910.0,1909.71,1909.89,108.1157
2023-04-30 10:18:00,1682849880.0,1909.89,1910.07,1909.61,1909.75,199.5806
2023-04-30 10:19:00,1682849940.0,1909.74,1910.47,1909.74,1909.93,236.3841
2023-04-30 10:20:00,1682850000.0,1909.93,1910.52,1909.4,1910.38,368.8909
2023-04-30 10:21:00,1682850060.0,1910.38,1910.74,1910.38,1910.74,220.3382
2023-04-30 10:22:00,1682850120.0,1910.74,1912.02,1910.73,1911.13,2702.8605
2023-04-30 10:23:00,1682850180.0,1911.12,1911.17,1910.27,1910.33,451.7647
2023-04-30 10:24:00,1682850240.0,1910.33,1910.33,1909.4,1909.51,100.7375
2023-04-30 10:25:00,1682850300.0,1909.5,1909.51,1909.42,1909.43,47.8263
2023-04-30 10:26:00,1682850360.0,1909.42,1909.43,1909.42,1909.42,22.2638
2023-04-30 10:27:00,1682850420.0,1909.43,1909.43,1908.77,1909.01,89.6678
2023-04-30 10:28:00,1682850480.0,1909.01,1909.16,1909.0,1909.15,27.1807
2023-04-30 10:29:00,1682850540.0,1909.16,1909.16,1909.01,1909.01,52.1538
2023-04-30 10:30:00,1682850600.0,1909.01,1909.23,1908.46,1908.46,241.1929
2023-04-30 10:31:00,1682850660.0,1908.47,1908.75,1908.46,1908.74,62.207
2023-04-30 10:32:00,1682850720.0,1908.75,1908.78,1907.74,1907.75,237.4365
2023-04-30 10:33:00,1682850780.0,1907.75,1907.75,1906.69,1907.15,290.8144
2023-04-30 10:34:00,1682850840.0,1907.15,1907.16,1907.06,1907.14,32.8231
2023-04-30 10:35:00,1682850900.0,1907.14,1907.65,1907.13,1907.65,82.398
2023-04-30 10:36:00,1682850960.0,1907.65,1907.65,1906.0,1906.27,431.7862
2023-04-30 10:37:00,1682851020.0,1906.27,1906.68,1906.21,1906.67,72.3232
2023-04-30 10:38:00,1682851080.0,1906.68,1906.68,1905.9,1906.36,217.276
2023-04-30 10:39:00,1682851140.0,1906.36,1906.57,1906.36,1906.57,42.6434
2023-04-30 10:40:00,1682851200.0,1906.56,1906.57,1906.04,1906.05,57.7001
2023-04-30 10:41:00,1682851260.0,1906.04,1906.32,1905.52,1905.52,131.4963
2023-04-30 10:42:00,1682851320.0,1905.53,1905.53,1904.87,1905.31,169.6749
2023-04-30 10:43:00,1682851380.0,1905.31,1905.54,1904.05,1904.11,594.4006
2023-04-30 10:44:00,1682851440.0,1904.11,1904.12,1903.94,1903.94,69.5275
2023-04-30 10:45:00,1682851500.0,1903.94,1903.95,1903.09,1903.18,168.4881
2023-04-30 10:46:00,1682851560.0,1903.18,1904.8,1903.08,1904.79,326.5299
2023-04-30 10:47:00,1682851620.0,1904.8,1904.8,1904.3,1904.79,135.5941
2023-04-30 10:48:00,1682851680.0,1904.78,1904.79,1902.16,1902.57,639.5118
2023-04-30 10:49:00,1682851740.0,1902.57,1903.54,1902.53,1903.54,115.0301
2023-04-30 10:50:00,1682851800.0,1903.53,1903.69,1901.0,1901.13,496.2609
2023-04-30 10:51:00,1682851860.0,1901.13,1901.88,1900.45,1901.59,420.2885
2023-04-30 10:52:00,1682851920.0,1901.6,1902.76,1901.59,1902.75,106.3274
2023-04-30 10:53:00,1682851980.0,1902.76,1903.89,1902.72,1903.88,164.408
2023-04-30 10:54:00,1682852040.0,1903.88,1903.99,1902.57,1902.79,181.2878
2023-04-30 10:55:00,1682852100.0,1902.8,1903.94,1902.79,1903.43,125.4361
2023-04-30 10:56:00,1682852160.0,1903.42,1903.8,1903.42,1903.8,34.6178
2023-04-30 10:57:00,1682852220.0,1903.79,1903.8,1903.15,1903.16,39.9541
2023-04-30 10:58:00,1682852280.0,1903.16,1903.77,1903.15,1903.77,78.1913
2023-04-30 10:59:00,1682852340.0,1903.76,1903.78,1903.76,1903.78,19.3749
2023-04-30 11:00:00,1682852400.0,1903.78,1905.69,1903.77,1905.63,474.0784
2023-04-30 11:01:00,1682852460.0,1905.62,1906.8,1905.58,1905.81,448.5074
2023-04-30 11:02:00,1682852520.0,1905.8,1905.81,1905.41,1905.42,118.3425
2023-04-30 11:03:00,1682852580.0,1905.41,1905.42,1904.72,1904.72,84.8278
2023-04-30 11:04:00,1682852640.0,1904.72,1905.37,1904.72,1905.02,68.5056
2023-04-30 11:05:00,1682852700.0,1905.02,1905.03,1904.57,1904.71,185.2473
2023-04-30 11:06:00,1682852760.0,1904.71,1905.13,1904.65,1904.66,141.2988
2023-04-30 11:07:00,1682852820.0,1904.66,1904.99,1904.65,1904.98,38.803
2023-04-30 11:08:00,1682852880.0,1904.98,1904.99,1904.32,1904.33,212.5236
2023-04-30 11:09:00,1682852940.0,1904.33,1905.39,1904.32,1905.39,276.256
2023-04-30 11:10:00,1682853000.0,1905.39,1905.59,1905.38,1905.51,115.1028
2023-04-30 11:11:00,1682853060.0,1905.52,1905.52,1905.25,1905.26,95.9121
2023-04-30 11:12:00,1682853120.0,1905.26,1905.26,1905.25,1905.25,33.2474
2023-04-30 11:13:00,1682853180.0,1905.25,1905.26,1905.0,1905.26,1023.763
2023-04-30 11:14:00,1682853240.0,1905.25,1905.68,1905.25,1905.6,116.1787
2023-04-30 11:15:00,1682853300.0,1905.61,1905.61,1904.4,1905.0,1788.8799
2023-04-30 11:16:00,1682853360.0,1905.0,1905.05,1904.68,1904.68,91.0793
2023-04-30 11:17:00,1682853420.0,1904.69,1904.69,1904.14,1904.25,395.9644
2023-04-30 11:18:00,1682853480.0,1904.26,1904.37,1903.99,1904.19,623.9613
2023-04-30 11:19:00,1682853540.0,1904.18,1904.74,1903.7,1904.73,316.4149
2023-04-30 11:20:00,1682853600.0,1904.74,1905.85,1904.73,1905.79,157.6914
2023-04-30 11:21:00,1682853660.0,1905.78,1906.98,1905.78,1906.72,374.3335
2023-04-30 11:22:00,1682853720.0,1906.71,1906.73,1906.21,1906.22,129.1176
2023-04-30 11:23:00,1682853780.0,1906.22,1906.22,1905.28,1905.28,175.2109
2023-04-30 11:24:00,1682853840.0,1905.28,1905.29,1905.28,1905.28,30.5578
2023-04-30 11:25:00,1682853900.0,1905.28,1905.81,1905.28,1905.8,79.2997
2023-04-30 11:26:00,1682853960.0,1905.81,1905.81,1904.4,1904.4,130.2829
2023-04-30 11:27:00,1682854020.0,1904.4,1904.49,1903.58,1903.58,94.0564
2023-04-30 11:28:00,1682854080.0,1903.59,1904.05,1903.41,1903.84,83.0897
2023-04-30 11:29:00,1682854140.0,1903.83,1904.04,1903.71,1904.04,27.4328
2023-04-30 11:30:00,1682854200.0,1904.03,1904.04,1903.51,1903.79,97.381
2023-04-30 11:31:00,1682854260.0,1903.79,1903.8,1903.79,1903.8,15.4752
2023-04-30 11:32:00,1682854320.0,1903.79,1903.96,1903.79,1903.96,18.5218
2023-04-30 11:33:00,1682854380.0,1903.96,1904.4,1903.63,1903.63,167.6893
2023-04-30 11:34:00,1682854440.0,1903.64,1903.64,1903.07,1903.18,98.2616
2023-04-30 11:35:00,1682854500.0,1903.19,1904.14,1903.18,1903.59,207.7106
2023-04-30 11:36:00,1682854560.0,1903.59,1903.66,1903.24,1903.65,53.8011
2023-04-30 11:37:00,1682854620.0,1903.65,1903.66,1903.27,1903.27,50.386
2023-04-30 11:38:00,1682854680.0,1903.27,1903.78,1903.27,1903.36,118.6791
2023-04-30 11:39:00,1682854740.0,1903.36,1903.36,1903.35,1903.35,16.3809
2023-04-30 11:40:00,1682854800.0,1903.36,1903.36,1902.82,1902.82,40.997
2023-04-30 11:41:00,1682854860.0,1902.82,1902.83,1901.38,1901.39,197.9018
2023-04-30 11:42:00,1682854920.0,1901.39,1902.25,1901.2,1902.02,196.9799
2023-04-30 11:43:00,1682854980.0,1902.01,1902.02,1901.51,1901.51,65.6668
2023-04-30 11:44:00,1682855040.0,1901.52,1901.52,1900.78,1901.39,148.9167
2023-04-30 11:45:00,1682855100.0,1901.39,1901.4,1900.48,1901.01,420.13
2023-04-30 11:46:00,1682855160.0,1901.0,1901.31,1900.47,1900.48,217.8525
2023-04-30 11:47:00,1682855220.0,1900.48,1900.6,1899.36,1900.59,361.9772
2023-04-30 11:48:00,1682855280.0,1900.59,1901.78,1900.28,1901.77,134.6756
2023-04-30 11:49:00,1682855340.0,1901.77,1901.78,1901.32,1901.32,65.2207
2023-04-30 11:50:00,1682855400.0,1901.33,1901.33,1901.0,1901.25,48.4223
2023-04-30 11:51:00,1682855460.0,1901.25,1901.26,1900.09,1900.38,216.5023
2023-04-30 11:52:00,1682855520.0,1900.38,1901.26,1900.38,1901.25,49.0166
2023-04-30 11:53:00,1682855580.0,1901.26,1901.36,1900.13,1900.4,767.7229
2023-04-30 11:54:00,1682855640.0,1900.41,1900.41,1899.84,1900.22,156.1993
2023-04-30 11:55:00,1682855700.0,1900.22,1900.59,1900.03,1900.58,140.1927
2023-04-30 11:56:00,1682855760.0,1900.58,1900.59,1900.12,1900.58,149.4718
2023-04-30 11:57:00,1682855820.0,1900.58,1900.58,1900.57,1900.57,40.4564
2023-04-30 11:58:00,1682855880.0,1900.58,1900.58,1900.16,1900.16,129.139
2023-04-30 11:59:00,1682855940.0,1900.16,1900.79,1900.16,1900.79,96.5229
2023-04-30 12:00:00,1682856000.0,1900.78,1900.79,1900.46,1900.75,108.3908
2023-04-30 12:01:00,1682856060.0,1900.75,1900.76,1900.3,1900.31,92.3592
2023-04-30 12:02:00,1682856120.0,1900.31,1900.31,1900.2,1900.2,76.0129
2023-04-30 12:03:00,1682856180.0,1900.2,1900.21,1900.2,1900.2,18.4647
2023-04-30 12:04:00,1682856240.0,1900.2,1900.21,1899.87,1899.87,80.2778
2023-04-30 12:05:00,1682856300.0,1899.88,1900.54,1899.61,1900.38,167.9623
2023-04-30 12:06:00,1682856360.0,1900.38,1900.51,1900.38,1900.51,26.8059
2023-04-30 12:07:00,1682856420.0,1900.5,1900.51,1900.13,1900.16,125.1685
2023-04-30 12:08:00,1682856480.0,1900.15,1900.16,1899.41,1899.42,66.3283
2023-04-30 12:09:00,1682856540.0,1899.42,1899.42,1899.41,1899.42,53.5674
2023-04-30 12:10:00,1682856600.0,1899.41,1899.42,1899.25,1899.25,84.669
2023-04-30 12:11:00,1682856660.0,1899.25,1899.75,1899.25,1899.75,79.7032
2023-04-30 12:12:00,1682856720.0,1899.74,1900.68,1899.74,1900.68,139.2519
2023-04-30 12:13:00,1682856780.0,1900.68,1900.79,1900.67,1900.78,13.032
2023-04-30 12:14:00,1682856840.0,1900.79,1900.8,1900.78,1900.79,22.1357
2023-04-30 12:15:00,1682856900.0,1900.79,1901.0,1900.79,1901.0,42.7089
2023-04-30 12:16:00,1682856960.0,1900.99,1901.5,1900.99,1901.49,26.7291
2023-04-30 12:17:00,1682857020.0,1901.49,1901.65,1901.49,1901.64,44.612
2023-04-30 12:18:00,1682857080.0,1901.65,1902.8,1901.64,1902.79,107.6823
2023-04-30 12:19:00,1682857140.0,1902.79,1902.8,1901.92,1901.92,94.7731
2023-04-30 12:20:00,1682857200.0,1901.93,1901.93,1901.86,1901.87,21.7984
2023-04-30 12:21:00,1682857260.0,1901.87,1901.87,1900.99,1900.99,44.7098
2023-04-30 12:22:00,1682857320.0,1901.0,1901.0,1899.26,1900.46,627.674
2023-04-30 12:23:00,1682857380.0,1900.45,1900.46,1900.45,1900.46,23.2258
2023-04-30 12:24:00,1682857440.0,1900.45,1900.46,1900.45,1900.45,23.2394
2023-04-30 12:25:00,1682857500.0,1900.46,1900.46,1898.41,1898.99,439.843
2023-04-30 12:26:00,1682857560.0,1898.99,1898.99,1898.63,1898.99,69.6061
2023-04-30 12:27:00,1682857620.0,1898.99,1899.49,1898.98,1899.36,69.8852
2023-04-30 12:28:00,1682857680.0,1899.36,1899.37,1899.36,1899.36,81.3956
2023-04-30 12:29:00,1682857740.0,1899.36,1900.0,1899.36,1900.0,49.8358
2023-04-30 12:30:00,1682857800.0,1899.99,1900.0,1899.04,1899.05,121.4317
2023-04-30 12:31:00,1682857860.0,1899.04,1899.06,1898.23,1898.39,181.4913
2023-04-30 12:32:00,1682857920.0,1898.4,1898.52,1897.66,1898.2,271.2287
2023-04-30 12:33:00,1682857980.0,1898.2,1899.0,1898.19,1899.0,133.8219
2023-04-30 12:34:00,1682858040.0,1898.99,1899.01,1898.09,1898.1,144.194
2023-04-30 12:35:00,1682858100.0,1898.1,1898.41,1898.09,1898.41,42.7644
2023-04-30 12:36:00,1682858160.0,1898.4,1898.41,1897.76,1897.99,189.2687
2023-04-30 12:37:00,1682858220.0,1897.99,1898.55,1897.78,1898.55,185.7338
2023-04-30 12:38:00,1682858280.0,1898.54,1898.99,1898.54,1898.98,32.0246
2023-04-30 12:39:00,1682858340.0,1898.99,1899.2,1898.98,1899.19,173.5616
2023-04-30 12:40:00,1682858400.0,1899.2,1899.44,1898.91,1898.92,117.9533
2023-04-30 12:41:00,1682858460.0,1898.92,1898.92,1898.36,1898.7,88.5853
2023-04-30 12:42:00,1682858520.0,1898.69,1899.2,1898.69,1899.2,37.6706
2023-04-30 12:43:00,1682858580.0,1899.19,1899.49,1899.19,1899.49,13.043
2023-04-30 12:44:00,1682858640.0,1899.49,1899.88,1899.0,1899.88,186.5351
2023-04-30 12:45:00,1682858700.0,1899.87,1900.4,1899.87,1900.39,61.2693
2023-04-30 12:46:00,1682858760.0,1900.39,1900.82,1900.39,1900.82,78.2221
2023-04-30 12:47:00,1682858820.0,1900.82,1900.82,1900.46,1900.46,87.3514
2023-04-30 12:48:00,1682858880.0,1900.46,1900.72,1900.46,1900.71,32.676
2023-04-30 12:49:00,1682858940.0,1900.71,1901.17,1900.71,1901.17,78.5076
2023-04-30 12:50:00,1682859000.0,1901.16,1901.24,1900.77,1900.78,142.7762
2023-04-30 12:51:00,1682859060.0,1900.78,1901.06,1900.77,1901.05,41.2305
2023-04-30 12:52:00,1682859120.0,1901.05,1901.07,1901.05,1901.07,25.1972
2023-04-30 12:53:00,1682859180.0,1901.06,1901.08,1901.06,1901.08,59.9811
2023-04-30 12:54:00,1682859240.0,1901.07,1901.28,1901.07,1901.27,49.7821
2023-04-30 12:55:00,1682859300.0,1901.28,1901.28,1900.77,1900.91,134.3197
2023-04-30 12:56:00,1682859360.0,1900.91,1900.91,1900.9,1900.91,34.6493
2023-04-30 12:57:00,1682859420.0,1900.9,1901.56,1900.9,1901.55,77.7486
2023-04-30 12:58:00,1682859480.0,1901.55,1901.56,1900.46,1900.46,178.9404
2023-04-30 12:59:00,1682859540.0,1900.46,1900.52,1900.02,1900.52,76.0919
2023-04-30 13:00:00,1682859600.0,1900.52,1900.52,1900.03,1900.12,55.6278
2023-04-30 13:01:00,1682859660.0,1900.12,1900.28,1900.12,1900.27,30.7445
2023-04-30 13:02:00,1682859720.0,1900.28,1900.28,1900.03,1900.03,58.8613
2023-04-30 13:03:00,1682859780.0,1900.03,1900.04,1900.03,1900.03,22.2231
2023-04-30 13:04:00,1682859840.0,1900.03,1900.13,1900.0,1900.11,74.1645
2023-04-30 13:05:00,1682859900.0,1900.1,1900.45,1900.1,1900.45,90.5524
2023-04-30 13:06:00,1682859960.0,1900.45,1902.06,1900.44,1901.63,181.6506
2023-04-30 13:07:00,1682860020.0,1901.62,1902.85,1901.62,1902.75,401.5925
2023-04-30 13:08:00,1682860080.0,1902.75,1902.76,1902.34,1902.35,41.2812
2023-04-30 13:09:00,1682860140.0,1902.35,1902.52,1902.33,1902.51,45.1605
2023-04-30 13:10:00,1682860200.0,1902.52,1903.3,1902.51,1902.64,145.5759
2023-04-30 13:11:00,1682860260.0,1902.64,1902.65,1902.33,1902.34,81.8289
2023-04-30 13:12:00,1682860320.0,1902.33,1902.34,1901.88,1901.88,91.9409
2023-04-30 13:13:00,1682860380.0,1901.89,1901.89,1901.54,1901.54,32.1813
2023-04-30 13:14:00,1682860440.0,1901.54,1902.11,1901.54,1902.11,64.8435
2023-04-30 13:15:00,1682860500.0,1902.1,1903.96,1902.1,1903.4,248.9191
2023-04-30 13:16:00,1682860560.0,1903.41,1903.41,1901.8,1902.4,109.4241
2023-04-30 13:17:00,1682860620.0,1902.4,1902.41,1901.93,1901.93,38.0661
2023-04-30 13:18:00,1682860680.0,1901.94,1901.94,1901.8,1901.82,76.288
2023-04-30 13:19:00,1682860740.0,1901.82,1901.83,1901.81,1901.82,54.0071
2023-04-30 13:20:00,1682860800.0,1901.81,1902.32,1901.8,1901.81,153.1022
2023-04-30 13:21:00,1682860860.0,1901.81,1902.1,1901.66,1902.1,168.1002
2023-04-30 13:22:00,1682860920.0,1902.09,1904.56,1901.81,1903.97,950.2816
2023-04-30 13:23:00,1682860980.0,1903.97,1904.2,1903.66,1903.66,54.0378
2023-04-30 13:24:00,1682861040.0,1903.66,1903.88,1903.66,1903.87,103.3239
2023-04-30 13:25:00,1682861100.0,1903.87,1906.99,1903.87,1906.4,555.3985
2023-04-30 13:26:00,1682861160.0,1906.4,1906.99,1905.8,1906.93,420.6105
2023-04-30 13:27:00,1682861220.0,1906.93,1908.33,1906.2,1906.21,459.0716
2023-04-30 13:28:00,1682861280.0,1906.21,1906.21,1905.38,1905.38,193.9843
2023-04-30 13:29:00,1682861340.0,1905.39,1905.39,1904.88,1905.0,109.4853
2023-04-30 13:30:00,1682861400.0,1904.99,1905.16,1904.99,1905.0,26.9822
2023-04-30 13:31:00,1682861460.0,1905.01,1906.42,1905.0,1906.25,178.8333
2023-04-30 13:32:00,1682861520.0,1906.24,1906.25,1904.84,1904.84,151.9422
2023-04-30 13:33:00,1682861580.0,1904.85,1904.85,1904.32,1904.43,58.9221
2023-04-30 13:34:00,1682861640.0,1904.42,1904.43,1903.99,1903.99,142.7097
2023-04-30 13:35:00,1682861700.0,1904.0,1904.59,1903.99,1904.58,110.3162
2023-04-30 13:36:00,1682861760.0,1904.58,1904.59,1904.44,1904.44,25.9472
2023-04-30 13:37:00,1682861820.0,1904.45,1904.45,1904.29,1904.3,42.9484
2023-04-30 13:38:00,1682861880.0,1904.29,1904.4,1904.02,1904.4,69.8919
2023-04-30 13:39:00,1682861940.0,1904.4,1904.4,1904.08,1904.08,73.2931
2023-04-30 13:40:00,1682862000.0,1904.09,1904.4,1904.08,1904.39,36.5591
2023-04-30 13:41:00,1682862060.0,1904.4,1904.5,1904.39,1904.5,70.8858
2023-04-30 13:42:00,1682862120.0,1904.5,1904.5,1904.4,1904.42,81.0865
2023-04-30 13:43:00,1682862180.0,1904.41,1904.42,1904.1,1904.1,48.5741
2023-04-30 13:44:00,1682862240.0,1904.1,1904.31,1904.1,1904.31,81.9956
2023-04-30 13:45:00,1682862300.0,1904.3,1905.2,1904.3,1905.2,93.3163
2023-04-30 13:46:00,1682862360.0,1905.2,1905.45,1905.19,1905.28,51.8887
2023-04-30 13:47:00,1682862420.0,1905.28,1905.29,1904.86,1904.86,71.5627
2023-04-30 13:48:00,1682862480.0,1904.87,1905.57,1904.86,1905.39,71.2169
2023-04-30 13:49:00,1682862540.0,1905.4,1905.6,1905.29,1905.57,137.7909
2023-04-30 13:50:00,1682862600.0,1905.57,1905.75,1905.56,1905.75,48.0002
2023-04-30 13:51:00,1682862660.0,1905.74,1905.75,1905.49,1905.5,38.6467
2023-04-30 13:52:00,1682862720.0,1905.49,1905.5,1904.81,1904.81,61.5196
2023-04-30 13:53:00,1682862780.0,1904.82,1904.82,1904.77,1904.8,93.7157
2023-04-30 13:54:00,1682862840.0,1904.79,1904.87,1904.62,1904.87,80.0533
2023-04-30 13:55:00,1682862900.0,1904.86,1905.11,1904.86,1905.1,76.9231
2023-04-30 13:56:00,1682862960.0,1905.11,1905.11,1904.85,1904.86,30.0752
2023-04-30 13:57:00,1682863020.0,1904.86,1904.88,1904.85,1904.88,37.5997
2023-04-30 13:58:00,1682863080.0,1904.88,1904.95,1904.87,1904.95,45.5246
2023-04-30 13:59:00,1682863140.0,1904.94,1905.2,1904.94,1905.19,25.2164
2023-04-30 14:00:00,1682863200.0,1905.2,1905.2,1903.23,1903.44,832.2489
2023-04-30 14:01:00,1682863260.0,1903.43,1904.07,1903.2,1903.8,141.3046
2023-04-30 14:02:00,1682863320.0,1903.79,1903.99,1903.06,1903.23,191.5778
2023-04-30 14:03:00,1682863380.0,1903.23,1903.23,1903.22,1903.22,37.5817
2023-04-30 14:04:00,1682863440.0,1903.22,1903.23,1903.12,1903.22,56.0088
2023-04-30 14:05:00,1682863500.0,1903.23,1903.23,1903.22,1903.22,50.3774
2023-04-30 14:06:00,1682863560.0,1903.23,1903.23,1903.22,1903.23,90.9608
2023-04-30 14:07:00,1682863620.0,1903.22,1903.4,1902.85,1903.4,193.6548
2023-04-30 14:08:00,1682863680.0,1903.4,1903.46,1903.39,1903.45,29.1913
2023-04-30 14:09:00,1682863740.0,1903.46,1903.46,1903.45,1903.46,24.6744
2023-04-30 14:10:00,1682863800.0,1903.45,1904.13,1903.45,1903.96,101.3855
2023-04-30 14:11:00,1682863860.0,1903.96,1903.96,1903.15,1903.15,97.1763
2023-04-30 14:12:00,1682863920.0,1903.15,1903.4,1903.09,1903.4,165.7327
2023-04-30 14:13:00,1682863980.0,1903.4,1903.55,1903.39,1903.55,60.3581
2023-04-30 14:14:00,1682864040.0,1903.54,1903.55,1903.54,1903.55,20.8754
2023-04-30 14:15:00,1682864100.0,1903.54,1903.55,1903.54,1903.55,16.2291
2023-04-30 14:16:00,1682864160.0,1903.54,1903.55,1903.41,1903.42,56.1941
2023-04-30 14:17:00,1682864220.0,1903.41,1903.42,1902.32,1902.33,84.5203
2023-04-30 14:18:00,1682864280.0,1902.33,1902.33,1901.64,1902.1,130.5065
2023-04-30 14:19:00,1682864340.0,1902.09,1902.1,1902.09,1902.1,29.0531
2023-04-30 14:20:00,1682864400.0,1902.09,1902.1,1901.88,1901.88,129.9826
2023-04-30 14:21:00,1682864460.0,1901.88,1902.63,1901.88,1902.62,60.3851
2023-04-30 14:22:00,1682864520.0,1902.62,1902.63,1901.93,1901.93,81.8818
2023-04-30 14:23:00,1682864580.0,1901.94,1901.94,1901.81,1901.93,121.6989
2023-04-30 14:24:00,1682864640.0,1901.94,1901.94,1901.89,1901.89,28.2871
2023-04-30 14:25:00,1682864700.0,1901.9,1902.57,1901.89,1902.56,120.8898
2023-04-30 14:26:00,1682864760.0,1902.57,1902.57,1902.56,1902.56,19.5269
2023-04-30 14:27:00,1682864820.0,1902.57,1902.62,1902.56,1902.62,31.5458
2023-04-30 14:28:00,1682864880.0,1902.62,1902.63,1902.01,1902.02,105.3232
2023-04-30 14:29:00,1682864940.0,1902.01,1902.02,1901.82,1901.82,36.5865
2023-04-30 14:30:00,1682865000.0,1901.82,1901.97,1901.61,1901.96,107.7903
2023-04-30 14:31:00,1682865060.0,1901.97,1902.56,1901.96,1902.55,52.7041
2023-04-30 14:32:00,1682865120.0,1902.55,1902.56,1902.1,1902.23,78.0689
2023-04-30 14:33:00,1682865180.0,1902.24,1903.24,1902.23,1902.49,164.3539
2023-04-30 14:34:00,1682865240.0,1902.5,1903.32,1902.47,1903.29,116.4184
2023-04-30 14:35:00,1682865300.0,1903.3,1903.3,1903.01,1903.02,68.7631
2023-04-30 14:36:00,1682865360.0,1903.01,1903.31,1903.01,1903.3,109.7551
2023-04-30 14:37:00,1682865420.0,1903.3,1903.43,1903.3,1903.43,56.7412
2023-04-30 14:38:00,1682865480.0,1903.42,1904.56,1903.42,1904.56,145.8282
2023-04-30 14:39:00,1682865540.0,1904.56,1907.5,1904.55,1907.49,439.3217
2023-04-30 14:40:00,1682865600.0,1907.49,1910.89,1907.49,1908.3,1132.9989
2023-04-30 14:41:00,1682865660.0,1908.3,1908.8,1908.0,1908.27,385.6689
2023-04-30 14:42:00,1682865720.0,1908.28,1908.28,1905.44,1906.4,314.2706
2023-04-30 14:43:00,1682865780.0,1906.4,1907.52,1906.39,1907.47,220.2052
2023-04-30 14:44:00,1682865840.0,1907.47,1907.63,1906.48,1906.72,208.8007
2023-04-30 14:45:00,1682865900.0,1906.72,1907.59,1906.72,1907.12,174.1098
2023-04-30 14:46:00,1682865960.0,1907.12,1907.13,1905.55,1905.56,246.3361
2023-04-30 14:47:00,1682866020.0,1905.56,1907.21,1905.55,1907.2,175.9687
2023-04-30 14:48:00,1682866080.0,1907.2,1908.27,1907.2,1908.19,407.5947
2023-04-30 14:49:00,1682866140.0,1908.19,1908.21,1907.3,1907.92,406.7086
2023-04-30 14:50:00,1682866200.0,1907.92,1908.25,1906.94,1906.98,753.5121
2023-04-30 14:51:00,1682866260.0,1906.97,1907.82,1906.97,1907.82,147.8952
2023-04-30 14:52:00,1682866320.0,1907.81,1908.43,1907.8,1907.99,233.9488
2023-04-30 14:53:00,1682866380.0,1907.98,1907.99,1907.19,1907.93,159.5883
2023-04-30 14:54:00,1682866440.0,1907.93,1907.93,1907.44,1907.44,93.5765
2023-04-30 14:55:00,1682866500.0,1907.44,1907.94,1907.44,1907.93,49.7632
2023-04-30 14:56:00,1682866560.0,1907.93,1908.6,1907.93,1908.28,118.28
2023-04-30 14:57:00,1682866620.0,1908.28,1909.4,1908.28,1908.88,225.9111
2023-04-30 14:58:00,1682866680.0,1908.87,1909.81,1908.87,1909.7,348.033
2023-04-30 14:59:00,1682866740.0,1909.69,1909.7,1908.94,1908.94,93.7236
2023-04-30 15:00:00,1682866800.0,1908.94,1910.41,1908.94,1909.37,584.7953
2023-04-30 15:01:00,1682866860.0,1909.36,1922.55,1909.01,1917.29,5722.8522
2023-04-30 15:02:00,1682866920.0,1917.3,1921.38,1916.89,1917.92,1556.9326
2023-04-30 15:03:00,1682866980.0,1917.91,1920.86,1916.91,1919.89,1251.9038
2023-04-30 15:04:00,1682867040.0,1919.9,1919.9,1915.82,1917.22,1610.2914
2023-04-30 15:05:00,1682867100.0,1917.22,1919.0,1916.8,1917.59,1254.2404
2023-04-30 15:06:00,1682867160.0,1917.59,1918.8,1916.82,1917.77,656.1268
2023-04-30 15:07:00,1682867220.0,1917.76,1919.17,1916.88,1917.6,1454.1827
2023-04-30 15:08:00,1682867280.0,1917.61,1918.69,1916.2,1916.81,629.649
2023-04-30 15:09:00,1682867340.0,1916.8,1917.33,1914.78,1915.98,2796.6445
2023-04-30 15:10:00,1682867400.0,1915.98,1917.77,1915.67,1916.09,497.4172
2023-04-30 15:11:00,1682867460.0,1916.08,1918.68,1915.82,1917.82,1608.2065
2023-04-30 15:12:00,1682867520.0,1917.81,1919.56,1917.63,1919.42,1178.6029
2023-04-30 15:13:00,1682867580.0,1919.41,1919.99,1918.06,1918.54,844.3789
2023-04-30 15:14:00,1682867640.0,1918.55,1919.78,1918.54,1919.5,560.181
2023-04-30 15:15:00,1682867700.0,1919.49,1925.44,1919.49,1921.48,7002.2597
2023-04-30 15:16:00,1682867760.0,1921.49,1923.98,1920.76,1923.79,520.3322
2023-04-30 15:17:00,1682867820.0,1923.79,1929.72,1923.78,1927.0,3153.9635
2023-04-30 15:18:00,1682867880.0,1927.0,1935.0,1927.0,1930.46,6116.533
2023-04-30 15:19:00,1682867940.0,1930.47,1935.0,1929.95,1932.08,2044.1234
2023-04-30 15:20:00,1682868000.0,1932.07,1936.49,1932.07,1936.04,1434.6555
2023-04-30 15:21:00,1682868060.0,1936.04,1936.05,1931.66,1931.95,451.6567
2023-04-30 15:22:00,1682868120.0,1931.95,1931.95,1930.21,1931.1,460.6016
2023-04-30 15:23:00,1682868180.0,1931.09,1932.6,1930.49,1931.39,722.2623
2023-04-30 15:24:00,1682868240.0,1931.4,1931.4,1927.53,1928.26,892.1278
2023-04-30 15:25:00,1682868300.0,1928.26,1932.32,1928.19,1930.63,947.6969
2023-04-30 15:26:00,1682868360.0,1930.63,1932.8,1929.48,1931.68,1119.5913
2023-04-30 15:27:00,1682868420.0,1931.68,1933.32,1931.18,1931.18,751.3272
2023-04-30 15:28:00,1682868480.0,1931.19,1931.97,1931.18,1931.45,322.8582
2023-04-30 15:29:00,1682868540.0,1931.45,1932.93,1931.45,1932.06,621.6944
2023-04-30 15:30:00,1682868600.0,1932.05,1938.36,1932.05,1937.22,2423.2608
2023-04-30 15:31:00,1682868660.0,1937.22,1937.78,1933.65,1934.17,1666.9866
2023-04-30 15:32:00,1682868720.0,1934.16,1934.44,1931.8,1932.84,1114.7824
2023-04-30 15:33:00,1682868780.0,1932.84,1935.03,1932.83,1934.01,1602.7922
2023-04-30 15:34:00,1682868840.0,1934.0,1935.2,1933.6,1933.81,283.6702
2023-04-30 15:35:00,1682868900.0,1933.8,1937.2,1933.8,1936.11,398.2075
2023-04-30 15:36:00,1682868960.0,1936.12,1936.12,1933.5,1933.8,504.9988
2023-04-30 15:37:00,1682869020.0,1933.79,1935.31,1933.01,1934.61,445.3114
2023-04-30 15:38:00,1682869080.0,1934.61,1935.47,1933.54,1934.14,482.0274
2023-04-30 15:39:00,1682869140.0,1934.14,1935.0,1933.74,1933.94,219.0646
2023-04-30 15:40:00,1682869200.0,1933.94,1936.18,1933.93,1936.0,467.5969
2023-04-30 15:41:00,1682869260.0,1936.0,1939.0,1935.94,1935.95,1416.8241
2023-04-30 15:42:00,1682869320.0,1935.95,1936.86,1933.43,1933.6,432.3465
2023-04-30 15:43:00,1682869380.0,1933.6,1934.6,1933.33,1933.45,467.2373
2023-04-30 15:44:00,1682869440.0,1933.46,1933.64,1933.05,1933.06,253.5595
2023-04-30 15:45:00,1682869500.0,1933.06,1934.16,1932.41,1933.36,397.0583
2023-04-30 15:46:00,1682869560.0,1933.37,1934.05,1928.06,1929.91,1190.4271
2023-04-30 15:47:00,1682869620.0,1929.91,1929.92,1925.41,1927.36,1109.8837
2023-04-30 15:48:00,1682869680.0,1927.37,1927.37,1922.2,1922.49,1139.5597
2023-04-30 15:49:00,1682869740.0,1922.49,1922.5,1910.78,1916.09,3719.5097
2023-04-30 15:50:00,1682869800.0,1916.09,1919.78,1914.74,1917.95,1107.0431
2023-04-30 15:51:00,1682869860.0,1917.96,1919.82,1915.16,1918.1,1184.6212
2023-04-30 15:52:00,1682869920.0,1918.1,1919.99,1917.6,1919.06,549.6219
2023-04-30 15:53:00,1682869980.0,1919.06,1922.53,1919.06,1921.25,767.4768
2023-04-30 15:54:00,1682870040.0,1921.26,1922.91,1921.03,1922.79,650.5013
2023-04-30 15:55:00,1682870100.0,1922.78,1923.47,1920.54,1920.55,1597.5973
2023-04-30 15:56:00,1682870160.0,1920.54,1922.17,1920.42,1921.81,324.8944
2023-04-30 15:57:00,1682870220.0,1921.8,1921.96,1920.01,1921.39,647.2124
2023-04-30 15:58:00,1682870280.0,1921.38,1921.39,1920.2,1920.41,120.8101
2023-04-30 15:59:00,1682870340.0,1920.42,1920.81,1919.2,1920.01,458.9679
2023-04-30 16:00:00,1682870400.0,1920.0,1923.4,1920.0,1923.04,1572.2411
2023-04-30 16:01:00,1682870460.0,1923.05,1928.52,1923.04,1926.37,2115.0461
2023-04-30 16:02:00,1682870520.0,1926.38,1930.41,1926.37,1930.19,1265.2611
2023-04-30 16:03:00,1682870580.0,1930.2,1934.2,1929.88,1933.34,1302.5944
2023-04-30 16:04:00,1682870640.0,1933.34,1933.76,1929.11,1931.6,1371.7228
2023-04-30 16:05:00,1682870700.0,1931.6,1932.95,1929.14,1929.52,1258.1508
2023-04-30 16:06:00,1682870760.0,1929.53,1931.0,1928.72,1929.6,346.7095
2023-04-30 16:07:00,1682870820.0,1929.61,1930.39,1929.56,1930.38,261.4592
2023-04-30 16:08:00,1682870880.0,1930.39,1930.4,1929.4,1929.5,157.1185
2023-04-30 16:09:00,1682870940.0,1929.49,1930.32,1929.41,1930.01,186.5662
2023-04-30 16:10:00,1682871000.0,1930.01,1931.8,1930.0,1930.81,439.8515
2023-04-30 16:11:00,1682871060.0,1930.82,1932.8,1930.45,1930.45,956.4394
2023-04-30 16:12:00,1682871120.0,1930.45,1931.98,1930.42,1930.82,358.9117
2023-04-30 16:13:00,1682871180.0,1930.82,1930.82,1928.63,1928.63,511.0614
2023-04-30 16:14:00,1682871240.0,1928.64,1929.9,1928.0,1928.41,616.9682
2023-04-30 16:15:00,1682871300.0,1928.4,1931.0,1927.41,1930.42,462.6745
2023-04-30 16:16:00,1682871360.0,1930.42,1932.5,1930.38,1932.1,358.7533
2023-04-30 16:17:00,1682871420.0,1932.11,1932.11,1929.6,1929.61,314.6262
2023-04-30 16:18:00,1682871480.0,1929.61,1930.59,1929.52,1930.12,197.5548
2023-04-30 16:19:00,1682871540.0,1930.12,1930.12,1929.53,1930.01,231.0855
2023-04-30 16:20:00,1682871600.0,1930.02,1930.02,1929.01,1929.66,283.2355
2023-04-30 16:21:00,1682871660.0,1929.67,1931.26,1929.62,1930.9,1354.432
2023-04-30 16:22:00,1682871720.0,1930.91,1931.18,1930.0,1930.0,216.7812
2023-04-30 16:23:00,1682871780.0,1930.01,1930.4,1928.8,1928.8,181.2097
2023-04-30 16:24:00,1682871840.0,1928.8,1928.81,1927.33,1927.49,282.3585
2023-04-30 16:25:00,1682871900.0,1927.5,1927.5,1924.43,1926.04,1520.0525
2023-04-30 16:26:00,1682871960.0,1926.05,1926.77,1926.0,1926.41,171.837
2023-04-30 16:27:00,1682872020.0,1926.41,1926.41,1921.17,1921.18,935.865
2023-04-30 16:28:00,1682872080.0,1921.19,1923.59,1919.0,1919.6,1500.397
2023-04-30 16:29:00,1682872140.0,1919.59,1921.39,1919.59,1920.29,2538.5612
2023-04-30 16:30:00,1682872200.0,1920.29,1922.43,1920.01,1921.41,1195.3101
2023-04-30 16:31:00,1682872260.0,1921.4,1922.2,1920.72,1922.19,169.4852
2023-04-30 16:32:00,1682872320.0,1922.2,1922.4,1921.33,1921.66,110.0112
2023-04-30 16:33:00,1682872380.0,1921.66,1923.2,1921.66,1922.57,412.8396
2023-04-30 16:34:00,1682872440.0,1922.57,1923.4,1922.56,1922.92,186.0675
2023-04-30 16:35:00,1682872500.0,1922.92,1924.96,1922.81,1922.93,219.4672
2023-04-30 16:36:00,1682872560.0,1922.93,1924.0,1922.93,1923.6,267.0608
2023-04-30 16:37:00,1682872620.0,1923.6,1925.6,1922.9,1925.59,197.3809
2023-04-30 16:38:00,1682872680.0,1925.6,1925.72,1924.19,1924.35,566.5552
2023-04-30 16:39:00,1682872740.0,1924.35,1924.36,1923.07,1923.08,113.8946
2023-04-30 16:40:00,1682872800.0,1923.07,1923.81,1922.68,1923.51,88.332
2023-04-30 16:41:00,1682872860.0,1923.5,1923.51,1922.67,1923.07,47.4095
2023-04-30 16:42:00,1682872920.0,1923.08,1923.73,1922.99,1923.41,160.7423
2023-04-30 16:43:00,1682872980.0,1923.41,1923.42,1922.47,1922.47,83.6189
2023-04-30 16:44:00,1682873040.0,1922.47,1923.4,1922.47,1922.74,185.7086
2023-04-30 16:45:00,1682873100.0,1922.73,1924.39,1922.73,1923.09,248.0828
2023-04-30 16:46:00,1682873160.0,1923.1,1924.37,1923.09,1924.37,110.3053
2023-04-30 16:47:00,1682873220.0,1924.36,1925.2,1924.07,1924.1,266.2014
2023-04-30 16:48:00,1682873280.0,1924.1,1925.75,1924.0,1925.74,935.3072
2023-04-30 16:49:00,1682873340.0,1925.75,1926.43,1925.38,1925.88,538.5202
2023-04-30 16:50:00,1682873400.0,1925.89,1926.16,1925.88,1926.0,155.0064
2023-04-30 16:51:00,1682873460.0,1926.0,1926.8,1925.96,1926.8,133.3031
2023-04-30 16:52:00,1682873520.0,1926.8,1927.57,1925.45,1925.51,1165.0718
2023-04-30 16:53:00,1682873580.0,1925.5,1925.51,1925.4,1925.42,91.5719
2023-04-30 16:54:00,1682873640.0,1925.43,1925.44,1925.09,1925.09,156.5459
2023-04-30 16:55:00,1682873700.0,1925.1,1925.71,1925.09,1925.65,124.1498
2023-04-30 16:56:00,1682873760.0,1925.64,1925.94,1925.28,1925.36,126.7764
2023-04-30 16:57:00,1682873820.0,1925.36,1925.83,1925.36,1925.51,78.3969
2023-04-30 16:58:00,1682873880.0,1925.51,1925.55,1925.5,1925.51,84.4832
2023-04-30 16:59:00,1682873940.0,1925.52,1925.62,1925.0,1925.01,144.551
2023-04-30 17:00:00,1682874000.0,1925.0,1927.38,1925.0,1927.36,293.9993
2023-04-30 17:01:00,1682874060.0,1927.36,1927.73,1927.35,1927.73,117.8945
2023-04-30 17:02:00,1682874120.0,1927.73,1927.73,1926.6,1926.61,654.5373
2023-04-30 17:03:00,1682874180.0,1926.61,1929.31,1926.51,1927.2,874.0047
2023-04-30 17:04:00,1682874240.0,1927.2,1927.36,1927.11,1927.26,69.1332
2023-04-30 17:05:00,1682874300.0,1927.25,1927.26,1924.43,1924.6,802.0025
2023-04-30 17:06:00,1682874360.0,1924.6,1925.02,1923.67,1923.67,486.3672
2023-04-30 17:07:00,1682874420.0,1923.67,1923.68,1923.0,1923.0,192.8731
2023-04-30 17:08:00,1682874480.0,1923.0,1923.09,1922.71,1922.71,157.4221
2023-04-30 17:09:00,1682874540.0,1922.71,1922.91,1922.54,1922.64,118.6835
2023-04-30 17:10:00,1682874600.0,1922.65,1923.28,1922.64,1923.27,148.033
2023-04-30 17:11:00,1682874660.0,1923.28,1924.7,1923.27,1924.43,922.882
2023-04-30 17:12:00,1682874720.0,1924.43,1924.73,1924.42,1924.73,44.7193
2023-04-30 17:13:00,1682874780.0,1924.72,1924.8,1924.42,1924.79,43.0324
2023-04-30 17:14:00,1682874840.0,1924.8,1925.15,1924.79,1924.99,55.2248
2023-04-30 17:15:00,1682874900.0,1925.0,1926.92,1924.87,1926.48,272.2851
2023-04-30 17:16:00,1682874960.0,1926.47,1927.18,1926.33,1927.17,306.6539
2023-04-30 17:17:00,1682875020.0,1927.17,1929.49,1927.01,1929.16,436.9799
2023-04-30 17:18:00,1682875080.0,1929.15,1929.17,1928.66,1928.67,86.6386
2023-04-30 17:19:00,1682875140.0,1928.67,1928.68,1927.89,1928.07,1385.2553
2023-04-30 17:20:00,1682875200.0,1928.06,1929.6,1928.06,1929.59,260.4097
2023-04-30 17:21:00,1682875260.0,1929.6,1929.8,1928.62,1929.52,153.316
2023-04-30 17:22:00,1682875320.0,1929.52,1929.61,1929.2,1929.61,184.2808
2023-04-30 17:23:00,1682875380.0,1929.61,1929.99,1929.2,1929.99,230.1052
2023-04-30 17:24:00,1682875440.0,1929.98,1929.99,1928.92,1929.13,146.5925
2023-04-30 17:25:00,1682875500.0,1929.12,1929.68,1929.0,1929.01,39.8428
2023-04-30 17:26:00,1682875560.0,1929.01,1929.76,1929.0,1929.26,122.5316
2023-04-30 17:27:00,1682875620.0,1929.26,1929.46,1929.01,1929.02,93.2335
2023-04-30 17:28:00,1682875680.0,1929.02,1929.02,1928.02,1928.4,145.4654
2023-04-30 17:29:00,1682875740.0,1928.4,1928.94,1928.0,1928.53,256.0673
2023-04-30 17:30:00,1682875800.0,1928.54,1928.54,1928.01,1928.02,52.2806
2023-04-30 17:31:00,1682875860.0,1928.02,1928.02,1927.36,1927.69,575.3615
2023-04-30 17:32:00,1682875920.0,1927.69,1928.53,1927.68,1928.53,129.3286
2023-04-30 17:33:00,1682875980.0,1928.53,1930.14,1928.52,1929.0,310.9099
2023-04-30 17:34:00,1682876040.0,1929.0,1930.87,1929.0,1930.16,144.7907
2023-04-30 17:35:00,1682876100.0,1930.15,1930.16,1928.66,1929.15,120.363
2023-04-30 17:36:00,1682876160.0,1929.16,1929.16,1928.46,1928.54,55.8148
2023-04-30 17:37:00,1682876220.0,1928.53,1928.53,1927.86,1927.86,69.9648
2023-04-30 17:38:00,1682876280.0,1927.86,1927.87,1927.0,1927.33,167.0971
2023-04-30 17:39:00,1682876340.0,1927.33,1927.86,1927.33,1927.6,103.0223
2023-04-30 17:40:00,1682876400.0,1927.6,1927.72,1926.38,1926.56,680.7334
2023-04-30 17:41:00,1682876460.0,1926.57,1926.57,1926.15,1926.34,79.8337
2023-04-30 17:42:00,1682876520.0,1926.33,1927.3,1926.33,1927.19,59.4798
2023-04-30 17:43:00,1682876580.0,1927.18,1927.34,1926.84,1927.19,50.465
2023-04-30 17:44:00,1682876640.0,1927.18,1927.19,1926.4,1926.72,136.2433
2023-04-30 17:45:00,1682876700.0,1926.72,1926.73,1925.83,1926.29,90.8899
2023-04-30 17:46:00,1682876760.0,1926.28,1927.36,1926.28,1926.58,202.1133
2023-04-30 17:47:00,1682876820.0,1926.59,1926.59,1926.2,1926.2,80.8923
2023-04-30 17:48:00,1682876880.0,1926.2,1926.21,1925.86,1925.87,42.0721
2023-04-30 17:49:00,1682876940.0,1925.86,1925.87,1923.54,1924.11,520.2
2023-04-30 17:50:00,1682877000.0,1924.1,1924.39,1923.98,1924.12,87.2113
2023-04-30 17:51:00,1682877060.0,1924.13,1924.13,1922.51,1923.4,188.6748
2023-04-30 17:52:00,1682877120.0,1923.41,1923.8,1922.8,1922.8,136.9973
2023-04-30 17:53:00,1682877180.0,1922.8,1923.27,1922.77,1922.99,272.9783
2023-04-30 17:54:00,1682877240.0,1922.99,1923.0,1922.0,1922.22,213.0665
2023-04-30 17:55:00,1682877300.0,1922.21,1922.6,1921.68,1922.59,142.5584
2023-04-30 17:56:00,1682877360.0,1922.6,1922.8,1922.51,1922.52,66.1771
2023-04-30 17:57:00,1682877420.0,1922.51,1923.72,1922.51,1923.41,207.7949
2023-04-30 17:58:00,1682877480.0,1923.4,1923.41,1923.03,1923.04,62.0342
2023-04-30 17:59:00,1682877540.0,1923.04,1923.04,1921.67,1921.83,224.201
2023-04-30 18:00:00,1682877600.0,1921.84,1922.32,1920.98,1920.98,373.4521
2023-04-30 18:01:00,1682877660.0,1920.99,1920.99,1917.04,1917.61,1202.43
2023-04-30 18:02:00,1682877720.0,1917.61,1917.76,1913.45,1917.56,1854.951
2023-04-30 18:03:00,1682877780.0,1917.57,1918.96,1916.6,1917.11,393.8485
2023-04-30 18:04:00,1682877840.0,1917.11,1918.12,1915.58,1917.8,430.9535
2023-04-30 18:05:00,1682877900.0,1917.8,1919.31,1917.62,1918.4,168.4404
2023-04-30 18:06:00,1682877960.0,1918.41,1920.33,1918.29,1918.8,719.5868
2023-04-30 18:07:00,1682878020.0,1918.8,1920.1,1918.6,1919.8,221.5194
2023-04-30 18:08:00,1682878080.0,1919.8,1920.02,1919.12,1919.31,115.7106
2023-04-30 18:09:00,1682878140.0,1919.31,1920.16,1919.25,1919.48,68.3388
2023-04-30 18:10:00,1682878200.0,1919.47,1920.01,1919.21,1919.59,218.8549
2023-04-30 18:11:00,1682878260.0,1919.59,1920.88,1919.45,1920.88,167.1602
2023-04-30 18:12:00,1682878320.0,1920.87,1921.57,1920.48,1920.94,194.2281
2023-04-30 18:13:00,1682878380.0,1920.94,1922.58,1920.65,1922.57,434.3586
2023-04-30 18:14:00,1682878440.0,1922.57,1922.6,1922.03,1922.6,158.7862
2023-04-30 18:15:00,1682878500.0,1922.59,1922.92,1922.59,1922.76,90.4702
2023-04-30 18:16:00,1682878560.0,1922.75,1922.79,1922.59,1922.59,101.2459
2023-04-30 18:17:00,1682878620.0,1922.6,1923.02,1922.47,1923.01,110.5527
2023-04-30 18:18:00,1682878680.0,1923.02,1923.06,1922.86,1923.06,61.367
2023-04-30 18:19:00,1682878740.0,1923.06,1923.42,1923.05,1923.41,51.2542
2023-04-30 18:20:00,1682878800.0,1923.42,1923.42,1922.66,1922.92,158.627
2023-04-30 18:21:00,1682878860.0,1922.92,1923.2,1922.81,1922.91,69.1682
2023-04-30 18:22:00,1682878920.0,1922.91,1922.99,1922.54,1922.99,59.6705
2023-04-30 18:23:00,1682878980.0,1922.98,1922.99,1921.88,1921.88,118.6395
2023-04-30 18:24:00,1682879040.0,1921.88,1922.44,1921.88,1922.08,107.0415
2023-04-30 18:25:00,1682879100.0,1922.07,1922.08,1921.0,1921.1,124.5406
2023-04-30 18:26:00,1682879160.0,1921.09,1923.44,1921.09,1923.44,131.2731
2023-04-30 18:27:00,1682879220.0,1923.44,1923.44,1922.93,1922.94,53.1861
2023-04-30 18:28:00,1682879280.0,1922.93,1922.94,1922.93,1922.94,15.7651
2023-04-30 18:29:00,1682879340.0,1922.94,1922.94,1922.62,1922.63,66.9074
2023-04-30 18:30:00,1682879400.0,1922.62,1922.63,1922.17,1922.37,90.8191
2023-04-30 18:31:00,1682879460.0,1922.36,1922.58,1922.15,1922.28,53.9034
2023-04-30 18:32:00,1682879520.0,1922.28,1922.52,1921.4,1921.49,71.1212
2023-04-30 18:33:00,1682879580.0,1921.51,1921.51,1920.06,1920.49,316.5455
2023-04-30 18:34:00,1682879640.0,1920.5,1921.0,1919.99,1921.0,261.7528
2023-04-30 18:35:00,1682879700.0,1920.99,1921.0,1920.08,1920.39,173.8094
2023-04-30 18:36:00,1682879760.0,1920.4,1920.94,1920.18,1920.94,196.6046
2023-04-30 18:37:00,1682879820.0,1920.93,1921.0,1919.87,1920.02,538.4329
2023-04-30 18:38:00,1682879880.0,1920.02,1920.48,1919.54,1920.03,195.9242
2023-04-30 18:39:00,1682879940.0,1920.03,1920.6,1920.03,1920.45,111.6367
2023-04-30 18:40:00,1682880000.0,1920.45,1920.97,1920.0,1920.47,455.936
2023-04-30 18:41:00,1682880060.0,1920.46,1920.47,1920.0,1920.0,47.367
2023-04-30 18:42:00,1682880120.0,1920.01,1920.2,1920.0,1920.19,27.8136
2023-04-30 18:43:00,1682880180.0,1920.2,1920.63,1920.19,1920.63,28.8582
2023-04-30 18:44:00,1682880240.0,1920.62,1920.86,1920.62,1920.85,92.9961
2023-04-30 18:45:00,1682880300.0,1920.86,1920.86,1917.13,1918.22,274.8974
2023-04-30 18:46:00,1682880360.0,1918.23,1918.26,1917.85,1918.25,70.839
2023-04-30 18:47:00,1682880420.0,1918.26,1918.26,1917.1,1917.11,110.3492
2023-04-30 18:48:00,1682880480.0,1917.1,1918.98,1917.1,1918.98,75.2385
2023-04-30 18:49:00,1682880540.0,1918.97,1920.2,1918.57,1919.89,275.3544
2023-04-30 18:50:00,1682880600.0,1919.88,1920.19,1919.88,1919.92,83.2753
2023-04-30 18:51:00,1682880660.0,1919.92,1921.0,1919.92,1920.99,81.6068
2023-04-30 18:52:00,1682880720.0,1920.99,1921.16,1920.99,1921.15,33.6483
2023-04-30 18:53:00,1682880780.0,1921.15,1921.17,1920.63,1920.64,139.5272
2023-04-30 18:54:00,1682880840.0,1920.64,1920.64,1919.79,1919.8,40.7673
2023-04-30 18:55:00,1682880900.0,1919.79,1920.39,1919.79,1920.17,157.8543
2023-04-30 18:56:00,1682880960.0,1920.17,1920.17,1918.03,1918.66,335.2585
2023-04-30 18:57:00,1682881020.0,1918.66,1919.13,1918.48,1918.88,172.9359
2023-04-30 18:58:00,1682881080.0,1918.88,1919.2,1918.26,1918.27,66.8667
2023-04-30 18:59:00,1682881140.0,1918.27,1918.6,1917.73,1918.14,206.9664
2023-04-30 19:00:00,1682881200.0,1918.14,1918.14,1916.69,1917.37,202.7368
2023-04-30 19:01:00,1682881260.0,1917.37,1917.72,1917.31,1917.56,242.9924
2023-04-30 19:02:00,1682881320.0,1917.57,1918.55,1917.56,1918.54,83.2689
2023-04-30 19:03:00,1682881380.0,1918.54,1919.29,1918.54,1919.29,122.273
2023-04-30 19:04:00,1682881440.0,1919.28,1919.29,1918.94,1919.2,141.7271
2023-04-30 19:05:00,1682881500.0,1919.21,1919.21,1918.97,1919.0,129.3106
2023-04-30 19:06:00,1682881560.0,1918.99,1919.0,1918.11,1918.44,312.2748
2023-04-30 19:07:00,1682881620.0,1918.43,1918.44,1916.98,1916.99,139.9833
2023-04-30 19:08:00,1682881680.0,1916.99,1916.99,1907.76,1910.86,5486.5354
2023-04-30 19:09:00,1682881740.0,1910.85,1911.7,1906.05,1908.56,1107.1442
2023-04-30 19:10:00,1682881800.0,1908.56,1911.0,1907.29,1909.27,801.4189
2023-04-30 19:11:00,1682881860.0,1909.28,1911.8,1909.27,1911.79,236.0355
2023-04-30 19:12:00,1682881920.0,1911.79,1911.97,1909.59,1910.79,315.2712
2023-04-30 19:13:00,1682881980.0,1910.79,1911.78,1908.54,1908.54,236.0055
2023-04-30 19:14:00,1682882040.0,1908.54,1910.17,1907.94,1909.2,397.8286
2023-04-30 19:15:00,1682882100.0,1909.2,1910.11,1907.0,1909.39,545.531
2023-04-30 19:16:00,1682882160.0,1909.38,1909.39,1907.24,1907.61,319.133
2023-04-30 19:17:00,1682882220.0,1907.61,1908.5,1907.03,1907.9,281.1665
2023-04-30 19:18:00,1682882280.0,1907.9,1908.0,1904.41,1905.02,1313.2356
2023-04-30 19:19:00,1682882340.0,1905.01,1905.11,1895.27,1899.61,4520.0546
2023-04-30 19:20:00,1682882400.0,1899.61,1900.54,1892.97,1897.27,2449.1336
2023-04-30 19:21:00,1682882460.0,1897.27,1900.0,1895.48,1896.14,1363.2536
2023-04-30 19:22:00,1682882520.0,1896.14,1898.84,1895.58,1896.76,867.9901
2023-04-30 19:23:00,1682882580.0,1896.76,1901.12,1896.76,1901.11,751.6754
2023-04-30 19:24:00,1682882640.0,1901.11,1901.57,1899.24,1900.34,650.9956
2023-04-30 19:25:00,1682882700.0,1900.35,1901.84,1900.34,1901.73,200.555
2023-04-30 19:26:00,1682882760.0,1901.74,1902.47,1900.28,1901.95,390.9708
2023-04-30 19:27:00,1682882820.0,1901.94,1903.05,1900.54,1902.93,307.5201
2023-04-30 19:28:00,1682882880.0,1902.93,1903.25,1901.54,1903.18,347.8234
2023-04-30 19:29:00,1682882940.0,1903.18,1903.42,1902.0,1903.39,263.168
2023-04-30 19:30:00,1682883000.0,1903.4,1903.4,1900.62,1900.63,208.5808
2023-04-30 19:31:00,1682883060.0,1900.62,1901.8,1900.06,1901.09,287.5268
2023-04-30 19:32:00,1682883120.0,1901.09,1901.44,1900.11,1901.43,364.5457
2023-04-30 19:33:00,1682883180.0,1901.44,1902.6,1901.01,1902.6,186.0346
2023-04-30 19:34:00,1682883240.0,1902.6,1902.6,1900.2,1900.98,512.7114
2023-04-30 19:35:00,1682883300.0,1900.98,1900.99,1899.51,1899.69,219.477
2023-04-30 19:36:00,1682883360.0,1899.69,1900.22,1898.13,1899.99,311.2299
2023-04-30 19:37:00,1682883420.0,1899.99,1901.41,1899.63,1901.35,110.5014
2023-04-30 19:38:00,1682883480.0,1901.34,1901.58,1900.34,1901.58,173.1414
2023-04-30 19:39:00,1682883540.0,1901.58,1902.56,1901.07,1901.74,416.1918
2023-04-30 19:40:00,1682883600.0,1901.75,1904.1,1901.43,1903.78,418.5719
2023-04-30 19:41:00,1682883660.0,1903.78,1904.47,1903.58,1904.39,249.1714
2023-04-30 19:42:00,1682883720.0,1904.39,1904.39,1903.19,1903.2,230.3083
2023-04-30 19:43:00,1682883780.0,1903.19,1903.51,1902.37,1902.57,303.836
2023-04-30 19:44:00,1682883840.0,1902.57,1904.11,1902.56,1904.1,137.6606
2023-04-30 19:45:00,1682883900.0,1904.1,1904.11,1902.04,1902.46,313.1599
2023-04-30 19:46:00,1682883960.0,1902.46,1902.93,1901.8,1902.92,237.7837
2023-04-30 19:47:00,1682884020.0,1902.92,1903.78,1902.64,1903.78,356.9892
2023-04-30 19:48:00,1682884080.0,1903.77,1904.79,1903.57,1904.3,283.5178
2023-04-30 19:49:00,1682884140.0,1904.31,1904.79,1904.3,1904.78,133.5948
2023-04-30 19:50:00,1682884200.0,1904.78,1904.8,1903.77,1904.0,250.5165
2023-04-30 19:51:00,1682884260.0,1903.99,1904.7,1903.67,1904.69,112.18
2023-04-30 19:52:00,1682884320.0,1904.69,1905.1,1904.41,1904.72,99.9089
2023-04-30 19:53:00,1682884380.0,1904.72,1905.07,1904.09,1904.43,283.3112
2023-04-30 19:54:00,1682884440.0,1904.42,1905.09,1904.42,1905.09,140.2391
2023-04-30 19:55:00,1682884500.0,1905.09,1905.09,1903.84,1904.27,275.023
2023-04-30 19:56:00,1682884560.0,1904.27,1904.64,1903.84,1904.64,142.1569
2023-04-30 19:57:00,1682884620.0,1904.64,1904.66,1902.3,1902.47,382.9218
2023-04-30 19:58:00,1682884680.0,1902.47,1904.68,1902.16,1904.61,180.5028
2023-04-30 19:59:00,1682884740.0,1904.62,1904.84,1904.61,1904.83,62.4729
2023-04-30 20:00:00,1682884800.0,1904.83,1904.83,1902.14,1902.88,551.1213
2023-04-30 20:01:00,1682884860.0,1902.87,1902.88,1897.71,1899.25,981.4842
2023-04-30 20:02:00,1682884920.0,1899.24,1900.03,1895.01,1895.41,2795.4338
2023-04-30 20:03:00,1682884980.0,1895.42,1896.11,1886.0,1886.09,4171.9205
2023-04-30 20:04:00,1682885040.0,1886.1,1890.19,1883.77,1887.62,2848.1762
2023-04-30 20:05:00,1682885100.0,1887.62,1888.0,1879.53,1887.01,3636.486
2023-04-30 20:06:00,1682885160.0,1887.0,1888.59,1885.55,1887.55,889.929
2023-04-30 20:07:00,1682885220.0,1887.56,1887.56,1884.27,1886.3,841.5096
2023-04-30 20:08:00,1682885280.0,1886.29,1888.23,1885.04,1886.77,788.5132
2023-04-30 20:09:00,1682885340.0,1886.77,1889.37,1886.77,1888.69,408.5201
2023-04-30 20:10:00,1682885400.0,1888.7,1888.7,1882.0,1882.74,1474.9842
2023-04-30 20:11:00,1682885460.0,1882.73,1884.23,1880.01,1881.94,941.6285
2023-04-30 20:12:00,1682885520.0,1881.94,1883.64,1878.31,1881.28,1039.8814
2023-04-30 20:13:00,1682885580.0,1881.28,1884.33,1880.9,1884.32,883.1455
2023-04-30 20:14:00,1682885640.0,1884.33,1884.72,1882.62,1883.98,621.6856
2023-04-30 20:15:00,1682885700.0,1883.97,1883.98,1880.05,1880.06,775.0339
2023-04-30 20:16:00,1682885760.0,1880.07,1885.77,1880.01,1884.88,681.8942
2023-04-30 20:17:00,1682885820.0,1884.89,1886.08,1884.68,1884.85,547.8865
2023-04-30 20:18:00,1682885880.0,1884.85,1885.86,1884.02,1884.82,533.6535
2023-04-30 20:19:00,1682885940.0,1884.81,1887.69,1884.81,1887.25,1114.7172
2023-04-30 20:20:00,1682886000.0,1887.25,1888.95,1885.33,1886.31,491.9953
2023-04-30 20:21:00,1682886060.0,1886.31,1887.21,1885.54,1886.52,149.929
2023-04-30 20:22:00,1682886120.0,1886.52,1886.96,1886.24,1886.88,97.6426
2023-04-30 20:23:00,1682886180.0,1886.88,1890.36,1886.74,1889.26,660.6834
2023-04-30 20:24:00,1682886240.0,1889.25,1889.38,1888.01,1888.81,264.1388
2023-04-30 20:25:00,1682886300.0,1888.81,1891.72,1888.81,1889.32,564.5087
2023-04-30 20:26:00,1682886360.0,1889.32,1890.49,1888.96,1890.49,465.379
2023-04-30 20:27:00,1682886420.0,1890.48,1891.09,1889.77,1890.29,279.1721
2023-04-30 20:28:00,1682886480.0,1890.29,1890.58,1889.78,1890.58,270.0039
2023-04-30 20:29:00,1682886540.0,1890.57,1892.16,1890.57,1891.73,286.8462
2023-04-30 20:30:00,1682886600.0,1891.72,1891.73,1889.62,1890.6,474.3572
2023-04-30 20:31:00,1682886660.0,1890.6,1891.41,1889.2,1891.25,273.2902
2023-04-30 20:32:00,1682886720.0,1891.25,1892.4,1890.93,1892.39,238.8529
2023-04-30 20:33:00,1682886780.0,1892.4,1892.4,1891.02,1891.03,280.4056
2023-04-30 20:34:00,1682886840.0,1891.02,1891.49,1890.61,1890.81,472.3091
2023-04-30 20:35:00,1682886900.0,1890.8,1890.99,1889.62,1890.0,429.1172
2023-04-30 20:36:00,1682886960.0,1890.0,1890.94,1889.28,1890.26,203.4965
2023-04-30 20:37:00,1682887020.0,1890.25,1890.54,1889.9,1890.46,213.1323
2023-04-30 20:38:00,1682887080.0,1890.45,1891.03,1890.31,1890.7,95.082
2023-04-30 20:39:00,1682887140.0,1890.69,1890.78,1890.58,1890.73,168.3789
2023-04-30 20:40:00,1682887200.0,1890.73,1890.74,1889.83,1890.31,126.3369
2023-04-30 20:41:00,1682887260.0,1890.31,1891.49,1890.31,1891.48,212.9519
2023-04-30 20:42:00,1682887320.0,1891.48,1892.84,1891.34,1892.83,169.0311
2023-04-30 20:43:00,1682887380.0,1892.83,1893.07,1892.62,1893.04,157.9143
2023-04-30 20:44:00,1682887440.0,1893.03,1893.47,1892.25,1892.69,262.339
2023-04-30 20:45:00,1682887500.0,1892.69,1893.24,1891.37,1891.78,261.1921
2023-04-30 20:46:00,1682887560.0,1891.77,1891.87,1891.0,1891.35,44.4577
2023-04-30 20:47:00,1682887620.0,1891.35,1891.42,1891.24,1891.24,78.705
2023-04-30 20:48:00,1682887680.0,1891.24,1891.68,1890.67,1891.67,121.7728
2023-04-30 20:49:00,1682887740.0,1891.68,1891.99,1891.56,1891.98,109.5653
2023-04-30 20:50:00,1682887800.0,1891.98,1893.09,1891.56,1893.08,95.0167
2023-04-30 20:51:00,1682887860.0,1893.09,1893.09,1891.23,1891.66,277.8688
2023-04-30 20:52:00,1682887920.0,1891.67,1891.88,1891.25,1891.51,116.9553
2023-04-30 20:53:00,1682887980.0,1891.51,1892.08,1891.5,1892.07,60.9557
2023-04-30 20:54:00,1682888040.0,1892.08,1892.08,1891.0,1891.98,286.2585
2023-04-30 20:55:00,1682888100.0,1891.98,1892.07,1890.31,1890.99,175.2283
2023-04-30 20:56:00,1682888160.0,1890.99,1891.0,1889.94,1890.88,145.4055
2023-04-30 20:57:00,1682888220.0,1890.88,1891.3,1890.87,1891.3,22.528
2023-04-30 20:58:00,1682888280.0,1891.29,1891.54,1891.29,1891.54,25.304
2023-04-30 20:59:00,1682888340.0,1891.53,1891.91,1891.41,1891.9,152.809
2023-04-30 21:00:00,1682888400.0,1891.91,1891.91,1890.01,1891.9,339.3668
2023-04-30 21:01:00,1682888460.0,1891.9,1891.91,1891.34,1891.7,108.105
2023-04-30 21:02:00,1682888520.0,1891.69,1894.39,1891.69,1894.23,341.5312
2023-04-30 21:03:00,1682888580.0,1894.24,1896.17,1894.23,1895.0,512.9631
2023-04-30 21:04:00,1682888640.0,1895.01,1895.01,1894.44,1894.57,289.3478
2023-04-30 21:05:00,1682888700.0,1894.58,1894.58,1893.26,1893.27,144.2927
2023-04-30 21:06:00,1682888760.0,1893.26,1893.39,1892.51,1892.83,122.2689
2023-04-30 21:07:00,1682888820.0,1892.83,1893.7,1892.39,1893.69,100.1445
2023-04-30 21:08:00,1682888880.0,1893.7,1895.36,1893.56,1895.35,183.3677
2023-04-30 21:09:00,1682888940.0,1895.35,1897.24,1895.35,1896.29,429.3204
2023-04-30 21:10:00,1682889000.0,1896.28,1897.09,1896.13,1896.45,321.3767
2023-04-30 21:11:00,1682889060.0,1896.45,1896.45,1895.63,1895.69,97.2937
2023-04-30 21:12:00,1682889120.0,1895.7,1896.01,1895.05,1895.39,242.2665
2023-04-30 21:13:00,1682889180.0,1895.39,1895.4,1895.39,1895.39,39.5157
2023-04-30 21:14:00,1682889240.0,1895.4,1895.92,1895.39,1895.84,126.1814
2023-04-30 21:15:00,1682889300.0,1895.84,1895.84,1894.87,1895.04,114.1987
2023-04-30 21:16:00,1682889360.0,1895.03,1895.04,1894.13,1894.24,115.7386
2023-04-30 21:17:00,1682889420.0,1894.24,1894.34,1892.65,1893.63,235.056
2023-04-30 21:18:00,1682889480.0,1893.64,1893.64,1893.01,1893.63,101.0959
2023-04-30 21:19:00,1682889540.0,1893.62,1894.17,1893.62,1893.91,94.1939
2023-04-30 21:20:00,1682889600.0,1893.91,1895.32,1893.9,1894.83,195.721
2023-04-30 21:21:00,1682889660.0,1894.84,1894.84,1893.9,1893.9,167.4173
2023-04-30 21:22:00,1682889720.0,1893.9,1893.91,1892.68,1892.69,122.9278
2023-04-30 21:23:00,1682889780.0,1892.68,1893.11,1892.67,1893.1,244.099
2023-04-30 21:24:00,1682889840.0,1893.11,1893.79,1893.11,1893.78,213.9851
2023-04-30 21:25:00,1682889900.0,1893.79,1893.79,1893.25,1893.77,157.8408
2023-04-30 21:26:00,1682889960.0,1893.76,1894.5,1893.6,1894.49,99.5436
2023-04-30 21:27:00,1682890020.0,1894.49,1895.84,1894.49,1895.61,632.3419
2023-04-30 21:28:00,1682890080.0,1895.61,1896.51,1894.81,1896.16,399.1864
2023-04-30 21:29:00,1682890140.0,1896.16,1897.0,1896.16,1896.78,175.0387
2023-04-30 21:30:00,1682890200.0,1896.77,1896.78,1895.03,1895.03,159.772
2023-04-30 21:31:00,1682890260.0,1895.04,1895.04,1894.82,1894.83,51.554
2023-04-30 21:32:00,1682890320.0,1894.83,1894.83,1893.01,1893.11,137.6845
2023-04-30 21:33:00,1682890380.0,1893.1,1893.67,1893.1,1893.67,29.187
2023-04-30 21:34:00,1682890440.0,1893.67,1896.06,1893.66,1895.97,230.3737
2023-04-30 21:35:00,1682890500.0,1895.97,1896.59,1895.21,1896.58,273.049
2023-04-30 21:36:00,1682890560.0,1896.58,1897.1,1896.11,1896.23,213.4017
2023-04-30 21:37:00,1682890620.0,1896.22,1896.23,1894.01,1894.55,376.1307
2023-04-30 21:38:00,1682890680.0,1894.56,1894.56,1893.41,1894.18,311.2246
2023-04-30 21:39:00,1682890740.0,1894.18,1894.32,1894.16,1894.31,31.0452
2023-04-30 21:40:00,1682890800.0,1894.32,1894.32,1894.06,1894.1,64.0154
2023-04-30 21:41:00,1682890860.0,1894.1,1894.78,1894.06,1894.07,156.9191
2023-04-30 21:42:00,1682890920.0,1894.07,1894.07,1892.65,1893.11,148.8528
2023-04-30 21:43:00,1682890980.0,1893.11,1893.5,1893.1,1893.2,133.3865
2023-04-30 21:44:00,1682891040.0,1893.2,1893.21,1891.36,1891.37,243.7118
2023-04-30 21:45:00,1682891100.0,1891.37,1892.74,1891.36,1892.38,91.8921
2023-04-30 21:46:00,1682891160.0,1892.39,1893.11,1892.38,1893.04,102.3568
2023-04-30 21:47:00,1682891220.0,1893.04,1893.46,1893.03,1893.45,33.7013
2023-04-30 21:48:00,1682891280.0,1893.45,1894.09,1893.45,1893.51,75.3932
2023-04-30 21:49:00,1682891340.0,1893.5,1893.51,1892.96,1892.97,31.6187
2023-04-30 21:50:00,1682891400.0,1892.96,1894.72,1892.96,1894.72,130.9016
2023-04-30 21:51:00,1682891460.0,1894.72,1894.72,1893.46,1893.58,136.5588
2023-04-30 21:52:00,1682891520.0,1893.58,1894.07,1892.67,1892.68,194.2844
2023-04-30 21:53:00,1682891580.0,1892.67,1893.87,1892.25,1893.87,90.5318
2023-04-30 21:54:00,1682891640.0,1893.87,1894.71,1893.86,1894.71,88.0318
2023-04-30 21:55:00,1682891700.0,1894.71,1894.87,1894.7,1894.87,50.376
2023-04-30 21:56:00,1682891760.0,1894.87,1894.97,1894.5,1894.51,43.3525
2023-04-30 21:57:00,1682891820.0,1894.51,1894.51,1893.57,1893.57,108.7683
2023-04-30 21:58:00,1682891880.0,1893.57,1894.53,1893.28,1894.53,72.0906
2023-04-30 21:59:00,1682891940.0,1894.52,1894.53,1894.18,1894.19,84.1418
2023-04-30 22:00:00,1682892000.0,1894.18,1894.19,1892.08,1892.09,269.1819
2023-04-30 22:01:00,1682892060.0,1892.09,1894.0,1891.85,1892.5,434.0535
2023-04-30 22:02:00,1682892120.0,1892.5,1893.43,1892.36,1892.36,315.9842
2023-04-30 22:03:00,1682892180.0,1892.36,1893.26,1892.14,1893.25,223.3302
2023-04-30 22:04:00,1682892240.0,1893.25,1894.49,1893.25,1894.05,204.4255
2023-04-30 22:05:00,1682892300.0,1894.05,1894.99,1893.76,1894.84,251.1448
2023-04-30 22:06:00,1682892360.0,1894.84,1895.0,1894.66,1894.66,103.0798
2023-04-30 22:07:00,1682892420.0,1894.67,1894.72,1894.29,1894.67,170.2424
2023-04-30 22:08:00,1682892480.0,1894.66,1894.78,1894.42,1894.42,56.9678
2023-04-30 22:09:00,1682892540.0,1894.42,1894.91,1894.42,1894.91,56.2769
2023-04-30 22:10:00,1682892600.0,1894.9,1894.91,1894.6,1894.61,75.7113
2023-04-30 22:11:00,1682892660.0,1894.61,1894.88,1894.3,1894.75,73.5363
2023-04-30 22:12:00,1682892720.0,1894.76,1895.24,1894.75,1895.24,74.445
2023-04-30 22:13:00,1682892780.0,1895.24,1895.24,1895.23,1895.24,95.8984
2023-04-30 22:14:00,1682892840.0,1895.23,1895.41,1895.1,1895.12,156.3486
2023-04-30 22:15:00,1682892900.0,1895.12,1895.13,1894.04,1894.17,423.67
2023-04-30 22:16:00,1682892960.0,1894.17,1894.18,1893.37,1893.45,152.7427
2023-04-30 22:17:00,1682893020.0,1893.45,1894.67,1893.1,1894.67,105.0516
2023-04-30 22:18:00,1682893080.0,1894.67,1894.67,1894.43,1894.44,17.0259
2023-04-30 22:19:00,1682893140.0,1894.44,1895.36,1894.43,1895.13,65.3199
2023-04-30 22:20:00,1682893200.0,1895.12,1895.56,1895.12,1895.55,88.1579
2023-04-30 22:21:00,1682893260.0,1895.56,1895.56,1893.71,1893.75,241.9851
2023-04-30 22:22:00,1682893320.0,1893.74,1893.75,1892.22,1892.49,192.507
2023-04-30 22:23:00,1682893380.0,1892.49,1893.13,1891.48,1893.13,296.6279
2023-04-30 22:24:00,1682893440.0,1893.13,1893.46,1893.05,1893.45,57.9334
2023-04-30 22:25:00,1682893500.0,1893.46,1893.47,1892.84,1893.25,60.4092
2023-04-30 22:26:00,1682893560.0,1893.25,1893.99,1893.25,1893.98,58.5684
2023-04-30 22:27:00,1682893620.0,1893.99,1893.99,1893.06,1893.57,206.4495
2023-04-30 22:28:00,1682893680.0,1893.57,1894.08,1893.57,1894.08,31.8529
2023-04-30 22:29:00,1682893740.0,1894.08,1894.73,1894.07,1894.43,125.6152
2023-04-30 22:30:00,1682893800.0,1894.42,1895.16,1893.93,1894.46,185.9271
2023-04-30 22:31:00,1682893860.0,1894.46,1894.47,1893.25,1893.26,117.0192
2023-04-30 22:32:00,1682893920.0,1893.26,1893.26,1892.54,1892.71,128.4845
2023-04-30 22:33:00,1682893980.0,1892.71,1892.9,1891.5,1891.5,220.4005
2023-04-30 22:34:00,1682894040.0,1891.5,1892.33,1890.0,1892.33,714.0562
2023-04-30 22:35:00,1682894100.0,1892.33,1893.24,1891.93,1893.23,244.498
2023-04-30 22:36:00,1682894160.0,1893.24,1893.53,1892.98,1893.52,78.0644
2023-04-30 22:37:00,1682894220.0,1893.53,1893.77,1892.09,1892.1,124.6368
2023-04-30 22:38:00,1682894280.0,1892.09,1892.18,1891.51,1892.17,136.427
2023-04-30 22:39:00,1682894340.0,1892.18,1892.92,1892.17,1892.91,52.8511
2023-04-30 22:40:00,1682894400.0,1892.92,1892.92,1892.91,1892.92,19.2419
2023-04-30 22:41:00,1682894460.0,1892.91,1892.92,1892.62,1892.71,120.8632
2023-04-30 22:42:00,1682894520.0,1892.71,1893.22,1892.7,1893.21,29.5308
2023-04-30 22:43:00,1682894580.0,1893.22,1893.36,1893.01,1893.36,42.0382
2023-04-30 22:44:00,1682894640.0,1893.35,1893.6,1893.35,1893.59,26.4157
2023-04-30 22:45:00,1682894700.0,1893.59,1893.97,1893.59,1893.68,76.3967
2023-04-30 22:46:00,1682894760.0,1893.67,1894.06,1893.21,1893.21,156.1589
2023-04-30 22:47:00,1682894820.0,1893.21,1893.22,1892.6,1892.61,195.1811
2023-04-30 22:48:00,1682894880.0,1892.61,1893.89,1892.6,1893.88,110.3274
2023-04-30 22:49:00,1682894940.0,1893.89,1894.0,1893.88,1893.99,15.6818
2023-04-30 22:50:00,1682895000.0,1894.0,1894.58,1893.78,1893.79,149.7335
2023-04-30 22:51:00,1682895060.0,1893.78,1893.8,1892.96,1892.96,109.9763
2023-04-30 22:52:00,1682895120.0,1892.96,1893.4,1892.96,1893.4,43.0938
2023-04-30 22:53:00,1682895180.0,1893.39,1893.4,1893.39,1893.4,31.8257
2023-04-30 22:54:00,1682895240.0,1893.4,1893.4,1893.39,1893.39,14.7381
2023-04-30 22:55:00,1682895300.0,1893.39,1893.42,1892.4,1892.41,75.6081
2023-04-30 22:56:00,1682895360.0,1892.42,1892.42,1892.08,1892.09,73.1057
2023-04-30 22:57:00,1682895420.0,1892.09,1892.09,1891.08,1891.74,184.5069
2023-04-30 22:58:00,1682895480.0,1891.75,1892.57,1891.74,1892.2,124.0226
2023-04-30 22:59:00,1682895540.0,1892.19,1892.4,1892.19,1892.39,41.934
2023-04-30 23:00:00,1682895600.0,1892.39,1892.4,1889.11,1890.1,1252.717
2023-04-30 23:01:00,1682895660.0,1890.09,1890.27,1886.57,1889.17,1018.8782
2023-04-30 23:02:00,1682895720.0,1889.17,1889.17,1888.31,1889.03,298.0605
2023-04-30 23:03:00,1682895780.0,1889.02,1889.16,1888.65,1888.71,141.7069
2023-04-30 23:04:00,1682895840.0,1888.71,1888.9,1888.4,1888.73,112.0634
2023-04-30 23:05:00,1682895900.0,1888.73,1889.12,1888.14,1889.11,149.4088
2023-04-30 23:06:00,1682895960.0,1889.12,1890.88,1889.11,1890.88,214.0326
2023-04-30 23:07:00,1682896020.0,1890.88,1891.39,1890.87,1891.17,113.1919
2023-04-30 23:08:00,1682896080.0,1891.18,1892.02,1891.17,1892.02,396.292
2023-04-30 23:09:00,1682896140.0,1892.01,1893.25,1892.01,1893.25,179.4645
2023-04-30 23:10:00,1682896200.0,1893.24,1893.25,1891.85,1892.02,238.8026
2023-04-30 23:11:00,1682896260.0,1892.02,1892.4,1892.02,1892.39,54.7446
2023-04-30 23:12:00,1682896320.0,1892.39,1892.41,1891.48,1891.96,143.1111
2023-04-30 23:13:00,1682896380.0,1891.97,1891.98,1891.96,1891.97,41.8219
2023-04-30 23:14:00,1682896440.0,1891.98,1891.98,1890.31,1890.31,396.9248
2023-04-30 23:15:00,1682896500.0,1890.31,1890.53,1889.0,1889.19,403.4716
2023-04-30 23:16:00,1682896560.0,1889.2,1889.2,1886.4,1886.4,398.2604
2023-04-30 23:17:00,1682896620.0,1886.41,1886.41,1884.4,1884.94,1195.0486
2023-04-30 23:18:00,1682896680.0,1884.95,1886.9,1884.94,1886.89,110.0353
2023-04-30 23:19:00,1682896740.0,1886.89,1887.37,1885.89,1886.93,309.8192
2023-04-30 23:20:00,1682896800.0,1886.93,1886.93,1886.28,1886.62,237.748
2023-04-30 23:21:00,1682896860.0,1886.61,1886.62,1886.21,1886.59,152.0425
2023-04-30 23:22:00,1682896920.0,1886.59,1886.91,1886.45,1886.66,229.616
2023-04-30 23:23:00,1682896980.0,1886.66,1887.76,1886.58,1887.69,179.6982
2023-04-30 23:24:00,1682897040.0,1887.69,1887.79,1887.37,1887.79,100.754
2023-04-30 23:25:00,1682897100.0,1887.79,1888.61,1887.78,1888.61,133.6352
2023-04-30 23:26:00,1682897160.0,1888.6,1888.61,1887.72,1888.42,274.0376
2023-04-30 23:27:00,1682897220.0,1888.43,1889.15,1888.03,1888.03,103.2525
2023-04-30 23:28:00,1682897280.0,1888.03,1888.47,1888.03,1888.46,76.9036
2023-04-30 23:29:00,1682897340.0,1888.47,1889.45,1888.46,1889.3,315.0313
2023-04-30 23:30:00,1682897400.0,1889.3,1889.31,1888.69,1888.69,111.1861
2023-04-30 23:31:00,1682897460.0,1888.7,1888.84,1887.9,1888.83,162.1083
2023-04-30 23:32:00,1682897520.0,1888.84,1889.07,1888.26,1889.07,52.6474
2023-04-30 23:33:00,1682897580.0,1889.06,1889.07,1889.0,1889.02,23.7915
2023-04-30 23:34:00,1682897640.0,1889.03,1889.98,1889.02,1889.98,163.5614
2023-04-30 23:35:00,1682897700.0,1889.98,1890.1,1889.81,1890.0,87.1874
2023-04-30 23:36:00,1682897760.0,1890.0,1890.38,1889.82,1890.38,39.9686
2023-04-30 23:37:00,1682897820.0,1890.38,1891.24,1890.37,1891.09,98.5843
2023-04-30 23:38:00,1682897880.0,1891.09,1891.65,1890.97,1891.53,82.5668
2023-04-30 23:39:00,1682897940.0,1891.54,1891.7,1891.53,1891.69,50.073
2023-04-30 23:40:00,1682898000.0,1891.7,1892.01,1891.18,1891.58,398.2667
2023-04-30 23:41:00,1682898060.0,1891.59,1891.59,1891.2,1891.52,68.6286
2023-04-30 23:42:00,1682898120.0,1891.52,1891.95,1891.52,1891.69,108.6758
2023-04-30 23:43:00,1682898180.0,1891.7,1891.7,1889.97,1890.13,278.0468
2023-04-30 23:44:00,1682898240.0,1890.14,1890.14,1889.18,1889.19,134.3563
2023-04-30 23:45:00,1682898300.0,1889.18,1889.19,1887.72,1887.73,507.2669
2023-04-30 23:46:00,1682898360.0,1887.72,1887.73,1886.29,1886.79,383.0499
2023-04-30 23:47:00,1682898420.0,1886.79,1886.79,1884.61,1884.61,437.558
2023-04-30 23:48:00,1682898480.0,1884.62,1885.72,1882.52,1883.0,649.0938
2023-04-30 23:49:00,1682898540.0,1883.0,1883.48,1880.36,1882.11,1343.0461
2023-04-30 23:50:00,1682898600.0,1882.12,1882.29,1878.11,1880.62,2078.5733
2023-04-30 23:51:00,1682898660.0,1880.62,1882.99,1880.06,1882.2,506.968
2023-04-30 23:52:00,1682898720.0,1882.2,1882.21,1880.08,1881.52,851.8312
2023-04-30 23:53:00,1682898780.0,1881.52,1881.62,1879.75,1879.76,642.5212
2023-04-30 23:54:00,1682898840.0,1879.75,1881.76,1879.24,1881.19,403.0098
2023-04-30 23:55:00,1682898900.0,1881.18,1881.19,1878.81,1879.77,686.4772
2023-04-30 23:56:00,1682898960.0,1879.78,1879.78,1878.29,1878.88,407.1988
2023-04-30 23:57:00,1682899020.0,1878.89,1879.21,1876.42,1877.31,1079.6507
2023-04-30 23:58:00,1682899080.0,1877.31,1878.21,1874.18,1876.36,1661.8205
2023-04-30 23:59:00,1682899140.0,1876.35,1876.87,1866.16,1870.09,5878.5645
