Universal Time,Unix Time,Open,High,Low,Close,Volume
2022-11-19 00:00:00,1668816000.0,274.1,274.1,273.9,274.0,39.179
2022-11-19 00:01:00,1668816060.0,274.0,274.5,274.0,274.2,381.674
2022-11-19 00:02:00,1668816120.0,274.2,274.5,274.1,274.4,454.649
2022-11-19 00:03:00,1668816180.0,274.5,274.5,274.1,274.1,282.104
2022-11-19 00:04:00,1668816240.0,274.2,274.3,274.1,274.1,143.205
2022-11-19 00:05:00,1668816300.0,274.1,274.2,273.9,274.1,127.758
2022-11-19 00:06:00,1668816360.0,274.0,274.1,274.0,274.0,44.249
2022-11-19 00:07:00,1668816420.0,274.1,274.2,274.0,274.0,185.164
2022-11-19 00:08:00,1668816480.0,274.1,274.3,274.0,274.2,259.649
2022-11-19 00:09:00,1668816540.0,274.3,274.3,274.2,274.3,50.777
2022-11-19 00:10:00,1668816600.0,274.3,274.4,274.2,274.4,115.098
2022-11-19 00:11:00,1668816660.0,274.3,274.4,274.3,274.4,34.776
2022-11-19 00:12:00,1668816720.0,274.3,274.6,274.3,274.6,208.553
2022-11-19 00:13:00,1668816780.0,274.6,274.6,274.5,274.6,51.117
2022-11-19 00:14:00,1668816840.0,274.5,274.6,274.5,274.6,19.481
2022-11-19 00:15:00,1668816900.0,274.5,274.6,274.4,274.5,153.032
2022-11-19 00:16:00,1668816960.0,274.4,274.5,274.2,274.3,162.539
2022-11-19 00:17:00,1668817020.0,274.2,274.6,274.2,274.6,171.634
2022-11-19 00:18:00,1668817080.0,274.5,274.6,274.4,274.4,355.183
2022-11-19 00:19:00,1668817140.0,274.4,274.5,274.3,274.3,59.149
2022-11-19 00:20:00,1668817200.0,274.4,274.4,274.3,274.3,87.562
2022-11-19 00:21:00,1668817260.0,274.4,274.4,274.3,274.3,56.471
2022-11-19 00:22:00,1668817320.0,274.3,274.5,274.3,274.4,104.805
2022-11-19 00:23:00,1668817380.0,274.5,274.5,274.2,274.2,137.404
2022-11-19 00:24:00,1668817440.0,274.2,274.3,273.9,274.1,160.35
2022-11-19 00:25:00,1668817500.0,274.0,274.1,274.0,274.1,30.7
2022-11-19 00:26:00,1668817560.0,274.1,274.1,274.0,274.0,137.075
2022-11-19 00:27:00,1668817620.0,274.1,274.3,274.0,274.3,178.483
2022-11-19 00:28:00,1668817680.0,274.3,274.3,274.2,274.2,40.393
2022-11-19 00:29:00,1668817740.0,274.3,274.3,274.2,274.3,17.33
2022-11-19 00:30:00,1668817800.0,274.2,274.3,274.2,274.2,24.977
2022-11-19 00:31:00,1668817860.0,274.3,274.3,273.8,273.8,209.491
2022-11-19 00:32:00,1668817920.0,273.8,273.9,273.7,273.7,41.397
2022-11-19 00:33:00,1668817980.0,273.7,273.9,273.7,273.9,241.522
2022-11-19 00:34:00,1668818040.0,273.8,273.9,273.7,273.7,70.369
2022-11-19 00:35:00,1668818100.0,273.7,273.8,273.6,273.7,87.123
2022-11-19 00:36:00,1668818160.0,273.6,273.7,273.4,273.7,302.465
2022-11-19 00:37:00,1668818220.0,273.7,273.8,273.6,273.8,84.408
2022-11-19 00:38:00,1668818280.0,273.7,273.7,273.5,273.6,216.339
2022-11-19 00:39:00,1668818340.0,273.7,273.7,273.6,273.6,97.562
2022-11-19 00:40:00,1668818400.0,273.7,273.8,273.5,273.6,156.746
2022-11-19 00:41:00,1668818460.0,273.6,273.7,273.5,273.6,166.775
2022-11-19 00:42:00,1668818520.0,273.6,273.6,273.4,273.4,111.461
2022-11-19 00:43:00,1668818580.0,273.4,273.6,273.4,273.6,84.705
2022-11-19 00:44:00,1668818640.0,273.5,273.6,273.4,273.5,103.534
2022-11-19 00:45:00,1668818700.0,273.5,273.5,273.4,273.4,126.369
2022-11-19 00:46:00,1668818760.0,273.5,273.5,273.4,273.5,66.149
2022-11-19 00:47:00,1668818820.0,273.4,273.5,273.3,273.3,58.151
2022-11-19 00:48:00,1668818880.0,273.3,273.4,273.2,273.3,60.316
2022-11-19 00:49:00,1668818940.0,273.3,273.3,273.2,273.2,67.919
2022-11-19 00:50:00,1668819000.0,273.2,273.3,273.2,273.2,148.858
2022-11-19 00:51:00,1668819060.0,273.3,273.3,273.0,273.0,78.826
2022-11-19 00:52:00,1668819120.0,273.0,273.1,273.0,273.1,31.284
2022-11-19 00:53:00,1668819180.0,273.1,273.1,273.0,273.1,51.536
2022-11-19 00:54:00,1668819240.0,273.0,273.1,272.8,272.9,329.039
2022-11-19 00:55:00,1668819300.0,273.0,273.0,272.9,273.0,49.916
2022-11-19 00:56:00,1668819360.0,272.9,273.0,272.8,272.9,202.809
2022-11-19 00:57:00,1668819420.0,273.0,273.0,272.9,273.0,83.24
2022-11-19 00:58:00,1668819480.0,273.0,273.1,272.9,273.0,178.026
2022-11-19 00:59:00,1668819540.0,273.1,273.2,273.0,273.2,60.367
2022-11-19 01:00:00,1668819600.0,273.2,273.3,273.2,273.3,70.314
2022-11-19 01:01:00,1668819660.0,273.3,273.3,273.2,273.2,38.977
2022-11-19 01:02:00,1668819720.0,273.3,273.3,273.2,273.3,39.155
2022-11-19 01:03:00,1668819780.0,273.2,273.3,273.0,273.0,123.187
2022-11-19 01:04:00,1668819840.0,272.9,273.1,272.9,273.0,110.483
2022-11-19 01:05:00,1668819900.0,273.1,273.2,273.1,273.2,40.365
2022-11-19 01:06:00,1668819960.0,273.1,273.2,273.0,273.1,102.718
2022-11-19 01:07:00,1668820020.0,273.1,273.1,273.0,273.1,35.69
2022-11-19 01:08:00,1668820080.0,273.1,273.1,272.9,273.0,161.936
2022-11-19 01:09:00,1668820140.0,273.0,273.0,272.9,273.0,49.156
2022-11-19 01:10:00,1668820200.0,273.0,273.0,272.9,272.9,61.548
2022-11-19 01:11:00,1668820260.0,273.0,273.0,272.7,272.9,184.84
2022-11-19 01:12:00,1668820320.0,272.8,272.9,272.4,272.7,419.44
2022-11-19 01:13:00,1668820380.0,272.7,272.9,272.6,272.9,61.965
2022-11-19 01:14:00,1668820440.0,272.9,272.9,272.7,272.8,147.026
2022-11-19 01:15:00,1668820500.0,272.8,272.8,272.7,272.7,97.986
2022-11-19 01:16:00,1668820560.0,272.7,272.8,272.7,272.7,162.879
2022-11-19 01:17:00,1668820620.0,272.8,272.9,272.7,272.9,167.866
2022-11-19 01:18:00,1668820680.0,272.9,273.0,272.8,272.9,273.321
2022-11-19 01:19:00,1668820740.0,273.0,273.0,272.9,272.9,83.309
2022-11-19 01:20:00,1668820800.0,273.0,273.0,272.8,272.9,27.87
2022-11-19 01:21:00,1668820860.0,272.9,272.9,272.8,272.9,37.637
2022-11-19 01:22:00,1668820920.0,272.9,272.9,272.8,272.9,31.625
2022-11-19 01:23:00,1668820980.0,272.9,272.9,272.8,272.8,30.202
2022-11-19 01:24:00,1668821040.0,272.9,273.2,272.8,273.1,366.803
2022-11-19 01:25:00,1668821100.0,273.1,273.5,273.0,273.4,439.164
2022-11-19 01:26:00,1668821160.0,273.4,273.5,273.2,273.3,219.405
2022-11-19 01:27:00,1668821220.0,273.3,273.5,273.2,273.5,88.734
2022-11-19 01:28:00,1668821280.0,273.5,273.7,273.4,273.7,127.864
2022-11-19 01:29:00,1668821340.0,273.7,273.7,273.6,273.7,44.785
2022-11-19 01:30:00,1668821400.0,273.6,273.8,273.5,273.5,219.508
2022-11-19 01:31:00,1668821460.0,273.6,273.6,273.5,273.6,36.523
2022-11-19 01:32:00,1668821520.0,273.6,273.7,273.5,273.7,113.331
2022-11-19 01:33:00,1668821580.0,273.7,273.7,273.5,273.5,139.975
2022-11-19 01:34:00,1668821640.0,273.5,273.6,273.4,273.5,131.158
2022-11-19 01:35:00,1668821700.0,273.5,273.6,273.3,273.3,172.357
2022-11-19 01:36:00,1668821760.0,273.3,273.4,273.3,273.3,47.091
2022-11-19 01:37:00,1668821820.0,273.3,273.4,273.3,273.3,28.403
2022-11-19 01:38:00,1668821880.0,273.3,273.4,273.3,273.3,14.263
2022-11-19 01:39:00,1668821940.0,273.4,273.7,273.3,273.7,121.872
2022-11-19 01:40:00,1668822000.0,273.8,273.8,273.6,273.7,104.021
2022-11-19 01:41:00,1668822060.0,273.8,273.8,273.4,273.5,386.868
2022-11-19 01:42:00,1668822120.0,273.5,273.7,273.4,273.6,151.75
2022-11-19 01:43:00,1668822180.0,273.6,273.6,273.5,273.5,34.442
2022-11-19 01:44:00,1668822240.0,273.6,273.6,273.5,273.6,27.811
2022-11-19 01:45:00,1668822300.0,273.6,273.6,273.5,273.5,14.078
2022-11-19 01:46:00,1668822360.0,273.6,273.6,273.5,273.5,32.919
2022-11-19 01:47:00,1668822420.0,273.5,273.7,273.5,273.7,96.318
2022-11-19 01:48:00,1668822480.0,273.6,273.7,273.5,273.5,85.812
2022-11-19 01:49:00,1668822540.0,273.5,273.7,273.5,273.7,103.944
2022-11-19 01:50:00,1668822600.0,273.7,273.7,273.6,273.6,11.948
2022-11-19 01:51:00,1668822660.0,273.7,273.7,273.6,273.6,22.863
2022-11-19 01:52:00,1668822720.0,273.6,273.8,273.6,273.8,223.222
2022-11-19 01:53:00,1668822780.0,273.7,273.8,273.7,273.7,14.52
2022-11-19 01:54:00,1668822840.0,273.8,273.8,273.7,273.7,19.214
2022-11-19 01:55:00,1668822900.0,273.8,273.8,273.7,273.7,87.829
2022-11-19 01:56:00,1668822960.0,273.8,273.8,273.7,273.7,45.511
2022-11-19 01:57:00,1668823020.0,273.7,273.8,273.7,273.8,13.629
2022-11-19 01:58:00,1668823080.0,273.7,273.8,273.7,273.8,79.616
2022-11-19 01:59:00,1668823140.0,273.8,273.8,273.7,273.7,39.066
2022-11-19 02:00:00,1668823200.0,273.7,273.8,273.7,273.7,43.054
2022-11-19 02:01:00,1668823260.0,273.7,273.8,273.7,273.8,41.671
2022-11-19 02:02:00,1668823320.0,273.8,273.8,273.7,273.7,58.368
2022-11-19 02:03:00,1668823380.0,273.8,273.8,273.7,273.8,55.679
2022-11-19 02:04:00,1668823440.0,273.8,273.8,273.5,273.5,129.8
2022-11-19 02:05:00,1668823500.0,273.5,273.6,272.9,273.1,370.409
2022-11-19 02:06:00,1668823560.0,273.0,273.3,272.8,273.0,371.984
2022-11-19 02:07:00,1668823620.0,273.0,273.2,272.9,273.1,322.094
2022-11-19 02:08:00,1668823680.0,273.1,273.2,273.0,273.1,180.29
2022-11-19 02:09:00,1668823740.0,273.0,273.2,273.0,273.0,165.326
2022-11-19 02:10:00,1668823800.0,273.1,273.3,273.0,273.3,256.861
2022-11-19 02:11:00,1668823860.0,273.2,273.4,273.2,273.4,238.271
2022-11-19 02:12:00,1668823920.0,273.3,273.6,273.3,273.5,132.698
2022-11-19 02:13:00,1668823980.0,273.6,273.6,273.4,273.4,255.159
2022-11-19 02:14:00,1668824040.0,273.5,273.5,273.2,273.3,264.134
2022-11-19 02:15:00,1668824100.0,273.2,273.4,273.1,273.2,352.067
2022-11-19 02:16:00,1668824160.0,273.2,273.2,272.9,273.0,327.656
2022-11-19 02:17:00,1668824220.0,273.0,273.1,272.7,272.7,207.775
2022-11-19 02:18:00,1668824280.0,272.7,272.8,272.3,272.5,410.555
2022-11-19 02:19:00,1668824340.0,272.5,272.7,272.5,272.6,245.63
2022-11-19 02:20:00,1668824400.0,272.5,272.7,272.4,272.7,213.091
2022-11-19 02:21:00,1668824460.0,272.7,272.9,272.6,272.8,125.934
2022-11-19 02:22:00,1668824520.0,272.8,272.8,272.6,272.7,146.446
2022-11-19 02:23:00,1668824580.0,272.7,272.7,272.5,272.6,205.425
2022-11-19 02:24:00,1668824640.0,272.7,272.8,272.6,272.7,35.256
2022-11-19 02:25:00,1668824700.0,272.8,272.8,272.5,272.6,413.541
2022-11-19 02:26:00,1668824760.0,272.5,272.6,272.4,272.6,137.474
2022-11-19 02:27:00,1668824820.0,272.6,272.8,272.6,272.8,252.324
2022-11-19 02:28:00,1668824880.0,272.7,272.8,272.5,272.8,229.072
2022-11-19 02:29:00,1668824940.0,272.8,272.9,272.7,272.9,137.016
2022-11-19 02:30:00,1668825000.0,272.9,273.0,272.6,272.7,177.349
2022-11-19 02:31:00,1668825060.0,272.6,272.7,272.4,272.5,120.631
2022-11-19 02:32:00,1668825120.0,272.4,272.5,271.9,272.2,243.103
2022-11-19 02:33:00,1668825180.0,272.2,272.3,272.1,272.2,260.112
2022-11-19 02:34:00,1668825240.0,272.3,272.4,272.1,272.2,223.72
2022-11-19 02:35:00,1668825300.0,272.3,272.4,272.0,272.0,233.637
2022-11-19 02:36:00,1668825360.0,272.1,272.3,272.0,272.3,140.788
2022-11-19 02:37:00,1668825420.0,272.2,272.3,272.2,272.3,49.492
2022-11-19 02:38:00,1668825480.0,272.2,272.4,272.2,272.3,59.558
2022-11-19 02:39:00,1668825540.0,272.3,272.5,272.2,272.3,342.216
2022-11-19 02:40:00,1668825600.0,272.3,272.5,272.3,272.3,153.648
2022-11-19 02:41:00,1668825660.0,272.4,272.6,272.3,272.6,112.477
2022-11-19 02:42:00,1668825720.0,272.6,272.6,272.4,272.5,67.456
2022-11-19 02:43:00,1668825780.0,272.5,272.6,272.4,272.5,133.747
2022-11-19 02:44:00,1668825840.0,272.4,272.6,272.4,272.6,112.675
2022-11-19 02:45:00,1668825900.0,272.6,272.7,272.6,272.7,81.55
2022-11-19 02:46:00,1668825960.0,272.7,272.7,272.6,272.6,30.052
2022-11-19 02:47:00,1668826020.0,272.6,272.8,272.6,272.8,265.458
2022-11-19 02:48:00,1668826080.0,272.7,272.8,272.7,272.7,12.75
2022-11-19 02:49:00,1668826140.0,272.8,272.9,272.7,272.8,52.507
2022-11-19 02:50:00,1668826200.0,272.9,273.0,272.8,272.8,93.123
2022-11-19 02:51:00,1668826260.0,272.9,273.0,272.8,272.9,98.319
2022-11-19 02:52:00,1668826320.0,272.9,273.0,272.9,273.0,23.189
2022-11-19 02:53:00,1668826380.0,272.9,273.0,272.9,272.9,21.84
2022-11-19 02:54:00,1668826440.0,273.0,273.0,272.8,273.0,206.192
2022-11-19 02:55:00,1668826500.0,273.0,273.0,272.9,272.9,40.584
2022-11-19 02:56:00,1668826560.0,273.0,273.0,272.8,272.9,136.678
2022-11-19 02:57:00,1668826620.0,272.9,273.0,272.8,272.9,193.197
2022-11-19 02:58:00,1668826680.0,273.0,273.0,272.8,272.8,103.618
2022-11-19 02:59:00,1668826740.0,272.8,272.9,272.8,272.9,77.682
2022-11-19 03:00:00,1668826800.0,272.9,272.9,272.8,272.9,72.722
2022-11-19 03:01:00,1668826860.0,272.9,273.1,272.8,273.0,195.584
2022-11-19 03:02:00,1668826920.0,273.0,273.1,272.9,273.0,75.581
2022-11-19 03:03:00,1668826980.0,273.0,273.0,272.9,272.9,75.183
2022-11-19 03:04:00,1668827040.0,273.0,273.0,272.9,273.0,59.17
2022-11-19 03:05:00,1668827100.0,273.0,273.0,272.9,273.0,97.12
2022-11-19 03:06:00,1668827160.0,273.0,273.0,272.9,273.0,15.761
2022-11-19 03:07:00,1668827220.0,273.0,273.1,273.0,273.1,82.278
2022-11-19 03:08:00,1668827280.0,273.0,273.2,273.0,273.2,47.261
2022-11-19 03:09:00,1668827340.0,273.1,273.2,273.0,273.1,118.712
2022-11-19 03:10:00,1668827400.0,273.0,273.3,273.0,273.0,197.082
2022-11-19 03:11:00,1668827460.0,273.1,273.1,273.0,273.1,27.023
2022-11-19 03:12:00,1668827520.0,273.1,273.2,273.0,273.2,77.542
2022-11-19 03:13:00,1668827580.0,273.1,273.3,273.1,273.3,41.217
2022-11-19 03:14:00,1668827640.0,273.3,273.3,273.2,273.3,15.849
2022-11-19 03:15:00,1668827700.0,273.3,273.4,273.2,273.2,128.102
2022-11-19 03:16:00,1668827760.0,273.2,273.2,273.1,273.1,29.607
2022-11-19 03:17:00,1668827820.0,273.2,273.2,273.1,273.2,57.196
2022-11-19 03:18:00,1668827880.0,273.2,273.2,273.1,273.2,36.306
2022-11-19 03:19:00,1668827940.0,273.2,273.2,273.1,273.2,76.094
2022-11-19 03:20:00,1668828000.0,273.2,273.2,273.0,273.1,91.619
2022-11-19 03:21:00,1668828060.0,273.1,273.1,272.9,273.0,54.956
2022-11-19 03:22:00,1668828120.0,273.0,273.0,272.9,273.0,35.312
2022-11-19 03:23:00,1668828180.0,272.9,273.0,272.9,273.0,11.43
2022-11-19 03:24:00,1668828240.0,273.0,273.0,272.7,272.8,176.483
2022-11-19 03:25:00,1668828300.0,272.8,272.8,272.6,272.7,36.561
2022-11-19 03:26:00,1668828360.0,272.7,272.7,272.4,272.5,202.175
2022-11-19 03:27:00,1668828420.0,272.4,272.5,272.4,272.5,63.411
2022-11-19 03:28:00,1668828480.0,272.4,272.5,272.3,272.4,103.762
2022-11-19 03:29:00,1668828540.0,272.4,272.4,272.3,272.4,17.092
2022-11-19 03:30:00,1668828600.0,272.3,272.5,272.3,272.5,269.571
2022-11-19 03:31:00,1668828660.0,272.4,272.6,272.4,272.5,39.679
2022-11-19 03:32:00,1668828720.0,272.6,272.6,272.5,272.6,18.64
2022-11-19 03:33:00,1668828780.0,272.6,272.6,272.4,272.5,87.782
2022-11-19 03:34:00,1668828840.0,272.4,272.5,272.4,272.5,11.308
2022-11-19 03:35:00,1668828900.0,272.5,272.5,272.2,272.3,311.23
2022-11-19 03:36:00,1668828960.0,272.2,272.3,272.1,272.3,34.834
2022-11-19 03:37:00,1668829020.0,272.3,272.5,272.2,272.4,99.029
2022-11-19 03:38:00,1668829080.0,272.5,272.5,272.4,272.5,7.133
2022-11-19 03:39:00,1668829140.0,272.5,272.5,272.2,272.3,237.839
2022-11-19 03:40:00,1668829200.0,272.2,272.3,272.2,272.3,8.981
2022-11-19 03:41:00,1668829260.0,272.2,272.2,272.1,272.1,57.588
2022-11-19 03:42:00,1668829320.0,272.2,272.4,272.1,272.4,116.525
2022-11-19 03:43:00,1668829380.0,272.3,272.4,272.3,272.4,12.324
2022-11-19 03:44:00,1668829440.0,272.4,272.6,272.3,272.5,45.167
2022-11-19 03:45:00,1668829500.0,272.6,272.6,272.5,272.5,104.269
2022-11-19 03:46:00,1668829560.0,272.6,272.6,272.5,272.5,29.571
2022-11-19 03:47:00,1668829620.0,272.6,272.6,272.5,272.5,50.253
2022-11-19 03:48:00,1668829680.0,272.5,272.7,272.5,272.6,78.457
2022-11-19 03:49:00,1668829740.0,272.5,272.6,272.5,272.6,49.465
2022-11-19 03:50:00,1668829800.0,272.6,272.6,272.5,272.6,5.976
2022-11-19 03:51:00,1668829860.0,272.6,272.6,272.5,272.5,23.759
2022-11-19 03:52:00,1668829920.0,272.6,272.7,272.5,272.5,90.644
2022-11-19 03:53:00,1668829980.0,272.6,272.6,272.5,272.5,6.629
2022-11-19 03:54:00,1668830040.0,272.6,272.7,272.5,272.7,262.278
2022-11-19 03:55:00,1668830100.0,272.7,272.8,272.6,272.7,295.765
2022-11-19 03:56:00,1668830160.0,272.7,272.7,272.5,272.5,76.016
2022-11-19 03:57:00,1668830220.0,272.5,272.6,272.5,272.6,13.999
2022-11-19 03:58:00,1668830280.0,272.6,272.7,272.5,272.6,111.513
2022-11-19 03:59:00,1668830340.0,272.6,272.7,272.6,272.7,32.875
2022-11-19 04:00:00,1668830400.0,272.7,272.8,272.6,272.6,134.576
2022-11-19 04:01:00,1668830460.0,272.7,273.0,272.6,272.8,193.917
2022-11-19 04:02:00,1668830520.0,272.8,272.9,272.8,272.8,59.219
2022-11-19 04:03:00,1668830580.0,272.8,272.8,272.7,272.8,61.872
2022-11-19 04:04:00,1668830640.0,272.7,272.8,272.7,272.8,20.024
2022-11-19 04:05:00,1668830700.0,272.7,272.8,272.7,272.8,10.972
2022-11-19 04:06:00,1668830760.0,272.7,272.8,272.5,272.6,78.584
2022-11-19 04:07:00,1668830820.0,272.5,272.7,272.5,272.6,253.275
2022-11-19 04:08:00,1668830880.0,272.6,272.7,272.5,272.6,234.038
2022-11-19 04:09:00,1668830940.0,272.6,272.7,272.5,272.5,108.508
2022-11-19 04:10:00,1668831000.0,272.6,272.7,272.5,272.5,211.603
2022-11-19 04:11:00,1668831060.0,272.5,272.8,272.5,272.7,89.535
2022-11-19 04:12:00,1668831120.0,272.8,272.9,272.7,272.9,27.214
2022-11-19 04:13:00,1668831180.0,272.9,272.9,272.8,272.9,16.355
2022-11-19 04:14:00,1668831240.0,272.8,272.9,272.8,272.9,49.68
2022-11-19 04:15:00,1668831300.0,272.8,272.9,272.8,272.9,39.299
2022-11-19 04:16:00,1668831360.0,272.9,272.9,272.8,272.8,99.078
2022-11-19 04:17:00,1668831420.0,272.8,273.0,272.8,272.8,186.767
2022-11-19 04:18:00,1668831480.0,272.8,273.0,272.8,273.0,93.436
2022-11-19 04:19:00,1668831540.0,272.9,273.2,272.9,273.1,336.784
2022-11-19 04:20:00,1668831600.0,273.1,273.2,273.0,273.1,124.661
2022-11-19 04:21:00,1668831660.0,273.1,273.2,273.0,273.2,91.559
2022-11-19 04:22:00,1668831720.0,273.2,273.3,273.1,273.1,141.051
2022-11-19 04:23:00,1668831780.0,273.2,273.2,273.1,273.2,15.716
2022-11-19 04:24:00,1668831840.0,273.1,273.3,273.1,273.2,87.727
2022-11-19 04:25:00,1668831900.0,273.2,273.3,273.2,273.2,72.622
2022-11-19 04:26:00,1668831960.0,273.3,273.3,273.2,273.2,111.236
2022-11-19 04:27:00,1668832020.0,273.3,273.3,273.1,273.1,80.877
2022-11-19 04:28:00,1668832080.0,273.1,273.3,273.1,273.1,223.998
2022-11-19 04:29:00,1668832140.0,273.1,273.2,273.0,273.1,167.611
2022-11-19 04:30:00,1668832200.0,273.1,273.4,273.1,273.3,101.45
2022-11-19 04:31:00,1668832260.0,273.4,273.4,273.2,273.2,54.069
2022-11-19 04:32:00,1668832320.0,273.3,273.3,273.2,273.3,41.168
2022-11-19 04:33:00,1668832380.0,273.2,273.3,273.2,273.2,38.293
2022-11-19 04:34:00,1668832440.0,273.2,273.2,273.0,273.1,103.46
2022-11-19 04:35:00,1668832500.0,273.1,273.1,273.0,273.0,95.477
2022-11-19 04:36:00,1668832560.0,273.1,273.1,272.9,272.9,50.445
2022-11-19 04:37:00,1668832620.0,273.0,273.0,272.9,273.0,79.536
2022-11-19 04:38:00,1668832680.0,272.9,273.0,272.9,273.0,28.32
2022-11-19 04:39:00,1668832740.0,273.0,273.0,272.9,273.0,50.126
2022-11-19 04:40:00,1668832800.0,272.9,273.1,272.9,273.1,110.791
2022-11-19 04:41:00,1668832860.0,273.1,273.2,273.0,273.2,44.735
2022-11-19 04:42:00,1668832920.0,273.2,273.2,273.1,273.2,40.959
2022-11-19 04:43:00,1668832980.0,273.2,273.2,273.1,273.2,56.403
2022-11-19 04:44:00,1668833040.0,273.2,273.2,273.1,273.2,27.373
2022-11-19 04:45:00,1668833100.0,273.1,273.3,273.1,273.3,45.342
2022-11-19 04:46:00,1668833160.0,273.2,273.3,273.2,273.2,66.797
2022-11-19 04:47:00,1668833220.0,273.3,273.3,273.1,273.2,105.577
2022-11-19 04:48:00,1668833280.0,273.1,273.2,273.0,273.0,171.946
2022-11-19 04:49:00,1668833340.0,273.1,273.1,272.9,272.9,162.001
2022-11-19 04:50:00,1668833400.0,273.0,273.0,272.8,272.8,45.452
2022-11-19 04:51:00,1668833460.0,272.8,272.9,272.5,272.6,328.423
2022-11-19 04:52:00,1668833520.0,272.6,272.7,272.5,272.6,208.967
2022-11-19 04:53:00,1668833580.0,272.6,272.7,272.5,272.7,63.037
2022-11-19 04:54:00,1668833640.0,272.7,272.7,272.5,272.6,68.987
2022-11-19 04:55:00,1668833700.0,272.6,272.6,272.5,272.6,32.428
2022-11-19 04:56:00,1668833760.0,272.6,272.7,272.5,272.7,168.433
2022-11-19 04:57:00,1668833820.0,272.7,272.7,272.6,272.7,154.22
2022-11-19 04:58:00,1668833880.0,272.7,272.8,272.5,272.6,694.958
2022-11-19 04:59:00,1668833940.0,272.6,272.7,272.5,272.7,281.623
2022-11-19 05:00:00,1668834000.0,272.7,272.7,272.5,272.7,368.7
2022-11-19 05:01:00,1668834060.0,272.7,272.8,272.6,272.8,120.143
2022-11-19 05:02:00,1668834120.0,272.8,272.8,272.7,272.8,19.476
2022-11-19 05:03:00,1668834180.0,272.7,272.8,272.7,272.7,40.333
2022-11-19 05:04:00,1668834240.0,272.7,272.9,272.7,272.8,82.678
2022-11-19 05:05:00,1668834300.0,272.8,272.8,272.4,272.4,184.34
2022-11-19 05:06:00,1668834360.0,272.4,272.5,272.4,272.5,80.219
2022-11-19 05:07:00,1668834420.0,272.5,272.5,272.2,272.3,243.96
2022-11-19 05:08:00,1668834480.0,272.3,272.7,272.2,272.7,119.399
2022-11-19 05:09:00,1668834540.0,272.7,272.8,272.6,272.7,119.211
2022-11-19 05:10:00,1668834600.0,272.8,273.1,272.7,273.0,212.355
2022-11-19 05:11:00,1668834660.0,273.0,273.0,272.9,273.0,27.437
2022-11-19 05:12:00,1668834720.0,272.9,273.0,272.1,272.3,529.869
2022-11-19 05:13:00,1668834780.0,272.3,272.4,272.0,272.1,422.762
2022-11-19 05:14:00,1668834840.0,272.0,272.2,271.3,271.3,762.195
2022-11-19 05:15:00,1668834900.0,271.4,272.3,271.3,271.9,1065.436
2022-11-19 05:16:00,1668834960.0,272.0,272.1,271.7,271.8,358.521
2022-11-19 05:17:00,1668835020.0,271.8,271.8,271.2,271.3,837.075
2022-11-19 05:18:00,1668835080.0,271.3,271.5,270.7,271.4,1015.618
2022-11-19 05:19:00,1668835140.0,271.4,271.4,270.9,271.3,700.123
2022-11-19 05:20:00,1668835200.0,271.3,271.8,271.3,271.5,494.987
2022-11-19 05:21:00,1668835260.0,271.4,271.8,271.1,271.7,476.579
2022-11-19 05:22:00,1668835320.0,271.7,271.7,271.4,271.7,466.425
2022-11-19 05:23:00,1668835380.0,271.7,272.0,271.7,272.0,276.31
2022-11-19 05:24:00,1668835440.0,271.9,272.0,271.7,271.9,245.978
2022-11-19 05:25:00,1668835500.0,271.9,272.0,271.6,271.8,347.163
2022-11-19 05:26:00,1668835560.0,271.9,272.3,271.8,272.1,354.68
2022-11-19 05:27:00,1668835620.0,272.1,272.2,272.0,272.2,287.34
2022-11-19 05:28:00,1668835680.0,272.2,272.4,272.1,272.3,358.087
2022-11-19 05:29:00,1668835740.0,272.4,272.6,272.2,272.3,350.108
2022-11-19 05:30:00,1668835800.0,272.3,272.5,272.3,272.3,243.973
2022-11-19 05:31:00,1668835860.0,272.3,272.5,272.1,272.5,183.365
2022-11-19 05:32:00,1668835920.0,272.4,272.6,272.4,272.5,128.246
2022-11-19 05:33:00,1668835980.0,272.5,272.6,272.3,272.4,103.855
2022-11-19 05:34:00,1668836040.0,272.3,272.4,272.2,272.2,135.146
2022-11-19 05:35:00,1668836100.0,272.2,272.3,271.9,272.0,132.657
2022-11-19 05:36:00,1668836160.0,272.0,272.2,271.7,272.2,300.823
2022-11-19 05:37:00,1668836220.0,272.1,272.3,272.1,272.1,130.61
2022-11-19 05:38:00,1668836280.0,272.1,272.3,272.0,272.3,117.831
2022-11-19 05:39:00,1668836340.0,272.2,272.3,272.1,272.1,89.624
2022-11-19 05:40:00,1668836400.0,272.1,272.3,272.1,272.2,69.255
2022-11-19 05:41:00,1668836460.0,272.1,272.3,272.1,272.3,80.576
2022-11-19 05:42:00,1668836520.0,272.3,272.4,272.1,272.1,95.503
2022-11-19 05:43:00,1668836580.0,272.1,272.3,272.0,272.3,200.782
2022-11-19 05:44:00,1668836640.0,272.4,272.4,272.3,272.4,107.876
2022-11-19 05:45:00,1668836700.0,272.3,272.4,272.3,272.3,96.667
2022-11-19 05:46:00,1668836760.0,272.3,272.4,272.2,272.2,94.48
2022-11-19 05:47:00,1668836820.0,272.2,272.3,272.1,272.2,114.406
2022-11-19 05:48:00,1668836880.0,272.1,272.3,272.1,272.2,137.932
2022-11-19 05:49:00,1668836940.0,272.3,272.3,272.2,272.2,26.679
2022-11-19 05:50:00,1668837000.0,272.3,272.4,272.2,272.4,138.307
2022-11-19 05:51:00,1668837060.0,272.3,272.3,272.2,272.3,74.383
2022-11-19 05:52:00,1668837120.0,272.3,272.4,272.2,272.3,85.855
2022-11-19 05:53:00,1668837180.0,272.4,272.4,272.3,272.3,11.053
2022-11-19 05:54:00,1668837240.0,272.4,272.4,272.3,272.3,31.421
2022-11-19 05:55:00,1668837300.0,272.4,272.4,272.0,272.1,130.78
2022-11-19 05:56:00,1668837360.0,272.0,272.2,272.0,272.2,89.851
2022-11-19 05:57:00,1668837420.0,272.1,272.2,272.1,272.1,20.071
2022-11-19 05:58:00,1668837480.0,272.2,272.3,272.0,272.3,140.513
2022-11-19 05:59:00,1668837540.0,272.2,272.3,272.2,272.3,11.313
2022-11-19 06:00:00,1668837600.0,272.2,272.4,271.9,272.0,214.229
2022-11-19 06:01:00,1668837660.0,272.0,272.3,271.9,272.2,157.71
2022-11-19 06:02:00,1668837720.0,272.3,272.4,272.0,272.0,140.938
2022-11-19 06:03:00,1668837780.0,272.1,272.2,271.9,272.2,162.254
2022-11-19 06:04:00,1668837840.0,272.1,272.3,272.1,272.1,112.725
2022-11-19 06:05:00,1668837900.0,272.2,272.3,272.1,272.3,132.568
2022-11-19 06:06:00,1668837960.0,272.2,272.3,271.9,272.0,445.308
2022-11-19 06:07:00,1668838020.0,272.0,272.0,271.9,272.0,41.136
2022-11-19 06:08:00,1668838080.0,271.9,272.1,271.8,271.9,294.85
2022-11-19 06:09:00,1668838140.0,272.0,272.1,271.8,272.0,366.268
2022-11-19 06:10:00,1668838200.0,272.1,272.2,271.7,271.8,251.772
2022-11-19 06:11:00,1668838260.0,271.8,271.8,271.6,271.7,92.396
2022-11-19 06:12:00,1668838320.0,271.7,271.8,271.6,271.7,61.096
2022-11-19 06:13:00,1668838380.0,271.7,271.8,271.7,271.8,30.872
2022-11-19 06:14:00,1668838440.0,271.7,271.8,271.6,271.7,68.205
2022-11-19 06:15:00,1668838500.0,271.7,271.8,271.3,271.5,282.635
2022-11-19 06:16:00,1668838560.0,271.5,272.0,271.5,272.0,171.181
2022-11-19 06:17:00,1668838620.0,272.0,272.1,271.9,272.1,200.689
2022-11-19 06:18:00,1668838680.0,272.1,272.3,272.1,272.2,163.691
2022-11-19 06:19:00,1668838740.0,272.2,272.2,272.1,272.2,62.073
2022-11-19 06:20:00,1668838800.0,272.2,272.2,272.1,272.1,54.467
2022-11-19 06:21:00,1668838860.0,272.2,272.2,272.1,272.1,22.701
2022-11-19 06:22:00,1668838920.0,272.2,272.3,272.1,272.3,57.364
2022-11-19 06:23:00,1668838980.0,272.3,272.4,272.2,272.4,80.816
2022-11-19 06:24:00,1668839040.0,272.4,272.6,272.3,272.6,69.43
2022-11-19 06:25:00,1668839100.0,272.6,272.7,272.5,272.7,106.827
2022-11-19 06:26:00,1668839160.0,272.6,272.7,272.6,272.7,58.9
2022-11-19 06:27:00,1668839220.0,272.7,272.7,272.6,272.7,28.176
2022-11-19 06:28:00,1668839280.0,272.6,272.8,272.6,272.6,132.262
2022-11-19 06:29:00,1668839340.0,272.7,272.7,272.6,272.6,34.293
2022-11-19 06:30:00,1668839400.0,272.7,272.7,272.4,272.4,131.277
2022-11-19 06:31:00,1668839460.0,272.3,272.4,272.3,272.3,48.237
2022-11-19 06:32:00,1668839520.0,272.3,272.3,272.2,272.3,68.125
2022-11-19 06:33:00,1668839580.0,272.3,272.3,272.0,272.1,349.618
2022-11-19 06:34:00,1668839640.0,272.2,272.2,272.1,272.2,71.156
2022-11-19 06:35:00,1668839700.0,272.2,272.5,272.2,272.4,143.145
2022-11-19 06:36:00,1668839760.0,272.5,272.5,272.4,272.5,44.657
2022-11-19 06:37:00,1668839820.0,272.4,272.6,272.4,272.5,82.596
2022-11-19 06:38:00,1668839880.0,272.5,272.7,272.3,272.3,197.567
2022-11-19 06:39:00,1668839940.0,272.4,272.5,272.3,272.5,96.119
2022-11-19 06:40:00,1668840000.0,272.5,272.5,272.4,272.5,70.811
2022-11-19 06:41:00,1668840060.0,272.5,272.7,272.4,272.7,73.333
2022-11-19 06:42:00,1668840120.0,272.7,272.7,272.0,272.0,871.167
2022-11-19 06:43:00,1668840180.0,272.1,272.1,270.9,271.4,3483.919
2022-11-19 06:44:00,1668840240.0,271.4,271.4,270.1,270.7,4604.158
2022-11-19 06:45:00,1668840300.0,270.7,270.8,270.3,270.8,657.08
2022-11-19 06:46:00,1668840360.0,270.7,271.1,270.3,270.4,974.308
2022-11-19 06:47:00,1668840420.0,270.4,270.5,269.4,269.7,5276.928
2022-11-19 06:48:00,1668840480.0,269.6,269.7,268.9,269.2,2173.819
2022-11-19 06:49:00,1668840540.0,269.2,269.2,269.0,269.2,1504.236
2022-11-19 06:50:00,1668840600.0,269.2,269.5,269.1,269.5,2127.565
2022-11-19 06:51:00,1668840660.0,269.5,269.6,269.5,269.6,103.402
2022-11-19 06:52:00,1668840720.0,269.6,269.7,269.5,269.6,67.772
2022-11-19 06:53:00,1668840780.0,269.7,269.8,269.6,269.7,235.721
2022-11-19 06:54:00,1668840840.0,269.8,269.9,269.6,269.7,304.417
2022-11-19 06:55:00,1668840900.0,269.6,270.1,269.6,269.9,972.058
2022-11-19 06:56:00,1668840960.0,270.0,270.2,269.9,270.1,228.458
2022-11-19 06:57:00,1668841020.0,270.2,270.3,270.1,270.2,262.801
2022-11-19 06:58:00,1668841080.0,270.3,270.3,270.1,270.2,584.674
2022-11-19 06:59:00,1668841140.0,270.2,270.4,270.1,270.3,154.703
2022-11-19 07:00:00,1668841200.0,270.3,270.4,270.3,270.3,178.659
2022-11-19 07:01:00,1668841260.0,270.3,270.4,270.1,270.3,702.786
2022-11-19 07:02:00,1668841320.0,270.2,270.4,270.1,270.4,287.304
2022-11-19 07:03:00,1668841380.0,270.4,270.4,270.2,270.3,94.883
2022-11-19 07:04:00,1668841440.0,270.2,270.5,270.2,270.4,289.459
2022-11-19 07:05:00,1668841500.0,270.4,270.5,270.4,270.5,40.914
2022-11-19 07:06:00,1668841560.0,270.4,270.6,270.4,270.5,268.901
2022-11-19 07:07:00,1668841620.0,270.4,270.7,270.4,270.7,395.844
2022-11-19 07:08:00,1668841680.0,270.6,270.7,270.6,270.7,158.705
2022-11-19 07:09:00,1668841740.0,270.7,270.7,270.5,270.6,174.511
2022-11-19 07:10:00,1668841800.0,270.6,270.7,270.5,270.6,67.849
2022-11-19 07:11:00,1668841860.0,270.6,270.6,270.4,270.5,196.224
2022-11-19 07:12:00,1668841920.0,270.4,270.5,270.4,270.4,116.582
2022-11-19 07:13:00,1668841980.0,270.4,270.6,270.4,270.5,97.236
2022-11-19 07:14:00,1668842040.0,270.5,270.7,270.5,270.6,93.492
2022-11-19 07:15:00,1668842100.0,270.6,270.6,270.4,270.6,159.613
2022-11-19 07:16:00,1668842160.0,270.6,270.6,270.5,270.6,19.904
2022-11-19 07:17:00,1668842220.0,270.6,270.6,270.5,270.6,80.621
2022-11-19 07:18:00,1668842280.0,270.5,270.7,270.5,270.6,108.175
2022-11-19 07:19:00,1668842340.0,270.6,270.7,270.6,270.7,19.798
2022-11-19 07:20:00,1668842400.0,270.7,270.7,270.6,270.6,83.457
2022-11-19 07:21:00,1668842460.0,270.7,270.7,270.5,270.6,299.768
2022-11-19 07:22:00,1668842520.0,270.5,270.7,270.5,270.5,592.53
2022-11-19 07:23:00,1668842580.0,270.6,270.7,270.5,270.6,124.269
2022-11-19 07:24:00,1668842640.0,270.7,270.7,270.5,270.6,66.29
2022-11-19 07:25:00,1668842700.0,270.5,270.6,270.5,270.6,67.868
2022-11-19 07:26:00,1668842760.0,270.6,270.7,270.4,270.4,295.208
2022-11-19 07:27:00,1668842820.0,270.4,270.6,270.4,270.5,206.041
2022-11-19 07:28:00,1668842880.0,270.5,270.6,270.5,270.6,64.97
2022-11-19 07:29:00,1668842940.0,270.6,270.6,270.4,270.4,61.441
2022-11-19 07:30:00,1668843000.0,270.5,270.5,270.4,270.4,87.18
2022-11-19 07:31:00,1668843060.0,270.5,270.7,270.4,270.6,171.044
2022-11-19 07:32:00,1668843120.0,270.7,270.7,270.6,270.7,18.511
2022-11-19 07:33:00,1668843180.0,270.6,270.7,270.5,270.5,105.516
2022-11-19 07:34:00,1668843240.0,270.6,270.6,270.5,270.6,24.091
2022-11-19 07:35:00,1668843300.0,270.6,270.7,270.5,270.6,244.099
2022-11-19 07:36:00,1668843360.0,270.6,270.8,270.6,270.8,299.131
2022-11-19 07:37:00,1668843420.0,270.7,270.9,270.7,270.9,105.269
2022-11-19 07:38:00,1668843480.0,270.8,270.9,270.7,270.8,224.816
2022-11-19 07:39:00,1668843540.0,270.7,270.8,270.5,270.6,524.257
2022-11-19 07:40:00,1668843600.0,270.5,270.6,270.5,270.5,28.764
2022-11-19 07:41:00,1668843660.0,270.6,270.6,270.5,270.6,173.724
2022-11-19 07:42:00,1668843720.0,270.5,270.6,270.5,270.6,37.022
2022-11-19 07:43:00,1668843780.0,270.5,270.6,270.5,270.5,45.468
2022-11-19 07:44:00,1668843840.0,270.6,270.6,270.5,270.5,38.927
2022-11-19 07:45:00,1668843900.0,270.6,270.6,270.5,270.5,39.172
2022-11-19 07:46:00,1668843960.0,270.5,270.6,270.5,270.6,49.191
2022-11-19 07:47:00,1668844020.0,270.6,270.6,270.5,270.6,7.033
2022-11-19 07:48:00,1668844080.0,270.6,270.6,270.3,270.3,69.258
2022-11-19 07:49:00,1668844140.0,270.3,270.5,270.3,270.5,135.649
2022-11-19 07:50:00,1668844200.0,270.5,270.5,270.4,270.5,28.728
2022-11-19 07:51:00,1668844260.0,270.4,270.5,270.3,270.3,60.365
2022-11-19 07:52:00,1668844320.0,270.3,270.4,270.0,270.0,712.62
2022-11-19 07:53:00,1668844380.0,270.1,270.1,270.0,270.1,57.2
2022-11-19 07:54:00,1668844440.0,270.0,270.1,269.8,269.8,116.384
2022-11-19 07:55:00,1668844500.0,269.9,270.2,269.8,270.2,112.29
2022-11-19 07:56:00,1668844560.0,270.2,270.2,270.0,270.0,73.578
2022-11-19 07:57:00,1668844620.0,270.1,270.1,270.0,270.0,25.565
2022-11-19 07:58:00,1668844680.0,270.1,270.1,270.0,270.0,30.641
2022-11-19 07:59:00,1668844740.0,270.0,270.1,269.9,269.9,92.875
2022-11-19 08:00:00,1668844800.0,269.9,270.1,269.8,270.1,52.007
2022-11-19 08:01:00,1668844860.0,270.1,270.4,270.0,270.4,165.375
2022-11-19 08:02:00,1668844920.0,270.4,270.5,270.2,270.3,245.257
2022-11-19 08:03:00,1668844980.0,270.4,270.4,270.2,270.3,124.492
2022-11-19 08:04:00,1668845040.0,270.2,270.3,270.0,270.2,214.089
2022-11-19 08:05:00,1668845100.0,270.1,270.2,270.0,270.1,39.773
2022-11-19 08:06:00,1668845160.0,270.1,270.1,270.0,270.1,26.319
2022-11-19 08:07:00,1668845220.0,270.1,270.2,270.0,270.1,70.606
2022-11-19 08:08:00,1668845280.0,270.2,270.2,270.1,270.1,41.847
2022-11-19 08:09:00,1668845340.0,270.2,270.2,269.9,270.0,154.69
2022-11-19 08:10:00,1668845400.0,270.0,270.1,270.0,270.1,114.366
2022-11-19 08:11:00,1668845460.0,270.2,270.2,270.1,270.2,19.07
2022-11-19 08:12:00,1668845520.0,270.1,270.2,270.1,270.1,50.668
2022-11-19 08:13:00,1668845580.0,270.1,270.2,270.1,270.1,41.954
2022-11-19 08:14:00,1668845640.0,270.1,270.2,270.1,270.1,12.797
2022-11-19 08:15:00,1668845700.0,270.2,270.2,270.1,270.1,29.419
2022-11-19 08:16:00,1668845760.0,270.2,270.3,270.1,270.2,74.954
2022-11-19 08:17:00,1668845820.0,270.2,270.3,270.2,270.2,35.238
2022-11-19 08:18:00,1668845880.0,270.3,270.3,270.2,270.2,14.182
2022-11-19 08:19:00,1668845940.0,270.2,270.3,270.1,270.1,174.127
2022-11-19 08:20:00,1668846000.0,270.2,270.2,270.1,270.1,28.611
2022-11-19 08:21:00,1668846060.0,270.2,270.2,270.1,270.1,12.094
2022-11-19 08:22:00,1668846120.0,270.1,270.2,270.1,270.2,60.398
2022-11-19 08:23:00,1668846180.0,270.1,270.2,270.0,270.0,49.621
2022-11-19 08:24:00,1668846240.0,270.0,270.1,269.9,270.0,36.052
2022-11-19 08:25:00,1668846300.0,269.9,270.0,269.9,269.9,15.298
2022-11-19 08:26:00,1668846360.0,269.9,270.0,269.7,269.7,171.782
2022-11-19 08:27:00,1668846420.0,269.8,269.8,269.5,269.6,442.45
2022-11-19 08:28:00,1668846480.0,269.6,269.7,269.2,269.4,1418.713
2022-11-19 08:29:00,1668846540.0,269.4,269.9,269.3,269.9,232.177
2022-11-19 08:30:00,1668846600.0,269.9,269.9,269.5,269.5,170.571
2022-11-19 08:31:00,1668846660.0,269.5,269.5,269.4,269.5,29.83
2022-11-19 08:32:00,1668846720.0,269.4,269.5,269.3,269.4,174.37
2022-11-19 08:33:00,1668846780.0,269.4,269.8,269.4,269.7,201.825
2022-11-19 08:34:00,1668846840.0,269.7,269.7,269.5,269.6,108.566
2022-11-19 08:35:00,1668846900.0,269.6,269.6,269.4,269.4,105.912
2022-11-19 08:36:00,1668846960.0,269.5,270.2,269.4,270.1,1505.071
2022-11-19 08:37:00,1668847020.0,270.1,270.4,269.9,270.2,745.695
2022-11-19 08:38:00,1668847080.0,270.1,270.3,270.0,270.3,149.484
2022-11-19 08:39:00,1668847140.0,270.3,270.4,270.2,270.4,36.007
2022-11-19 08:40:00,1668847200.0,270.4,270.5,270.1,270.1,190.819
2022-11-19 08:41:00,1668847260.0,270.2,270.3,270.1,270.2,38.008
2022-11-19 08:42:00,1668847320.0,270.3,270.3,270.1,270.1,135.36
2022-11-19 08:43:00,1668847380.0,270.2,270.3,270.2,270.2,39.695
2022-11-19 08:44:00,1668847440.0,270.3,270.3,270.2,270.2,19.539
2022-11-19 08:45:00,1668847500.0,270.3,270.4,270.2,270.3,70.01
2022-11-19 08:46:00,1668847560.0,270.3,270.4,270.3,270.4,111.56
2022-11-19 08:47:00,1668847620.0,270.4,270.5,270.3,270.4,186.239
2022-11-19 08:48:00,1668847680.0,270.4,270.6,270.3,270.5,89.839
2022-11-19 08:49:00,1668847740.0,270.6,270.7,270.4,270.6,96.404
2022-11-19 08:50:00,1668847800.0,270.7,270.7,270.6,270.6,48.323
2022-11-19 08:51:00,1668847860.0,270.7,270.8,270.6,270.7,247.858
2022-11-19 08:52:00,1668847920.0,270.8,271.0,270.7,270.9,331.871
2022-11-19 08:53:00,1668847980.0,270.9,270.9,270.8,270.8,41.616
2022-11-19 08:54:00,1668848040.0,270.8,271.2,270.8,270.9,235.291
2022-11-19 08:55:00,1668848100.0,270.9,271.0,270.7,270.8,173.174
2022-11-19 08:56:00,1668848160.0,270.8,270.9,270.7,270.8,89.121
2022-11-19 08:57:00,1668848220.0,270.9,271.0,270.8,271.0,43.74
2022-11-19 08:58:00,1668848280.0,271.0,271.0,270.7,270.7,199.663
2022-11-19 08:59:00,1668848340.0,270.8,270.8,270.7,270.8,161.41
2022-11-19 09:00:00,1668848400.0,270.8,271.0,270.7,270.9,100.846
2022-11-19 09:01:00,1668848460.0,270.9,270.9,270.6,270.6,69.823
2022-11-19 09:02:00,1668848520.0,270.7,270.7,270.5,270.6,62.078
2022-11-19 09:03:00,1668848580.0,270.6,270.6,270.4,270.4,97.043
2022-11-19 09:04:00,1668848640.0,270.4,270.4,270.1,270.1,94.247
2022-11-19 09:05:00,1668848700.0,270.2,270.2,270.1,270.2,101.412
2022-11-19 09:06:00,1668848760.0,270.2,270.2,270.1,270.2,117.702
2022-11-19 09:07:00,1668848820.0,270.2,270.2,270.1,270.2,51.553
2022-11-19 09:08:00,1668848880.0,270.1,270.4,270.1,270.4,107.576
2022-11-19 09:09:00,1668848940.0,270.4,270.4,270.3,270.4,51.165
2022-11-19 09:10:00,1668849000.0,270.4,270.4,270.3,270.3,55.851
2022-11-19 09:11:00,1668849060.0,270.4,270.4,270.3,270.3,51.592
2022-11-19 09:12:00,1668849120.0,270.3,270.4,270.3,270.3,63.236
2022-11-19 09:13:00,1668849180.0,270.3,270.4,270.3,270.4,85.479
2022-11-19 09:14:00,1668849240.0,270.4,270.4,270.3,270.4,35.945
2022-11-19 09:15:00,1668849300.0,270.4,270.4,270.3,270.4,36.894
2022-11-19 09:16:00,1668849360.0,270.3,270.4,270.2,270.3,54.137
2022-11-19 09:17:00,1668849420.0,270.2,270.4,270.2,270.4,112.226
2022-11-19 09:18:00,1668849480.0,270.3,270.5,270.3,270.5,85.518
2022-11-19 09:19:00,1668849540.0,270.5,270.6,270.4,270.5,43.16
2022-11-19 09:20:00,1668849600.0,270.6,270.6,270.5,270.6,13.339
2022-11-19 09:21:00,1668849660.0,270.5,270.6,270.4,270.5,75.314
2022-11-19 09:22:00,1668849720.0,270.5,270.6,270.4,270.5,82.749
2022-11-19 09:23:00,1668849780.0,270.6,270.6,270.5,270.6,88.873
2022-11-19 09:24:00,1668849840.0,270.5,270.6,270.4,270.5,48.153
2022-11-19 09:25:00,1668849900.0,270.5,270.5,270.2,270.3,78.839
2022-11-19 09:26:00,1668849960.0,270.3,270.5,270.2,270.4,124.39
2022-11-19 09:27:00,1668850020.0,270.5,270.5,270.4,270.4,26.791
2022-11-19 09:28:00,1668850080.0,270.5,270.6,270.4,270.5,21.335
2022-11-19 09:29:00,1668850140.0,270.5,270.6,270.5,270.5,19.666
2022-11-19 09:30:00,1668850200.0,270.6,270.6,270.5,270.6,59.058
2022-11-19 09:31:00,1668850260.0,270.6,270.6,270.5,270.6,49.4
2022-11-19 09:32:00,1668850320.0,270.6,270.6,270.5,270.6,32.879
2022-11-19 09:33:00,1668850380.0,270.5,270.6,270.5,270.6,39.621
2022-11-19 09:34:00,1668850440.0,270.6,270.6,270.5,270.5,47.226
2022-11-19 09:35:00,1668850500.0,270.6,270.7,270.5,270.7,100.976
2022-11-19 09:36:00,1668850560.0,270.7,270.7,270.6,270.7,41.144
2022-11-19 09:37:00,1668850620.0,270.7,270.8,270.7,270.7,87.276
2022-11-19 09:38:00,1668850680.0,270.7,270.7,270.6,270.7,45.012
2022-11-19 09:39:00,1668850740.0,270.6,270.9,270.6,270.9,55.452
2022-11-19 09:40:00,1668850800.0,270.9,270.9,270.8,270.9,12.916
2022-11-19 09:41:00,1668850860.0,270.8,270.9,270.8,270.9,34.978
2022-11-19 09:42:00,1668850920.0,270.8,271.0,270.7,271.0,204.889
2022-11-19 09:43:00,1668850980.0,271.0,271.0,270.8,270.8,74.58
2022-11-19 09:44:00,1668851040.0,270.9,271.0,270.8,271.0,63.386
2022-11-19 09:45:00,1668851100.0,271.0,271.0,270.9,271.0,33.029
2022-11-19 09:46:00,1668851160.0,270.9,271.0,270.9,271.0,82.94
2022-11-19 09:47:00,1668851220.0,271.0,271.0,270.8,270.8,136.707
2022-11-19 09:48:00,1668851280.0,270.9,270.9,270.8,270.9,71.643
2022-11-19 09:49:00,1668851340.0,270.9,270.9,270.8,270.8,28.114
2022-11-19 09:50:00,1668851400.0,270.9,270.9,270.7,270.7,239.348
2022-11-19 09:51:00,1668851460.0,270.7,270.8,270.7,270.7,22.088
2022-11-19 09:52:00,1668851520.0,270.8,270.8,270.6,270.7,33.275
2022-11-19 09:53:00,1668851580.0,270.7,270.7,270.6,270.7,37.911
2022-11-19 09:54:00,1668851640.0,270.7,270.7,270.6,270.7,58.534
2022-11-19 09:55:00,1668851700.0,270.7,271.0,270.6,270.9,102.469
2022-11-19 09:56:00,1668851760.0,270.9,271.0,270.8,270.9,93.891
2022-11-19 09:57:00,1668851820.0,270.9,270.9,270.7,270.7,31.47
2022-11-19 09:58:00,1668851880.0,270.7,270.8,270.7,270.8,18.964
2022-11-19 09:59:00,1668851940.0,270.7,270.8,270.6,270.6,23.62
2022-11-19 10:00:00,1668852000.0,270.7,270.8,270.6,270.7,118.391
2022-11-19 10:01:00,1668852060.0,270.8,270.8,270.6,270.6,53.782
2022-11-19 10:02:00,1668852120.0,270.7,270.8,270.6,270.7,81.352
2022-11-19 10:03:00,1668852180.0,270.8,270.8,270.7,270.7,52.44
2022-11-19 10:04:00,1668852240.0,270.8,270.9,270.7,270.9,50.538
2022-11-19 10:05:00,1668852300.0,270.9,271.0,270.8,271.0,91.003
2022-11-19 10:06:00,1668852360.0,271.0,271.0,270.7,270.8,154.494
2022-11-19 10:07:00,1668852420.0,270.7,270.8,270.6,270.7,141.588
2022-11-19 10:08:00,1668852480.0,270.7,270.7,270.5,270.6,42.872
2022-11-19 10:09:00,1668852540.0,270.6,270.6,270.5,270.6,32.07
2022-11-19 10:10:00,1668852600.0,270.5,270.6,270.4,270.5,159.448
2022-11-19 10:11:00,1668852660.0,270.4,270.5,270.2,270.4,186.058
2022-11-19 10:12:00,1668852720.0,270.4,270.7,270.3,270.6,123.018
2022-11-19 10:13:00,1668852780.0,270.6,270.7,270.5,270.6,51.342
2022-11-19 10:14:00,1668852840.0,270.6,270.6,270.3,270.4,139.23
2022-11-19 10:15:00,1668852900.0,270.3,270.4,270.2,270.2,83.636
2022-11-19 10:16:00,1668852960.0,270.3,270.3,270.2,270.3,136.654
2022-11-19 10:17:00,1668853020.0,270.2,270.4,270.2,270.4,106.553
2022-11-19 10:18:00,1668853080.0,270.4,270.4,270.3,270.3,63.567
2022-11-19 10:19:00,1668853140.0,270.3,270.4,270.3,270.4,33.181
2022-11-19 10:20:00,1668853200.0,270.4,270.4,270.3,270.4,16.15
2022-11-19 10:21:00,1668853260.0,270.4,270.5,270.3,270.4,59.002
2022-11-19 10:22:00,1668853320.0,270.5,270.5,270.4,270.4,67.95
2022-11-19 10:23:00,1668853380.0,270.5,270.6,270.4,270.6,61.782
2022-11-19 10:24:00,1668853440.0,270.6,270.6,270.4,270.4,122.718
2022-11-19 10:25:00,1668853500.0,270.5,270.5,270.4,270.4,19.393
2022-11-19 10:26:00,1668853560.0,270.4,270.5,270.4,270.5,12.993
2022-11-19 10:27:00,1668853620.0,270.4,270.5,270.4,270.4,22.261
2022-11-19 10:28:00,1668853680.0,270.5,270.5,270.4,270.4,18.062
2022-11-19 10:29:00,1668853740.0,270.5,270.6,270.5,270.5,56.106
2022-11-19 10:30:00,1668853800.0,270.6,270.6,270.5,270.5,35.977
2022-11-19 10:31:00,1668853860.0,270.6,270.7,270.5,270.7,87.669
2022-11-19 10:32:00,1668853920.0,270.6,270.8,270.6,270.7,111.602
2022-11-19 10:33:00,1668853980.0,270.8,270.8,270.5,270.5,151.734
2022-11-19 10:34:00,1668854040.0,270.6,270.6,270.5,270.6,55.965
2022-11-19 10:35:00,1668854100.0,270.6,270.9,270.5,270.9,253.152
2022-11-19 10:36:00,1668854160.0,270.9,270.9,270.8,270.8,25.771
2022-11-19 10:37:00,1668854220.0,270.9,271.0,270.8,270.9,78.418
2022-11-19 10:38:00,1668854280.0,270.9,271.0,270.9,270.9,77.902
2022-11-19 10:39:00,1668854340.0,270.9,271.1,270.9,271.0,139.109
2022-11-19 10:40:00,1668854400.0,270.9,270.9,270.8,270.9,113.223
2022-11-19 10:41:00,1668854460.0,270.9,271.0,270.8,270.9,75.333
2022-11-19 10:42:00,1668854520.0,270.9,271.0,270.9,270.9,76.915
2022-11-19 10:43:00,1668854580.0,271.0,271.0,270.9,271.0,46.431
2022-11-19 10:44:00,1668854640.0,271.0,271.0,270.9,271.0,32.627
2022-11-19 10:45:00,1668854700.0,271.0,271.0,270.9,271.0,27.448
2022-11-19 10:46:00,1668854760.0,271.0,271.1,270.9,271.0,133.12
2022-11-19 10:47:00,1668854820.0,271.0,271.0,270.7,270.8,69.564
2022-11-19 10:48:00,1668854880.0,270.8,270.9,270.7,270.9,95.678
2022-11-19 10:49:00,1668854940.0,270.8,271.0,270.8,270.9,118.441
2022-11-19 10:50:00,1668855000.0,271.0,271.1,270.9,271.1,29.891
2022-11-19 10:51:00,1668855060.0,271.0,271.1,271.0,271.0,75.723
2022-11-19 10:52:00,1668855120.0,271.0,271.1,271.0,271.0,25.41
2022-11-19 10:53:00,1668855180.0,271.1,271.2,271.0,271.1,176.795
2022-11-19 10:54:00,1668855240.0,271.1,271.2,271.1,271.1,45.295
2022-11-19 10:55:00,1668855300.0,271.1,271.2,271.1,271.2,33.22
2022-11-19 10:56:00,1668855360.0,271.2,271.2,271.1,271.2,39.42
2022-11-19 10:57:00,1668855420.0,271.1,271.2,271.1,271.2,63.979
2022-11-19 10:58:00,1668855480.0,271.2,271.2,271.0,271.0,105.687
2022-11-19 10:59:00,1668855540.0,271.0,271.1,271.0,271.1,40.959
2022-11-19 11:00:00,1668855600.0,271.1,271.2,271.0,271.2,196.869
2022-11-19 11:01:00,1668855660.0,271.2,271.2,271.0,271.1,317.993
2022-11-19 11:02:00,1668855720.0,271.2,271.3,271.1,271.2,54.409
2022-11-19 11:03:00,1668855780.0,271.2,271.3,271.1,271.1,94.342
2022-11-19 11:04:00,1668855840.0,271.2,271.2,271.1,271.2,37.701
2022-11-19 11:05:00,1668855900.0,271.1,271.3,271.1,271.3,34.114
2022-11-19 11:06:00,1668855960.0,271.2,271.3,271.2,271.3,30.832
2022-11-19 11:07:00,1668856020.0,271.3,271.3,271.2,271.2,22.391
2022-11-19 11:08:00,1668856080.0,271.3,271.4,271.2,271.4,65.909
2022-11-19 11:09:00,1668856140.0,271.4,271.4,271.2,271.3,179.829
2022-11-19 11:10:00,1668856200.0,271.2,271.3,271.2,271.3,52.245
2022-11-19 11:11:00,1668856260.0,271.2,271.3,271.2,271.2,14.827
2022-11-19 11:12:00,1668856320.0,271.3,271.3,271.1,271.2,25.006
2022-11-19 11:13:00,1668856380.0,271.1,271.2,271.1,271.2,28.485
2022-11-19 11:14:00,1668856440.0,271.1,271.2,271.0,271.0,22.613
2022-11-19 11:15:00,1668856500.0,271.0,271.2,271.0,271.2,162.162
2022-11-19 11:16:00,1668856560.0,271.2,271.3,271.1,271.2,129.781
2022-11-19 11:17:00,1668856620.0,271.1,271.3,271.1,271.3,128.615
2022-11-19 11:18:00,1668856680.0,271.3,271.3,271.1,271.1,60.689
2022-11-19 11:19:00,1668856740.0,271.2,271.2,271.1,271.1,28.594
2022-11-19 11:20:00,1668856800.0,271.1,271.2,271.1,271.1,49.082
2022-11-19 11:21:00,1668856860.0,271.2,271.2,271.1,271.1,26.517
2022-11-19 11:22:00,1668856920.0,271.2,271.2,271.1,271.1,60.221
2022-11-19 11:23:00,1668856980.0,271.2,271.2,271.1,271.1,36.211
2022-11-19 11:24:00,1668857040.0,271.2,271.2,271.1,271.2,25.781
2022-11-19 11:25:00,1668857100.0,271.1,271.2,271.1,271.1,46.322
2022-11-19 11:26:00,1668857160.0,271.1,271.2,271.1,271.2,58.939
2022-11-19 11:27:00,1668857220.0,271.2,271.2,271.1,271.2,24.111
2022-11-19 11:28:00,1668857280.0,271.2,271.2,271.1,271.2,27.555
2022-11-19 11:29:00,1668857340.0,271.2,271.5,271.1,271.5,408.198
2022-11-19 11:30:00,1668857400.0,271.4,271.5,271.3,271.4,47.512
2022-11-19 11:31:00,1668857460.0,271.3,271.3,271.1,271.2,103.033
2022-11-19 11:32:00,1668857520.0,271.2,271.2,271.1,271.2,27.284
2022-11-19 11:33:00,1668857580.0,271.2,271.3,271.1,271.3,32.944
2022-11-19 11:34:00,1668857640.0,271.2,271.3,271.2,271.2,85.401
2022-11-19 11:35:00,1668857700.0,271.2,271.3,271.2,271.3,14.669
2022-11-19 11:36:00,1668857760.0,271.2,271.5,271.2,271.5,68.577
2022-11-19 11:37:00,1668857820.0,271.5,271.6,271.5,271.5,258.122
2022-11-19 11:38:00,1668857880.0,271.5,271.6,271.5,271.6,25.336
2022-11-19 11:39:00,1668857940.0,271.5,271.6,271.4,271.4,134.894
2022-11-19 11:40:00,1668858000.0,271.5,271.5,271.4,271.5,40.978
2022-11-19 11:41:00,1668858060.0,271.4,271.6,271.4,271.6,37.436
2022-11-19 11:42:00,1668858120.0,271.5,271.6,271.5,271.6,71.88
2022-11-19 11:43:00,1668858180.0,271.5,271.6,271.5,271.6,36.788
2022-11-19 11:44:00,1668858240.0,271.5,271.6,271.5,271.5,88.705
2022-11-19 11:45:00,1668858300.0,271.5,271.5,271.3,271.4,100.927
2022-11-19 11:46:00,1668858360.0,271.4,271.4,271.1,271.1,64.835
2022-11-19 11:47:00,1668858420.0,271.1,271.3,271.1,271.2,142.4
2022-11-19 11:48:00,1668858480.0,271.2,271.4,271.2,271.4,88.276
2022-11-19 11:49:00,1668858540.0,271.4,271.5,271.3,271.4,46.065
2022-11-19 11:50:00,1668858600.0,271.4,271.5,271.3,271.3,58.81
2022-11-19 11:51:00,1668858660.0,271.4,271.4,271.2,271.2,179.425
2022-11-19 11:52:00,1668858720.0,271.3,271.3,271.2,271.3,29.758
2022-11-19 11:53:00,1668858780.0,271.2,271.3,271.2,271.2,32.138
2022-11-19 11:54:00,1668858840.0,271.2,271.3,270.8,271.0,468.472
2022-11-19 11:55:00,1668858900.0,271.0,271.1,270.9,271.1,67.508
2022-11-19 11:56:00,1668858960.0,271.1,271.3,271.0,271.2,132.454
2022-11-19 11:57:00,1668859020.0,271.2,271.3,271.2,271.3,36.227
2022-11-19 11:58:00,1668859080.0,271.3,271.5,271.2,271.5,67.881
2022-11-19 11:59:00,1668859140.0,271.5,271.5,271.4,271.5,54.461
2022-11-19 12:00:00,1668859200.0,271.5,271.7,271.4,271.7,80.349
2022-11-19 12:01:00,1668859260.0,271.7,271.7,271.4,271.4,599.685
2022-11-19 12:02:00,1668859320.0,271.4,271.5,271.2,271.5,170.951
2022-11-19 12:03:00,1668859380.0,271.4,271.6,271.4,271.5,235.014
2022-11-19 12:04:00,1668859440.0,271.5,271.6,271.5,271.6,34.591
2022-11-19 12:05:00,1668859500.0,271.6,271.6,271.5,271.5,50.391
2022-11-19 12:06:00,1668859560.0,271.5,271.6,271.4,271.4,80.848
2022-11-19 12:07:00,1668859620.0,271.4,271.5,271.4,271.5,38.953
2022-11-19 12:08:00,1668859680.0,271.4,271.5,271.4,271.4,20.788
2022-11-19 12:09:00,1668859740.0,271.4,271.5,271.4,271.5,50.047
2022-11-19 12:10:00,1668859800.0,271.4,271.6,271.4,271.4,215.677
2022-11-19 12:11:00,1668859860.0,271.5,271.5,271.4,271.4,50.623
2022-11-19 12:12:00,1668859920.0,271.4,271.6,271.4,271.5,93.395
2022-11-19 12:13:00,1668859980.0,271.5,271.6,271.5,271.6,19.519
2022-11-19 12:14:00,1668860040.0,271.6,271.6,271.5,271.5,40.488
2022-11-19 12:15:00,1668860100.0,271.6,271.7,271.5,271.6,63.416
2022-11-19 12:16:00,1668860160.0,271.7,271.7,271.5,271.6,185.794
2022-11-19 12:17:00,1668860220.0,271.5,271.6,271.5,271.6,200.473
2022-11-19 12:18:00,1668860280.0,271.5,271.7,271.5,271.6,53.882
2022-11-19 12:19:00,1668860340.0,271.6,271.7,271.6,271.6,71.904
2022-11-19 12:20:00,1668860400.0,271.7,271.7,271.4,271.5,116.56
2022-11-19 12:21:00,1668860460.0,271.4,271.5,271.3,271.3,363.425
2022-11-19 12:22:00,1668860520.0,271.3,271.4,271.3,271.4,39.481
2022-11-19 12:23:00,1668860580.0,271.4,271.4,271.3,271.4,28.113
2022-11-19 12:24:00,1668860640.0,271.4,271.4,271.3,271.3,22.884
2022-11-19 12:25:00,1668860700.0,271.4,271.4,271.3,271.3,80.14
2022-11-19 12:26:00,1668860760.0,271.4,271.4,271.3,271.4,85.604
2022-11-19 12:27:00,1668860820.0,271.4,271.4,271.3,271.4,70.116
2022-11-19 12:28:00,1668860880.0,271.4,271.4,271.3,271.3,340.726
2022-11-19 12:29:00,1668860940.0,271.4,271.4,271.0,271.1,326.692
2022-11-19 12:30:00,1668861000.0,271.1,271.3,271.1,271.3,51.706
2022-11-19 12:31:00,1668861060.0,271.2,271.3,271.1,271.2,112.821
2022-11-19 12:32:00,1668861120.0,271.1,271.2,271.0,271.1,53.837
2022-11-19 12:33:00,1668861180.0,271.1,271.1,271.0,271.0,56.46
2022-11-19 12:34:00,1668861240.0,271.1,271.1,270.9,270.9,105.788
2022-11-19 12:35:00,1668861300.0,271.0,271.0,270.9,270.9,25.642
2022-11-19 12:36:00,1668861360.0,271.0,271.0,270.6,270.7,121.717
2022-11-19 12:37:00,1668861420.0,270.7,270.8,270.6,270.8,160.501
2022-11-19 12:38:00,1668861480.0,270.7,270.8,270.7,270.7,39.149
2022-11-19 12:39:00,1668861540.0,270.8,270.8,270.7,270.7,89.774
2022-11-19 12:40:00,1668861600.0,270.7,270.8,270.7,270.7,28.421
2022-11-19 12:41:00,1668861660.0,270.8,270.8,270.7,270.7,47.78
2022-11-19 12:42:00,1668861720.0,270.7,270.8,270.6,270.7,94.294
2022-11-19 12:43:00,1668861780.0,270.6,270.9,270.6,270.9,166.637
2022-11-19 12:44:00,1668861840.0,270.9,270.9,270.8,270.9,48.6
2022-11-19 12:45:00,1668861900.0,270.8,270.9,270.8,270.8,29.079
2022-11-19 12:46:00,1668861960.0,270.8,270.9,270.8,270.9,36.107
2022-11-19 12:47:00,1668862020.0,270.9,270.9,270.8,270.9,31.034
2022-11-19 12:48:00,1668862080.0,270.8,270.9,270.7,270.8,47.004
2022-11-19 12:49:00,1668862140.0,270.8,270.8,270.7,270.8,27.904
2022-11-19 12:50:00,1668862200.0,270.8,270.8,270.6,270.7,49.844
2022-11-19 12:51:00,1668862260.0,270.7,270.7,270.6,270.6,32.698
2022-11-19 12:52:00,1668862320.0,270.6,270.7,270.6,270.7,122.082
2022-11-19 12:53:00,1668862380.0,270.7,270.9,270.6,270.9,152.919
2022-11-19 12:54:00,1668862440.0,270.9,270.9,270.8,270.9,15.66
2022-11-19 12:55:00,1668862500.0,270.8,270.9,270.8,270.8,61.075
2022-11-19 12:56:00,1668862560.0,270.8,270.9,270.8,270.8,39.545
2022-11-19 12:57:00,1668862620.0,270.9,271.0,270.8,271.0,58.636
2022-11-19 12:58:00,1668862680.0,271.0,271.1,271.0,271.0,58.737
2022-11-19 12:59:00,1668862740.0,271.0,271.1,270.9,271.0,124.061
2022-11-19 13:00:00,1668862800.0,271.0,271.0,270.9,271.0,50.711
2022-11-19 13:01:00,1668862860.0,270.9,271.1,270.9,271.0,85.751
2022-11-19 13:02:00,1668862920.0,271.1,271.1,270.9,271.0,49.168
2022-11-19 13:03:00,1668862980.0,270.9,270.9,270.7,270.8,115.168
2022-11-19 13:04:00,1668863040.0,270.7,270.8,270.7,270.7,66.849
2022-11-19 13:05:00,1668863100.0,270.8,270.8,270.6,270.8,145.323
2022-11-19 13:06:00,1668863160.0,270.8,270.9,270.7,270.8,46.862
2022-11-19 13:07:00,1668863220.0,270.8,270.9,270.8,270.9,57.831
2022-11-19 13:08:00,1668863280.0,270.8,270.9,270.8,270.9,15.627
2022-11-19 13:09:00,1668863340.0,270.9,270.9,270.6,270.6,101.168
2022-11-19 13:10:00,1668863400.0,270.6,270.7,270.6,270.7,13.059
2022-11-19 13:11:00,1668863460.0,270.6,270.7,270.6,270.7,85.106
2022-11-19 13:12:00,1668863520.0,270.7,270.8,270.6,270.7,66.205
2022-11-19 13:13:00,1668863580.0,270.7,270.8,270.6,270.7,41.474
2022-11-19 13:14:00,1668863640.0,270.7,270.7,270.6,270.7,6.843
2022-11-19 13:15:00,1668863700.0,270.7,270.8,270.6,270.7,52.165
2022-11-19 13:16:00,1668863760.0,270.8,271.0,270.7,270.9,145.973
2022-11-19 13:17:00,1668863820.0,271.0,271.1,270.9,271.1,51.334
2022-11-19 13:18:00,1668863880.0,271.0,271.1,270.9,271.0,75.22
2022-11-19 13:19:00,1668863940.0,271.0,271.0,270.7,270.7,51.024
2022-11-19 13:20:00,1668864000.0,270.8,270.8,270.6,270.7,89.269
2022-11-19 13:21:00,1668864060.0,270.7,270.8,270.6,270.7,47.464
2022-11-19 13:22:00,1668864120.0,270.7,270.8,270.6,270.7,70.46
2022-11-19 13:23:00,1668864180.0,270.6,270.7,270.3,270.5,151.451
2022-11-19 13:24:00,1668864240.0,270.5,270.7,270.4,270.5,123.306
2022-11-19 13:25:00,1668864300.0,270.6,270.9,270.6,270.7,194.439
2022-11-19 13:26:00,1668864360.0,270.6,270.8,270.6,270.8,105.399
2022-11-19 13:27:00,1668864420.0,270.8,270.8,270.6,270.6,45.525
2022-11-19 13:28:00,1668864480.0,270.6,270.7,270.6,270.7,18.425
2022-11-19 13:29:00,1668864540.0,270.6,270.7,270.6,270.7,56.829
2022-11-19 13:30:00,1668864600.0,270.7,270.7,270.5,270.6,41.575
2022-11-19 13:31:00,1668864660.0,270.6,270.7,270.5,270.7,51.585
2022-11-19 13:32:00,1668864720.0,270.7,270.9,270.6,270.8,84.272
2022-11-19 13:33:00,1668864780.0,270.9,270.9,270.8,270.9,32.987
2022-11-19 13:34:00,1668864840.0,270.9,271.0,270.7,270.7,302.696
2022-11-19 13:35:00,1668864900.0,270.7,270.8,270.7,270.8,26.458
2022-11-19 13:36:00,1668864960.0,270.8,270.8,270.7,270.8,14.83
2022-11-19 13:37:00,1668865020.0,270.8,270.9,270.8,270.9,53.321
2022-11-19 13:38:00,1668865080.0,270.8,270.9,270.8,270.8,40.676
2022-11-19 13:39:00,1668865140.0,270.9,270.9,270.8,270.9,30.139
2022-11-19 13:40:00,1668865200.0,270.9,270.9,270.8,270.8,31.224
2022-11-19 13:41:00,1668865260.0,270.9,270.9,270.8,270.9,52.713
2022-11-19 13:42:00,1668865320.0,270.9,271.0,270.9,270.9,52.611
2022-11-19 13:43:00,1668865380.0,271.0,271.1,270.9,271.0,115.113
2022-11-19 13:44:00,1668865440.0,271.0,271.0,270.9,271.0,56.188
2022-11-19 13:45:00,1668865500.0,270.9,271.2,270.9,271.2,102.301
2022-11-19 13:46:00,1668865560.0,271.1,271.2,271.0,271.1,88.303
2022-11-19 13:47:00,1668865620.0,271.1,271.1,270.9,270.9,165.205
2022-11-19 13:48:00,1668865680.0,271.0,271.2,270.9,271.0,144.805
2022-11-19 13:49:00,1668865740.0,271.0,271.1,270.9,271.1,81.755
2022-11-19 13:50:00,1668865800.0,271.1,271.1,270.9,271.1,141.476
2022-11-19 13:51:00,1668865860.0,271.1,271.2,271.0,271.1,67.048
2022-11-19 13:52:00,1668865920.0,271.1,271.1,271.0,271.1,25.091
2022-11-19 13:53:00,1668865980.0,271.0,271.1,271.0,271.0,30.61
2022-11-19 13:54:00,1668866040.0,271.0,271.1,270.9,270.9,43.358
2022-11-19 13:55:00,1668866100.0,270.9,271.0,270.8,270.9,29.117
2022-11-19 13:56:00,1668866160.0,270.9,270.9,270.7,270.8,71.897
2022-11-19 13:57:00,1668866220.0,270.8,270.9,270.7,270.9,156.743
2022-11-19 13:58:00,1668866280.0,270.9,270.9,270.7,270.8,83.428
2022-11-19 13:59:00,1668866340.0,270.7,270.8,270.7,270.7,38.16
2022-11-19 14:00:00,1668866400.0,270.8,270.9,270.6,270.6,84.585
2022-11-19 14:01:00,1668866460.0,270.7,270.9,270.6,270.9,138.135
2022-11-19 14:02:00,1668866520.0,270.9,270.9,270.8,270.8,67.604
2022-11-19 14:03:00,1668866580.0,270.9,270.9,270.8,270.8,16.917
2022-11-19 14:04:00,1668866640.0,270.8,270.8,270.6,270.8,174.185
2022-11-19 14:05:00,1668866700.0,270.8,270.9,270.8,270.9,16.662
2022-11-19 14:06:00,1668866760.0,270.9,270.9,270.8,270.9,114.493
2022-11-19 14:07:00,1668866820.0,270.9,271.1,270.8,271.1,44.785
2022-11-19 14:08:00,1668866880.0,271.1,271.1,270.9,271.0,172.429
2022-11-19 14:09:00,1668866940.0,271.0,271.0,270.9,270.9,30.805
2022-11-19 14:10:00,1668867000.0,271.0,271.0,270.9,270.9,32.025
2022-11-19 14:11:00,1668867060.0,270.9,271.0,270.6,270.7,338.146
2022-11-19 14:12:00,1668867120.0,270.6,270.9,270.6,270.8,172.602
2022-11-19 14:13:00,1668867180.0,270.7,270.8,270.7,270.7,43.938
2022-11-19 14:14:00,1668867240.0,270.8,270.9,270.7,270.9,58.577
2022-11-19 14:15:00,1668867300.0,270.8,271.0,270.7,270.8,237.427
2022-11-19 14:16:00,1668867360.0,270.8,270.9,270.8,270.9,88.905
2022-11-19 14:17:00,1668867420.0,270.9,270.9,270.7,270.7,135.707
2022-11-19 14:18:00,1668867480.0,270.8,270.8,270.7,270.7,35.102
2022-11-19 14:19:00,1668867540.0,270.7,270.8,270.5,270.5,150.816
2022-11-19 14:20:00,1668867600.0,270.5,270.6,270.3,270.4,370.454
2022-11-19 14:21:00,1668867660.0,270.5,270.6,270.4,270.4,187.185
2022-11-19 14:22:00,1668867720.0,270.5,270.5,270.4,270.4,59.079
2022-11-19 14:23:00,1668867780.0,270.5,270.5,270.4,270.5,39.544
2022-11-19 14:24:00,1668867840.0,270.4,270.5,270.4,270.4,54.38
2022-11-19 14:25:00,1668867900.0,270.5,270.5,270.4,270.4,30.467
2022-11-19 14:26:00,1668867960.0,270.5,270.5,270.4,270.5,42.93
2022-11-19 14:27:00,1668868020.0,270.4,270.5,270.3,270.3,130.939
2022-11-19 14:28:00,1668868080.0,270.3,270.4,270.3,270.3,138.818
2022-11-19 14:29:00,1668868140.0,270.4,270.4,270.3,270.4,126.289
2022-11-19 14:30:00,1668868200.0,270.4,270.5,270.3,270.4,98.016
2022-11-19 14:31:00,1668868260.0,270.5,270.5,270.3,270.4,80.284
2022-11-19 14:32:00,1668868320.0,270.4,270.4,270.3,270.3,48.72
2022-11-19 14:33:00,1668868380.0,270.3,270.4,270.2,270.2,145.775
2022-11-19 14:34:00,1668868440.0,270.2,270.3,269.9,270.0,396.427
2022-11-19 14:35:00,1668868500.0,270.0,270.1,270.0,270.1,135.837
2022-11-19 14:36:00,1668868560.0,270.1,270.2,270.0,270.1,92.431
2022-11-19 14:37:00,1668868620.0,270.1,270.1,270.0,270.0,33.05
2022-11-19 14:38:00,1668868680.0,270.1,270.1,270.0,270.1,132.072
2022-11-19 14:39:00,1668868740.0,270.1,270.2,270.1,270.2,218.599
2022-11-19 14:40:00,1668868800.0,270.3,270.4,270.2,270.3,117.998
2022-11-19 14:41:00,1668868860.0,270.4,270.4,270.2,270.3,91.702
2022-11-19 14:42:00,1668868920.0,270.3,270.4,270.2,270.3,135.626
2022-11-19 14:43:00,1668868980.0,270.2,270.3,270.2,270.3,35.074
2022-11-19 14:44:00,1668869040.0,270.2,270.3,270.2,270.2,65.081
2022-11-19 14:45:00,1668869100.0,270.2,270.6,270.2,270.6,104.847
2022-11-19 14:46:00,1668869160.0,270.6,270.7,270.5,270.6,98.495
2022-11-19 14:47:00,1668869220.0,270.6,270.6,270.5,270.6,80.71
2022-11-19 14:48:00,1668869280.0,270.5,270.6,270.5,270.6,106.353
2022-11-19 14:49:00,1668869340.0,270.5,270.6,270.3,270.4,196.395
2022-11-19 14:50:00,1668869400.0,270.5,270.5,270.4,270.4,41.691
2022-11-19 14:51:00,1668869460.0,270.5,270.5,270.4,270.5,85.591
2022-11-19 14:52:00,1668869520.0,270.5,270.5,270.4,270.4,79.315
2022-11-19 14:53:00,1668869580.0,270.4,270.5,270.4,270.5,31.105
2022-11-19 14:54:00,1668869640.0,270.5,270.6,270.3,270.3,350.784
2022-11-19 14:55:00,1668869700.0,270.3,270.4,270.2,270.3,120.146
2022-11-19 14:56:00,1668869760.0,270.3,270.4,270.3,270.3,14.912
2022-11-19 14:57:00,1668869820.0,270.3,270.4,270.3,270.4,31.223
2022-11-19 14:58:00,1668869880.0,270.4,270.6,270.3,270.4,174.911
2022-11-19 14:59:00,1668869940.0,270.5,270.5,270.4,270.5,93.344
2022-11-19 15:00:00,1668870000.0,270.5,270.6,270.3,270.4,147.5
2022-11-19 15:01:00,1668870060.0,270.3,270.6,270.3,270.5,88.25
2022-11-19 15:02:00,1668870120.0,270.6,270.7,270.5,270.6,82.702
2022-11-19 15:03:00,1668870180.0,270.7,270.8,270.6,270.7,54.908
2022-11-19 15:04:00,1668870240.0,270.8,270.8,270.7,270.7,41.581
2022-11-19 15:05:00,1668870300.0,270.7,270.8,270.7,270.8,32.349
2022-11-19 15:06:00,1668870360.0,270.8,271.0,270.7,270.9,451.853
2022-11-19 15:07:00,1668870420.0,270.9,270.9,270.8,270.9,63.538
2022-11-19 15:08:00,1668870480.0,270.9,271.2,270.8,271.2,155.289
2022-11-19 15:09:00,1668870540.0,271.1,271.5,271.1,271.4,171.08
2022-11-19 15:10:00,1668870600.0,271.4,271.7,271.2,271.3,567.011
2022-11-19 15:11:00,1668870660.0,271.2,271.3,270.9,271.0,125.406
2022-11-19 15:12:00,1668870720.0,271.1,271.3,270.9,271.3,129.022
2022-11-19 15:13:00,1668870780.0,271.2,271.3,271.1,271.2,209.614
2022-11-19 15:14:00,1668870840.0,271.2,271.5,271.1,271.5,196.925
2022-11-19 15:15:00,1668870900.0,271.5,271.7,271.3,271.4,269.167
2022-11-19 15:16:00,1668870960.0,271.3,271.3,271.0,271.3,228.822
2022-11-19 15:17:00,1668871020.0,271.3,271.5,271.2,271.3,208.59
2022-11-19 15:18:00,1668871080.0,271.4,271.4,271.2,271.2,128.983
2022-11-19 15:19:00,1668871140.0,271.3,271.3,271.1,271.2,109.825
2022-11-19 15:20:00,1668871200.0,271.1,271.3,271.0,271.2,188.678
2022-11-19 15:21:00,1668871260.0,271.2,271.3,271.2,271.2,29.877
2022-11-19 15:22:00,1668871320.0,271.3,271.3,271.2,271.3,82.117
2022-11-19 15:23:00,1668871380.0,271.3,271.3,271.1,271.2,50.473
2022-11-19 15:24:00,1668871440.0,271.1,271.3,271.0,271.0,150.285
2022-11-19 15:25:00,1668871500.0,271.0,271.1,270.9,270.9,56.572
2022-11-19 15:26:00,1668871560.0,271.0,271.0,270.9,270.9,30.684
2022-11-19 15:27:00,1668871620.0,271.0,271.1,270.9,271.0,30.806
2022-11-19 15:28:00,1668871680.0,271.1,271.1,271.0,271.0,17.378
2022-11-19 15:29:00,1668871740.0,271.1,271.3,271.0,271.3,163.987
2022-11-19 15:30:00,1668871800.0,271.2,271.3,271.1,271.1,133.595
2022-11-19 15:31:00,1668871860.0,271.1,271.1,271.0,271.1,51.185
2022-11-19 15:32:00,1668871920.0,271.1,271.1,271.0,271.0,57.439
2022-11-19 15:33:00,1668871980.0,271.0,271.3,271.0,271.2,138.464
2022-11-19 15:34:00,1668872040.0,271.3,271.8,271.2,271.6,1179.382
2022-11-19 15:35:00,1668872100.0,271.7,271.8,271.6,271.7,323.225
2022-11-19 15:36:00,1668872160.0,271.7,272.0,271.7,271.8,338.147
2022-11-19 15:37:00,1668872220.0,271.8,272.0,271.8,271.8,448.996
2022-11-19 15:38:00,1668872280.0,271.9,271.9,271.8,271.8,194.214
2022-11-19 15:39:00,1668872340.0,271.8,271.9,271.7,271.7,128.301
2022-11-19 15:40:00,1668872400.0,271.7,271.8,271.6,271.7,225.589
2022-11-19 15:41:00,1668872460.0,271.8,271.8,271.6,271.6,127.36
2022-11-19 15:42:00,1668872520.0,271.7,271.8,271.6,271.8,74.045
2022-11-19 15:43:00,1668872580.0,271.7,271.9,271.6,271.7,231.834
2022-11-19 15:44:00,1668872640.0,271.6,271.9,271.6,271.8,208.159
2022-11-19 15:45:00,1668872700.0,271.8,271.9,271.6,271.7,124.105
2022-11-19 15:46:00,1668872760.0,271.6,271.7,271.6,271.7,102.297
2022-11-19 15:47:00,1668872820.0,271.6,271.7,271.5,271.5,49.914
2022-11-19 15:48:00,1668872880.0,271.5,271.6,271.5,271.6,36.036
2022-11-19 15:49:00,1668872940.0,271.5,271.7,271.5,271.6,242.085
2022-11-19 15:50:00,1668873000.0,271.6,271.7,271.6,271.7,175.338
2022-11-19 15:51:00,1668873060.0,271.6,271.9,271.6,271.8,177.241
2022-11-19 15:52:00,1668873120.0,271.7,271.8,271.5,271.6,147.215
2022-11-19 15:53:00,1668873180.0,271.6,271.6,271.5,271.6,107.439
2022-11-19 15:54:00,1668873240.0,271.5,271.6,271.5,271.6,53.772
2022-11-19 15:55:00,1668873300.0,271.6,271.7,271.5,271.7,35.309
2022-11-19 15:56:00,1668873360.0,271.7,271.8,271.6,271.6,174.021
2022-11-19 15:57:00,1668873420.0,271.6,271.9,271.6,271.8,199.987
2022-11-19 15:58:00,1668873480.0,271.8,271.9,271.7,271.7,214.311
2022-11-19 15:59:00,1668873540.0,271.8,271.8,271.7,271.8,216.534
2022-11-19 16:00:00,1668873600.0,271.9,272.0,271.8,272.0,161.472
2022-11-19 16:01:00,1668873660.0,271.9,272.0,271.8,271.8,161.259
2022-11-19 16:02:00,1668873720.0,271.8,271.9,271.7,271.7,79.607
2022-11-19 16:03:00,1668873780.0,271.8,271.8,271.6,271.7,99.618
2022-11-19 16:04:00,1668873840.0,271.7,271.8,271.7,271.8,55.314
2022-11-19 16:05:00,1668873900.0,271.7,271.8,271.5,271.6,89.204
2022-11-19 16:06:00,1668873960.0,271.6,271.8,271.5,271.8,139.729
2022-11-19 16:07:00,1668874020.0,271.8,271.8,271.7,271.8,50.939
2022-11-19 16:08:00,1668874080.0,271.8,272.0,271.8,271.8,94.856
2022-11-19 16:09:00,1668874140.0,271.8,272.0,271.8,272.0,70.691
2022-11-19 16:10:00,1668874200.0,272.0,272.0,271.8,271.9,235.991
2022-11-19 16:11:00,1668874260.0,271.8,271.9,271.8,271.8,57.766
2022-11-19 16:12:00,1668874320.0,271.8,271.9,271.8,271.8,55.299
2022-11-19 16:13:00,1668874380.0,271.8,271.9,271.8,271.9,44.122
2022-11-19 16:14:00,1668874440.0,271.9,271.9,271.8,271.8,32.885
2022-11-19 16:15:00,1668874500.0,271.8,272.0,271.8,271.9,144.224
2022-11-19 16:16:00,1668874560.0,271.9,271.9,271.7,271.7,103.451
2022-11-19 16:17:00,1668874620.0,271.8,271.8,271.4,271.5,72.912
2022-11-19 16:18:00,1668874680.0,271.4,271.6,271.4,271.5,63.953
2022-11-19 16:19:00,1668874740.0,271.5,271.8,271.4,271.7,118.824
2022-11-19 16:20:00,1668874800.0,271.8,271.8,271.6,271.6,71.729
2022-11-19 16:21:00,1668874860.0,271.6,271.7,271.5,271.6,143.753
2022-11-19 16:22:00,1668874920.0,271.6,271.7,271.5,271.6,155.595
2022-11-19 16:23:00,1668874980.0,271.6,271.6,271.5,271.5,75.571
2022-11-19 16:24:00,1668875040.0,271.5,271.7,271.5,271.5,119.111
2022-11-19 16:25:00,1668875100.0,271.6,271.6,271.5,271.5,70.047
2022-11-19 16:26:00,1668875160.0,271.6,271.6,271.4,271.5,139.141
2022-11-19 16:27:00,1668875220.0,271.5,271.9,271.4,271.8,197.4
2022-11-19 16:28:00,1668875280.0,271.8,271.8,271.1,271.3,907.075
2022-11-19 16:29:00,1668875340.0,271.3,271.3,271.2,271.3,81.131
2022-11-19 16:30:00,1668875400.0,271.3,271.4,271.2,271.4,126.927
2022-11-19 16:31:00,1668875460.0,271.4,271.4,271.2,271.3,61.96
2022-11-19 16:32:00,1668875520.0,271.3,271.3,271.2,271.2,73.551
2022-11-19 16:33:00,1668875580.0,271.3,271.3,271.1,271.2,48.436
2022-11-19 16:34:00,1668875640.0,271.2,271.3,271.1,271.3,108.804
2022-11-19 16:35:00,1668875700.0,271.3,271.4,271.2,271.4,202.787
2022-11-19 16:36:00,1668875760.0,271.3,271.5,271.2,271.3,239.651
2022-11-19 16:37:00,1668875820.0,271.3,271.4,271.2,271.3,349.73
2022-11-19 16:38:00,1668875880.0,271.3,271.3,271.2,271.3,87.735
2022-11-19 16:39:00,1668875940.0,271.2,271.5,271.2,271.5,95.648
2022-11-19 16:40:00,1668876000.0,271.5,271.5,271.3,271.4,125.179
2022-11-19 16:41:00,1668876060.0,271.4,271.4,271.2,271.3,127.945
2022-11-19 16:42:00,1668876120.0,271.2,271.3,271.1,271.3,90.773
2022-11-19 16:43:00,1668876180.0,271.3,271.4,271.2,271.3,296.955
2022-11-19 16:44:00,1668876240.0,271.3,271.4,271.2,271.3,152.978
2022-11-19 16:45:00,1668876300.0,271.3,271.3,271.0,271.1,264.508
2022-11-19 16:46:00,1668876360.0,271.1,271.1,271.0,271.0,122.084
2022-11-19 16:47:00,1668876420.0,271.0,271.1,271.0,271.1,103.02
2022-11-19 16:48:00,1668876480.0,271.1,271.2,271.0,271.2,78.916
2022-11-19 16:49:00,1668876540.0,271.2,271.2,271.1,271.2,133.61
2022-11-19 16:50:00,1668876600.0,271.2,271.2,271.1,271.1,46.894
2022-11-19 16:51:00,1668876660.0,271.2,271.2,271.1,271.1,75.025
2022-11-19 16:52:00,1668876720.0,271.2,271.2,271.0,271.1,248.412
2022-11-19 16:53:00,1668876780.0,271.0,271.1,271.0,271.1,34.697
2022-11-19 16:54:00,1668876840.0,271.1,271.1,271.0,271.1,38.346
2022-11-19 16:55:00,1668876900.0,271.1,271.1,271.0,271.1,45.093
2022-11-19 16:56:00,1668876960.0,271.1,271.1,271.0,271.0,33.75
2022-11-19 16:57:00,1668877020.0,271.1,271.1,271.0,271.0,32.78
2022-11-19 16:58:00,1668877080.0,271.1,271.2,271.0,271.2,202.119
2022-11-19 16:59:00,1668877140.0,271.2,271.2,271.1,271.2,57.395
2022-11-19 17:00:00,1668877200.0,271.2,271.3,271.1,271.3,49.326
2022-11-19 17:01:00,1668877260.0,271.3,271.4,271.3,271.3,110.759
2022-11-19 17:02:00,1668877320.0,271.3,271.4,271.2,271.2,130.253
2022-11-19 17:03:00,1668877380.0,271.3,271.3,271.1,271.1,116.324
2022-11-19 17:04:00,1668877440.0,271.1,271.3,271.1,271.2,141.083
2022-11-19 17:05:00,1668877500.0,271.3,271.3,271.2,271.2,36.567
2022-11-19 17:06:00,1668877560.0,271.2,271.3,271.1,271.2,234.99
2022-11-19 17:07:00,1668877620.0,271.3,271.3,271.1,271.1,49.186
2022-11-19 17:08:00,1668877680.0,271.2,271.2,271.1,271.2,84.065
2022-11-19 17:09:00,1668877740.0,271.3,271.3,271.2,271.3,23.636
2022-11-19 17:10:00,1668877800.0,271.2,271.3,271.2,271.2,23.562
2022-11-19 17:11:00,1668877860.0,271.3,271.4,271.2,271.3,87.871
2022-11-19 17:12:00,1668877920.0,271.4,271.4,271.3,271.4,32.14
2022-11-19 17:13:00,1668877980.0,271.3,271.4,271.3,271.4,31.825
2022-11-19 17:14:00,1668878040.0,271.4,271.4,271.2,271.3,103.191
2022-11-19 17:15:00,1668878100.0,271.3,271.3,271.2,271.3,39.901
2022-11-19 17:16:00,1668878160.0,271.3,271.3,271.1,271.1,57.692
2022-11-19 17:17:00,1668878220.0,271.1,271.2,271.1,271.1,34.096
2022-11-19 17:18:00,1668878280.0,271.2,271.2,271.0,271.2,195.225
2022-11-19 17:19:00,1668878340.0,271.2,271.2,271.1,271.2,50.678
2022-11-19 17:20:00,1668878400.0,271.2,271.2,270.9,271.0,168.541
2022-11-19 17:21:00,1668878460.0,271.0,271.0,270.8,270.8,188.135
2022-11-19 17:22:00,1668878520.0,270.9,270.9,270.8,270.9,50.882
2022-11-19 17:23:00,1668878580.0,270.9,270.9,270.7,270.7,135.717
2022-11-19 17:24:00,1668878640.0,270.7,270.8,270.7,270.7,62.195
2022-11-19 17:25:00,1668878700.0,270.7,271.1,270.7,271.0,390.766
2022-11-19 17:26:00,1668878760.0,271.1,271.1,271.0,271.0,64.647
2022-11-19 17:27:00,1668878820.0,271.1,271.1,271.0,271.0,73.104
2022-11-19 17:28:00,1668878880.0,271.1,271.1,271.0,271.1,45.829
2022-11-19 17:29:00,1668878940.0,271.0,271.1,270.9,271.0,102.813
2022-11-19 17:30:00,1668879000.0,270.9,271.0,270.9,270.9,35.556
2022-11-19 17:31:00,1668879060.0,271.0,271.0,270.8,270.8,75.325
2022-11-19 17:32:00,1668879120.0,270.9,270.9,270.7,270.9,122.289
2022-11-19 17:33:00,1668879180.0,270.8,270.9,270.6,270.7,182.615
2022-11-19 17:34:00,1668879240.0,270.8,270.8,270.6,270.7,55.792
2022-11-19 17:35:00,1668879300.0,270.6,270.7,270.6,270.6,19.998
2022-11-19 17:36:00,1668879360.0,270.7,270.7,270.6,270.7,18.375
2022-11-19 17:37:00,1668879420.0,270.6,270.8,270.6,270.7,48.687
2022-11-19 17:38:00,1668879480.0,270.7,270.8,270.7,270.8,32.642
2022-11-19 17:39:00,1668879540.0,270.8,270.8,270.7,270.8,36.766
2022-11-19 17:40:00,1668879600.0,270.7,270.8,270.7,270.8,40.622
2022-11-19 17:41:00,1668879660.0,270.8,270.8,270.7,270.8,19.252
2022-11-19 17:42:00,1668879720.0,270.7,270.9,270.7,270.9,255.691
2022-11-19 17:43:00,1668879780.0,270.8,270.9,270.8,270.8,15.41
2022-11-19 17:44:00,1668879840.0,270.9,270.9,270.7,270.8,74.579
2022-11-19 17:45:00,1668879900.0,270.7,271.0,270.7,271.0,119.339
2022-11-19 17:46:00,1668879960.0,270.9,271.1,270.9,271.0,125.363
2022-11-19 17:47:00,1668880020.0,271.0,271.2,271.0,271.1,164.44
2022-11-19 17:48:00,1668880080.0,271.2,271.2,271.1,271.1,39.331
2022-11-19 17:49:00,1668880140.0,271.2,271.4,271.1,271.3,109.138
2022-11-19 17:50:00,1668880200.0,271.3,271.3,271.1,271.2,134.444
2022-11-19 17:51:00,1668880260.0,271.2,271.2,271.1,271.1,18.384
2022-11-19 17:52:00,1668880320.0,271.2,271.2,271.1,271.1,85.435
2022-11-19 17:53:00,1668880380.0,271.2,271.3,271.1,271.3,109.679
2022-11-19 17:54:00,1668880440.0,271.3,271.4,271.2,271.3,157.792
2022-11-19 17:55:00,1668880500.0,271.3,271.4,271.2,271.3,42.885
2022-11-19 17:56:00,1668880560.0,271.3,271.3,271.1,271.3,120.662
2022-11-19 17:57:00,1668880620.0,271.2,271.3,271.2,271.2,52.076
2022-11-19 17:58:00,1668880680.0,271.2,271.2,271.1,271.2,60.767
2022-11-19 17:59:00,1668880740.0,271.2,271.2,271.1,271.2,45.668
2022-11-19 18:00:00,1668880800.0,271.2,271.3,271.1,271.3,85.304
2022-11-19 18:01:00,1668880860.0,271.2,271.2,271.1,271.2,127.056
2022-11-19 18:02:00,1668880920.0,271.1,271.2,271.1,271.2,75.534
2022-11-19 18:03:00,1668880980.0,271.1,271.2,271.1,271.2,19.337
2022-11-19 18:04:00,1668881040.0,271.2,271.2,270.8,270.8,528.86
2022-11-19 18:05:00,1668881100.0,270.8,270.9,270.8,270.9,110.253
2022-11-19 18:06:00,1668881160.0,270.8,271.0,270.8,271.0,66.394
2022-11-19 18:07:00,1668881220.0,270.9,271.2,270.9,271.2,149.896
2022-11-19 18:08:00,1668881280.0,271.1,271.2,271.0,271.0,68.629
2022-11-19 18:09:00,1668881340.0,271.0,271.2,270.9,271.1,90.848
2022-11-19 18:10:00,1668881400.0,271.2,271.2,271.1,271.2,21.915
2022-11-19 18:11:00,1668881460.0,271.2,271.2,271.1,271.1,86.966
2022-11-19 18:12:00,1668881520.0,271.2,271.2,271.1,271.1,24.28
2022-11-19 18:13:00,1668881580.0,271.2,271.2,271.1,271.1,35.758
2022-11-19 18:14:00,1668881640.0,271.2,271.2,271.1,271.1,22.443
2022-11-19 18:15:00,1668881700.0,271.2,271.3,271.1,271.2,69.322
2022-11-19 18:16:00,1668881760.0,271.3,271.3,271.2,271.2,61.019
2022-11-19 18:17:00,1668881820.0,271.2,271.3,271.2,271.3,16.894
2022-11-19 18:18:00,1668881880.0,271.2,271.3,271.2,271.3,25.474
2022-11-19 18:19:00,1668881940.0,271.3,271.3,271.2,271.3,53.37
2022-11-19 18:20:00,1668882000.0,271.3,271.4,271.2,271.2,36.303
2022-11-19 18:21:00,1668882060.0,271.3,271.3,271.2,271.3,133.338
2022-11-19 18:22:00,1668882120.0,271.4,271.4,271.3,271.4,25.377
2022-11-19 18:23:00,1668882180.0,271.4,271.4,271.3,271.3,63.912
2022-11-19 18:24:00,1668882240.0,271.4,271.4,271.3,271.3,21.565
2022-11-19 18:25:00,1668882300.0,271.3,271.5,271.3,271.5,24.773
2022-11-19 18:26:00,1668882360.0,271.4,271.5,271.4,271.4,51.818
2022-11-19 18:27:00,1668882420.0,271.5,271.5,271.3,271.3,109.427
2022-11-19 18:28:00,1668882480.0,271.4,271.4,271.3,271.4,17.208
2022-11-19 18:29:00,1668882540.0,271.4,271.4,271.3,271.4,126.246
2022-11-19 18:30:00,1668882600.0,271.3,271.4,271.3,271.4,24.293
2022-11-19 18:31:00,1668882660.0,271.4,271.4,271.3,271.4,11.652
2022-11-19 18:32:00,1668882720.0,271.3,271.5,271.3,271.5,90.545
2022-11-19 18:33:00,1668882780.0,271.5,271.5,271.4,271.5,29.222
2022-11-19 18:34:00,1668882840.0,271.5,271.5,271.4,271.5,46.403
2022-11-19 18:35:00,1668882900.0,271.4,271.7,271.4,271.7,363.534
2022-11-19 18:36:00,1668882960.0,271.6,271.9,271.6,271.7,227.825
2022-11-19 18:37:00,1668883020.0,271.7,271.9,271.6,271.9,96.086
2022-11-19 18:38:00,1668883080.0,271.9,271.9,271.7,271.7,55.336
2022-11-19 18:39:00,1668883140.0,271.8,271.9,271.7,271.8,39.277
2022-11-19 18:40:00,1668883200.0,271.8,271.9,271.7,271.8,111.448
2022-11-19 18:41:00,1668883260.0,271.8,271.9,271.8,271.8,67.83
2022-11-19 18:42:00,1668883320.0,271.8,271.9,271.8,271.8,16.664
2022-11-19 18:43:00,1668883380.0,271.9,272.0,271.8,271.9,72.48
2022-11-19 18:44:00,1668883440.0,271.8,271.9,271.7,271.7,34.132
2022-11-19 18:45:00,1668883500.0,271.8,271.8,271.5,271.6,60.281
2022-11-19 18:46:00,1668883560.0,271.7,271.8,271.6,271.6,91.617
2022-11-19 18:47:00,1668883620.0,271.7,271.7,271.6,271.7,8.799
2022-11-19 18:48:00,1668883680.0,271.6,271.7,271.6,271.7,83.577
2022-11-19 18:49:00,1668883740.0,271.7,271.7,271.6,271.6,24.213
2022-11-19 18:50:00,1668883800.0,271.6,271.7,271.5,271.6,89.249
2022-11-19 18:51:00,1668883860.0,271.6,271.7,271.6,271.7,78.752
2022-11-19 18:52:00,1668883920.0,271.6,271.7,271.5,271.5,104.103
2022-11-19 18:53:00,1668883980.0,271.6,271.6,271.5,271.6,12.559
2022-11-19 18:54:00,1668884040.0,271.6,271.6,271.5,271.6,33.117
2022-11-19 18:55:00,1668884100.0,271.6,271.6,271.5,271.5,21.614
2022-11-19 18:56:00,1668884160.0,271.6,271.6,271.5,271.5,23.878
2022-11-19 18:57:00,1668884220.0,271.6,271.6,271.5,271.5,9.997
2022-11-19 18:58:00,1668884280.0,271.5,271.6,271.5,271.6,120.583
2022-11-19 18:59:00,1668884340.0,271.5,271.6,271.5,271.5,31.484
2022-11-19 19:00:00,1668884400.0,271.6,271.9,271.5,271.8,504.504
2022-11-19 19:01:00,1668884460.0,271.8,271.9,271.8,271.9,42.282
2022-11-19 19:02:00,1668884520.0,271.9,271.9,271.8,271.8,22.916
2022-11-19 19:03:00,1668884580.0,271.8,271.9,271.7,271.7,52.93
2022-11-19 19:04:00,1668884640.0,271.8,271.8,271.7,271.8,18.407
2022-11-19 19:05:00,1668884700.0,271.7,271.8,271.7,271.7,31.566
2022-11-19 19:06:00,1668884760.0,271.7,271.8,271.6,271.6,67.477
2022-11-19 19:07:00,1668884820.0,271.7,271.7,271.5,271.5,40.604
2022-11-19 19:08:00,1668884880.0,271.5,271.6,271.5,271.6,24.963
2022-11-19 19:09:00,1668884940.0,271.5,271.6,271.5,271.5,57.557
2022-11-19 19:10:00,1668885000.0,271.6,271.6,271.5,271.5,24.495
2022-11-19 19:11:00,1668885060.0,271.6,271.7,271.5,271.6,122.822
2022-11-19 19:12:00,1668885120.0,271.7,271.7,271.6,271.6,22.075
2022-11-19 19:13:00,1668885180.0,271.6,271.7,271.6,271.7,20.145
2022-11-19 19:14:00,1668885240.0,271.7,271.7,271.5,271.5,28.856
2022-11-19 19:15:00,1668885300.0,271.6,271.7,271.5,271.6,100.788
2022-11-19 19:16:00,1668885360.0,271.7,271.7,271.6,271.6,8.782
2022-11-19 19:17:00,1668885420.0,271.7,271.7,271.6,271.7,34.441
2022-11-19 19:18:00,1668885480.0,271.7,271.7,271.6,271.6,71.426
2022-11-19 19:19:00,1668885540.0,271.6,271.7,271.6,271.6,11.275
2022-11-19 19:20:00,1668885600.0,271.7,271.7,271.6,271.6,36.868
2022-11-19 19:21:00,1668885660.0,271.7,271.7,271.5,271.6,105.304
2022-11-19 19:22:00,1668885720.0,271.6,271.6,271.5,271.6,36.92
2022-11-19 19:23:00,1668885780.0,271.6,271.6,271.5,271.5,15.243
2022-11-19 19:24:00,1668885840.0,271.6,271.6,271.4,271.5,113.6
2022-11-19 19:25:00,1668885900.0,271.4,271.5,271.4,271.4,12.276
2022-11-19 19:26:00,1668885960.0,271.5,271.5,271.4,271.5,53.455
2022-11-19 19:27:00,1668886020.0,271.5,271.7,271.4,271.7,192.82
2022-11-19 19:28:00,1668886080.0,271.7,271.7,271.6,271.7,8.464
2022-11-19 19:29:00,1668886140.0,271.6,271.7,271.6,271.6,52.06
2022-11-19 19:30:00,1668886200.0,271.7,271.7,271.5,271.5,75.699
2022-11-19 19:31:00,1668886260.0,271.6,271.6,271.5,271.6,20.269
2022-11-19 19:32:00,1668886320.0,271.5,271.6,271.5,271.6,26.165
2022-11-19 19:33:00,1668886380.0,271.6,271.6,271.5,271.6,12.86
2022-11-19 19:34:00,1668886440.0,271.6,271.6,271.5,271.5,8.814
2022-11-19 19:35:00,1668886500.0,271.5,271.6,271.4,271.6,59.748
2022-11-19 19:36:00,1668886560.0,271.5,271.6,271.5,271.6,20.484
2022-11-19 19:37:00,1668886620.0,271.6,271.7,271.5,271.6,39.668
2022-11-19 19:38:00,1668886680.0,271.6,271.7,271.6,271.7,43.916
2022-11-19 19:39:00,1668886740.0,271.7,271.7,271.6,271.7,16.395
2022-11-19 19:40:00,1668886800.0,271.7,271.7,271.6,271.6,22.49
2022-11-19 19:41:00,1668886860.0,271.6,271.7,271.6,271.7,13.126
2022-11-19 19:42:00,1668886920.0,271.7,271.7,271.6,271.7,8.268
2022-11-19 19:43:00,1668886980.0,271.6,271.7,271.5,271.5,20.487
2022-11-19 19:44:00,1668887040.0,271.5,271.6,271.5,271.6,59.356
2022-11-19 19:45:00,1668887100.0,271.7,271.7,271.6,271.7,17.19
2022-11-19 19:46:00,1668887160.0,271.6,271.7,271.6,271.6,21.32
2022-11-19 19:47:00,1668887220.0,271.6,271.7,271.5,271.6,44.05
2022-11-19 19:48:00,1668887280.0,271.5,271.6,271.5,271.5,10.476
2022-11-19 19:49:00,1668887340.0,271.6,271.6,271.5,271.6,13.713
2022-11-19 19:50:00,1668887400.0,271.5,271.6,271.5,271.6,63.246
2022-11-19 19:51:00,1668887460.0,271.6,271.6,271.5,271.6,11.452
2022-11-19 19:52:00,1668887520.0,271.6,271.6,271.5,271.6,12.88
2022-11-19 19:53:00,1668887580.0,271.6,271.6,271.5,271.5,27.101
2022-11-19 19:54:00,1668887640.0,271.5,271.6,271.5,271.6,30.003
2022-11-19 19:55:00,1668887700.0,271.5,271.6,271.5,271.6,11.578
2022-11-19 19:56:00,1668887760.0,271.6,271.6,271.5,271.5,136.773
2022-11-19 19:57:00,1668887820.0,271.4,271.5,271.2,271.3,98.57
2022-11-19 19:58:00,1668887880.0,271.3,271.4,271.2,271.4,125.465
2022-11-19 19:59:00,1668887940.0,271.4,271.4,271.3,271.3,66.503
2022-11-19 20:00:00,1668888000.0,271.4,271.5,271.3,271.4,80.932
2022-11-19 20:01:00,1668888060.0,271.3,271.4,271.3,271.4,20.357
2022-11-19 20:02:00,1668888120.0,271.4,271.4,271.2,271.4,114.582
2022-11-19 20:03:00,1668888180.0,271.3,271.4,271.2,271.2,53.796
2022-11-19 20:04:00,1668888240.0,271.3,271.3,271.2,271.3,17.432
2022-11-19 20:05:00,1668888300.0,271.2,271.4,271.2,271.4,40.356
2022-11-19 20:06:00,1668888360.0,271.4,271.5,271.4,271.4,64.449
2022-11-19 20:07:00,1668888420.0,271.5,271.5,271.4,271.5,69.505
2022-11-19 20:08:00,1668888480.0,271.5,271.6,271.4,271.6,136.534
2022-11-19 20:09:00,1668888540.0,271.6,271.7,271.6,271.6,59.56
2022-11-19 20:10:00,1668888600.0,271.7,271.7,271.5,271.6,92.303
2022-11-19 20:11:00,1668888660.0,271.6,271.6,271.4,271.4,43.863
2022-11-19 20:12:00,1668888720.0,271.5,271.5,271.4,271.4,19.336
2022-11-19 20:13:00,1668888780.0,271.5,271.7,271.5,271.7,73.546
2022-11-19 20:14:00,1668888840.0,271.6,271.9,271.6,271.9,326.033
2022-11-19 20:15:00,1668888900.0,271.8,271.9,271.8,271.8,28.506
2022-11-19 20:16:00,1668888960.0,271.8,271.9,271.8,271.8,28.394
2022-11-19 20:17:00,1668889020.0,271.8,271.9,271.8,271.8,37.306
2022-11-19 20:18:00,1668889080.0,271.8,271.8,271.7,271.8,118.782
2022-11-19 20:19:00,1668889140.0,271.7,271.8,271.7,271.8,108.098
2022-11-19 20:20:00,1668889200.0,271.8,271.9,271.7,271.9,87.153
2022-11-19 20:21:00,1668889260.0,271.9,271.9,271.8,271.9,39.918
2022-11-19 20:22:00,1668889320.0,271.9,272.0,271.8,271.9,128.123
2022-11-19 20:23:00,1668889380.0,271.9,272.0,271.8,271.9,113.453
2022-11-19 20:24:00,1668889440.0,271.8,271.9,271.8,271.9,39.867
2022-11-19 20:25:00,1668889500.0,271.9,271.9,271.8,271.9,54.79
2022-11-19 20:26:00,1668889560.0,271.9,271.9,271.8,271.9,74.641
2022-11-19 20:27:00,1668889620.0,271.8,271.9,271.8,271.9,53.46
2022-11-19 20:28:00,1668889680.0,271.8,271.9,271.8,271.8,28.518
2022-11-19 20:29:00,1668889740.0,271.9,271.9,271.8,271.8,101.998
2022-11-19 20:30:00,1668889800.0,271.9,271.9,271.7,271.8,70.954
2022-11-19 20:31:00,1668889860.0,271.8,271.8,271.7,271.8,38.129
2022-11-19 20:32:00,1668889920.0,271.8,271.8,271.5,271.5,59.686
2022-11-19 20:33:00,1668889980.0,271.5,271.6,271.5,271.5,33.053
2022-11-19 20:34:00,1668890040.0,271.5,271.7,271.5,271.7,87.824
2022-11-19 20:35:00,1668890100.0,271.7,271.8,271.6,271.7,91.004
2022-11-19 20:36:00,1668890160.0,271.7,271.7,271.6,271.6,29.579
2022-11-19 20:37:00,1668890220.0,271.6,271.7,271.6,271.6,49.617
2022-11-19 20:38:00,1668890280.0,271.6,271.7,271.6,271.7,47.595
2022-11-19 20:39:00,1668890340.0,271.7,271.7,271.6,271.6,37.815
2022-11-19 20:40:00,1668890400.0,271.7,271.7,271.6,271.7,14.545
2022-11-19 20:41:00,1668890460.0,271.6,271.7,271.6,271.6,22.518
2022-11-19 20:42:00,1668890520.0,271.7,271.7,271.6,271.6,22.905
2022-11-19 20:43:00,1668890580.0,271.7,271.7,271.6,271.7,17.164
2022-11-19 20:44:00,1668890640.0,271.6,271.7,271.6,271.6,37.931
2022-11-19 20:45:00,1668890700.0,271.7,271.7,271.6,271.7,29.331
2022-11-19 20:46:00,1668890760.0,271.6,271.7,271.5,271.5,44.925
2022-11-19 20:47:00,1668890820.0,271.6,271.6,271.5,271.6,79.763
2022-11-19 20:48:00,1668890880.0,271.6,271.6,271.5,271.6,13.644
2022-11-19 20:49:00,1668890940.0,271.5,271.6,271.5,271.6,31.217
2022-11-19 20:50:00,1668891000.0,271.5,271.6,271.5,271.5,33.394
2022-11-19 20:51:00,1668891060.0,271.6,271.7,271.5,271.7,62.017
2022-11-19 20:52:00,1668891120.0,271.7,271.7,271.6,271.7,31.918
2022-11-19 20:53:00,1668891180.0,271.6,271.7,271.6,271.7,6.021
2022-11-19 20:54:00,1668891240.0,271.6,271.7,271.6,271.6,25.824
2022-11-19 20:55:00,1668891300.0,271.6,271.8,271.6,271.8,70.018
2022-11-19 20:56:00,1668891360.0,271.7,271.9,271.7,271.9,23.865
2022-11-19 20:57:00,1668891420.0,271.9,271.9,271.7,271.7,123.434
2022-11-19 20:58:00,1668891480.0,271.7,271.8,271.6,271.7,39.712
2022-11-19 20:59:00,1668891540.0,271.6,271.7,271.5,271.6,154.326
2022-11-19 21:00:00,1668891600.0,271.6,271.8,271.5,271.8,133.655
2022-11-19 21:01:00,1668891660.0,271.8,271.8,271.7,271.8,46.296
2022-11-19 21:02:00,1668891720.0,271.7,271.8,271.7,271.7,11.345
2022-11-19 21:03:00,1668891780.0,271.7,271.8,271.7,271.8,180.058
2022-11-19 21:04:00,1668891840.0,271.8,271.9,271.8,271.9,11.11
2022-11-19 21:05:00,1668891900.0,271.8,272.0,271.8,272.0,53.54
2022-11-19 21:06:00,1668891960.0,272.0,272.0,271.8,271.9,112.576
2022-11-19 21:07:00,1668892020.0,271.8,271.9,271.8,271.9,49.319
2022-11-19 21:08:00,1668892080.0,271.8,271.9,271.7,271.8,48.818
2022-11-19 21:09:00,1668892140.0,271.8,271.8,271.7,271.8,31.243
2022-11-19 21:10:00,1668892200.0,271.7,271.8,271.7,271.7,63.978
2022-11-19 21:11:00,1668892260.0,271.7,271.7,271.6,271.6,52.573
2022-11-19 21:12:00,1668892320.0,271.7,271.8,271.6,271.8,316.387
2022-11-19 21:13:00,1668892380.0,271.7,271.8,271.7,271.8,46.783
2022-11-19 21:14:00,1668892440.0,271.8,271.8,271.7,271.8,13.318
2022-11-19 21:15:00,1668892500.0,271.7,271.9,271.7,271.9,49.262
2022-11-19 21:16:00,1668892560.0,271.9,271.9,271.8,271.9,32.554
2022-11-19 21:17:00,1668892620.0,272.0,272.0,271.9,272.0,30.152
2022-11-19 21:18:00,1668892680.0,271.9,272.0,271.9,272.0,115.447
2022-11-19 21:19:00,1668892740.0,272.0,272.0,271.9,272.0,30.167
2022-11-19 21:20:00,1668892800.0,271.9,272.0,271.8,271.8,159.47
2022-11-19 21:21:00,1668892860.0,271.9,272.0,271.8,272.0,162.543
2022-11-19 21:22:00,1668892920.0,272.0,272.0,271.9,271.9,296.432
2022-11-19 21:23:00,1668892980.0,272.0,272.0,271.8,271.8,122.759
2022-11-19 21:24:00,1668893040.0,271.8,271.9,271.8,271.8,20.252
2022-11-19 21:25:00,1668893100.0,271.8,271.9,271.7,271.7,64.105
2022-11-19 21:26:00,1668893160.0,271.7,271.9,271.7,271.9,70.86
2022-11-19 21:27:00,1668893220.0,271.9,272.0,271.8,272.0,92.491
2022-11-19 21:28:00,1668893280.0,271.9,272.0,271.9,271.9,43.136
2022-11-19 21:29:00,1668893340.0,272.0,272.0,271.9,272.0,33.846
2022-11-19 21:30:00,1668893400.0,272.0,272.3,272.0,272.2,272.185
2022-11-19 21:31:00,1668893460.0,272.3,272.3,272.1,272.1,94.423
2022-11-19 21:32:00,1668893520.0,272.1,272.4,272.1,272.3,88.816
2022-11-19 21:33:00,1668893580.0,272.3,272.4,272.2,272.4,181.416
2022-11-19 21:34:00,1668893640.0,272.4,272.4,272.3,272.4,27.855
2022-11-19 21:35:00,1668893700.0,272.4,272.4,272.0,272.1,264.559
2022-11-19 21:36:00,1668893760.0,272.1,272.1,272.0,272.1,24.77
2022-11-19 21:37:00,1668893820.0,272.1,272.3,272.0,272.3,50.96
2022-11-19 21:38:00,1668893880.0,272.3,272.3,272.1,272.1,55.879
2022-11-19 21:39:00,1668893940.0,272.2,272.3,272.0,272.3,223.09
2022-11-19 21:40:00,1668894000.0,272.3,272.3,272.1,272.2,101.98
2022-11-19 21:41:00,1668894060.0,272.1,272.2,272.1,272.2,15.836
2022-11-19 21:42:00,1668894120.0,272.2,272.2,272.1,272.1,80.823
2022-11-19 21:43:00,1668894180.0,272.2,272.3,272.1,272.2,37.546
2022-11-19 21:44:00,1668894240.0,272.3,272.3,272.2,272.3,108.307
2022-11-19 21:45:00,1668894300.0,272.3,272.3,272.2,272.3,33.037
2022-11-19 21:46:00,1668894360.0,272.3,272.3,272.2,272.3,24.012
2022-11-19 21:47:00,1668894420.0,272.3,272.4,272.3,272.4,154.258
2022-11-19 21:48:00,1668894480.0,272.3,272.5,272.3,272.5,88.937
2022-11-19 21:49:00,1668894540.0,272.5,272.5,272.4,272.5,53.557
2022-11-19 21:50:00,1668894600.0,272.5,272.5,272.3,272.4,51.263
2022-11-19 21:51:00,1668894660.0,272.3,272.4,272.3,272.3,49.778
2022-11-19 21:52:00,1668894720.0,272.4,272.4,272.3,272.3,12.465
2022-11-19 21:53:00,1668894780.0,272.4,272.5,272.3,272.4,55.135
2022-11-19 21:54:00,1668894840.0,272.5,272.5,272.4,272.5,130.469
2022-11-19 21:55:00,1668894900.0,272.4,272.4,272.3,272.3,136.769
2022-11-19 21:56:00,1668894960.0,272.3,272.4,272.3,272.3,29.302
2022-11-19 21:57:00,1668895020.0,272.4,272.4,272.3,272.4,11.756
2022-11-19 21:58:00,1668895080.0,272.4,272.4,272.3,272.4,31.627
2022-11-19 21:59:00,1668895140.0,272.4,272.4,272.2,272.2,74.924
2022-11-19 22:00:00,1668895200.0,272.2,272.8,272.2,272.5,1181.552
2022-11-19 22:01:00,1668895260.0,272.4,272.7,272.2,272.3,206.519
2022-11-19 22:02:00,1668895320.0,272.3,272.6,272.2,272.4,757.558
2022-11-19 22:03:00,1668895380.0,272.5,272.5,272.4,272.4,23.378
2022-11-19 22:04:00,1668895440.0,272.4,272.6,272.3,272.5,185.714
2022-11-19 22:05:00,1668895500.0,272.6,272.6,272.4,272.6,238.435
2022-11-19 22:06:00,1668895560.0,272.5,272.7,272.4,272.4,124.674
2022-11-19 22:07:00,1668895620.0,272.5,272.6,272.4,272.5,64.133
2022-11-19 22:08:00,1668895680.0,272.5,272.6,272.5,272.5,37.633
2022-11-19 22:09:00,1668895740.0,272.6,272.6,272.5,272.6,30.011
2022-11-19 22:10:00,1668895800.0,272.6,272.6,272.4,272.5,107.209
2022-11-19 22:11:00,1668895860.0,272.5,272.9,272.4,272.9,928.493
2022-11-19 22:12:00,1668895920.0,272.9,272.9,272.6,272.6,68.154
2022-11-19 22:13:00,1668895980.0,272.5,272.7,272.5,272.6,207.725
2022-11-19 22:14:00,1668896040.0,272.7,272.8,272.6,272.8,67.98
2022-11-19 22:15:00,1668896100.0,272.7,273.0,272.7,273.0,316.297
2022-11-19 22:16:00,1668896160.0,273.0,273.0,272.8,272.9,101.021
2022-11-19 22:17:00,1668896220.0,272.9,272.9,272.6,272.7,90.123
2022-11-19 22:18:00,1668896280.0,272.7,272.8,272.7,272.8,66.803
2022-11-19 22:19:00,1668896340.0,272.8,272.9,272.7,272.9,70.106
2022-11-19 22:20:00,1668896400.0,272.9,272.9,272.7,272.7,40.009
2022-11-19 22:21:00,1668896460.0,272.7,272.8,272.7,272.8,49.109
2022-11-19 22:22:00,1668896520.0,272.8,273.4,272.8,273.1,637.899
2022-11-19 22:23:00,1668896580.0,273.1,273.2,273.0,273.0,105.92
2022-11-19 22:24:00,1668896640.0,273.0,273.3,273.0,273.3,281.945
2022-11-19 22:25:00,1668896700.0,273.3,273.4,273.2,273.3,176.869
2022-11-19 22:26:00,1668896760.0,273.3,273.3,273.2,273.2,29.838
2022-11-19 22:27:00,1668896820.0,273.2,273.7,273.1,273.5,483.223
2022-11-19 22:28:00,1668896880.0,273.5,273.6,273.4,273.6,123.52
2022-11-19 22:29:00,1668896940.0,273.6,273.7,273.1,273.2,1228.383
2022-11-19 22:30:00,1668897000.0,273.2,273.7,273.2,273.6,263.258
2022-11-19 22:31:00,1668897060.0,273.7,273.8,273.5,273.6,264.895
2022-11-19 22:32:00,1668897120.0,273.5,273.8,273.4,273.5,478.345
2022-11-19 22:33:00,1668897180.0,273.5,273.6,273.3,273.5,99.446
2022-11-19 22:34:00,1668897240.0,273.5,273.7,273.4,273.7,102.491
2022-11-19 22:35:00,1668897300.0,273.7,273.9,273.5,273.7,1402.397
2022-11-19 22:36:00,1668897360.0,273.6,273.9,273.6,273.9,404.489
2022-11-19 22:37:00,1668897420.0,273.9,274.0,273.8,273.8,318.486
2022-11-19 22:38:00,1668897480.0,273.9,274.0,273.8,273.8,71.235
2022-11-19 22:39:00,1668897540.0,273.9,274.0,273.8,273.9,65.696
2022-11-19 22:40:00,1668897600.0,274.0,274.0,273.8,273.8,78.809
2022-11-19 22:41:00,1668897660.0,273.8,274.0,273.8,273.9,241.562
2022-11-19 22:42:00,1668897720.0,273.9,274.0,273.8,273.8,1057.987
2022-11-19 22:43:00,1668897780.0,273.8,274.0,273.4,273.5,942.353
2022-11-19 22:44:00,1668897840.0,273.4,273.7,273.0,273.0,496.155
2022-11-19 22:45:00,1668897900.0,273.0,273.1,272.9,273.1,261.884
2022-11-19 22:46:00,1668897960.0,273.2,273.2,272.7,272.8,351.93
2022-11-19 22:47:00,1668898020.0,272.9,273.1,272.8,273.1,278.16
2022-11-19 22:48:00,1668898080.0,273.0,273.1,272.3,272.4,175.198
2022-11-19 22:49:00,1668898140.0,272.4,272.7,272.3,272.5,205.39
2022-11-19 22:50:00,1668898200.0,272.6,272.7,272.5,272.7,58.317
2022-11-19 22:51:00,1668898260.0,272.7,272.7,272.6,272.6,55.988
2022-11-19 22:52:00,1668898320.0,272.7,272.7,272.6,272.6,55.769
2022-11-19 22:53:00,1668898380.0,272.6,272.7,272.6,272.7,11.027
2022-11-19 22:54:00,1668898440.0,272.7,272.8,272.6,272.7,88.397
2022-11-19 22:55:00,1668898500.0,272.8,272.9,272.7,272.8,142.224
2022-11-19 22:56:00,1668898560.0,272.8,272.9,272.8,272.9,86.26
2022-11-19 22:57:00,1668898620.0,273.0,273.2,272.9,273.0,124.779
2022-11-19 22:58:00,1668898680.0,273.1,273.1,272.8,272.9,84.795
2022-11-19 22:59:00,1668898740.0,272.9,273.1,272.8,273.0,104.366
2022-11-19 23:00:00,1668898800.0,273.0,273.4,273.0,273.3,165.976
2022-11-19 23:01:00,1668898860.0,273.3,273.6,273.1,273.4,195.873
2022-11-19 23:02:00,1668898920.0,273.3,273.5,273.2,273.3,191.325
2022-11-19 23:03:00,1668898980.0,273.3,273.5,273.3,273.3,196.326
2022-11-19 23:04:00,1668899040.0,273.3,273.4,273.2,273.2,151.012
2022-11-19 23:05:00,1668899100.0,273.3,273.4,273.1,273.4,197.108
2022-11-19 23:06:00,1668899160.0,273.4,273.6,273.3,273.4,298.102
2022-11-19 23:07:00,1668899220.0,273.4,273.5,273.3,273.3,127.864
2022-11-19 23:08:00,1668899280.0,273.4,273.6,273.3,273.5,84.01
2022-11-19 23:09:00,1668899340.0,273.5,273.6,273.5,273.6,25.03
2022-11-19 23:10:00,1668899400.0,273.5,273.6,273.4,273.6,67.677
2022-11-19 23:11:00,1668899460.0,273.5,273.7,273.5,273.7,92.843
2022-11-19 23:12:00,1668899520.0,273.7,273.7,273.6,273.7,191.975
2022-11-19 23:13:00,1668899580.0,273.7,273.7,273.5,273.5,47.89
2022-11-19 23:14:00,1668899640.0,273.6,273.6,273.4,273.4,62.393
2022-11-19 23:15:00,1668899700.0,273.4,273.5,273.4,273.5,37.606
2022-11-19 23:16:00,1668899760.0,273.5,273.5,273.3,273.4,64.794
2022-11-19 23:17:00,1668899820.0,273.4,273.5,273.4,273.5,10.106
2022-11-19 23:18:00,1668899880.0,273.5,273.5,273.3,273.3,100.268
2022-11-19 23:19:00,1668899940.0,273.4,273.5,273.3,273.5,45.843
2022-11-19 23:20:00,1668900000.0,273.4,273.5,273.4,273.4,27.137
2022-11-19 23:21:00,1668900060.0,273.4,273.5,273.1,273.2,360.569
2022-11-19 23:22:00,1668900120.0,273.3,273.3,273.1,273.1,41.673
2022-11-19 23:23:00,1668900180.0,273.1,273.2,273.1,273.1,54.057
2022-11-19 23:24:00,1668900240.0,273.2,273.2,272.9,272.9,92.426
2022-11-19 23:25:00,1668900300.0,272.9,273.1,272.9,273.0,314.761
2022-11-19 23:26:00,1668900360.0,272.9,273.2,272.9,273.1,141.133
2022-11-19 23:27:00,1668900420.0,273.1,273.2,272.8,272.8,143.648
2022-11-19 23:28:00,1668900480.0,272.9,272.9,272.8,272.8,45.253
2022-11-19 23:29:00,1668900540.0,272.8,273.0,272.7,272.7,208.996
2022-11-19 23:30:00,1668900600.0,272.8,273.0,272.7,273.0,61.749
2022-11-19 23:31:00,1668900660.0,272.9,273.0,272.9,273.0,53.658
2022-11-19 23:32:00,1668900720.0,273.0,273.0,272.9,273.0,25.486
2022-11-19 23:33:00,1668900780.0,272.9,273.0,272.5,272.6,179.32
2022-11-19 23:34:00,1668900840.0,272.6,272.6,272.1,272.2,273.685
2022-11-19 23:35:00,1668900900.0,272.2,272.4,272.0,272.1,404.888
2022-11-19 23:36:00,1668900960.0,272.2,272.2,271.9,272.1,266.389
2022-11-19 23:37:00,1668901020.0,272.1,272.3,272.0,272.1,117.189
2022-11-19 23:38:00,1668901080.0,272.1,272.2,272.0,272.1,105.337
2022-11-19 23:39:00,1668901140.0,272.0,272.3,272.0,272.3,130.689
2022-11-19 23:40:00,1668901200.0,272.2,272.5,272.1,272.5,149.633
2022-11-19 23:41:00,1668901260.0,272.5,272.7,272.3,272.4,136.024
2022-11-19 23:42:00,1668901320.0,272.4,272.4,272.3,272.3,122.582
2022-11-19 23:43:00,1668901380.0,272.4,272.4,272.3,272.3,14.415
2022-11-19 23:44:00,1668901440.0,272.3,272.4,272.2,272.4,77.263
2022-11-19 23:45:00,1668901500.0,272.3,272.5,272.3,272.5,131.841
2022-11-19 23:46:00,1668901560.0,272.4,272.7,272.4,272.6,129.182
2022-11-19 23:47:00,1668901620.0,272.6,272.7,272.5,272.6,109.599
2022-11-19 23:48:00,1668901680.0,272.5,272.6,272.5,272.5,30.231
2022-11-19 23:49:00,1668901740.0,272.5,272.6,272.5,272.6,16.203
2022-11-19 23:50:00,1668901800.0,272.5,272.6,272.4,272.5,83.551
2022-11-19 23:51:00,1668901860.0,272.5,272.5,272.3,272.5,61.898
2022-11-19 23:52:00,1668901920.0,272.4,272.5,272.2,272.3,191.762
2022-11-19 23:53:00,1668901980.0,272.2,272.3,272.1,272.3,55.956
2022-11-19 23:54:00,1668902040.0,272.3,272.3,272.2,272.2,25.984
2022-11-19 23:55:00,1668902100.0,272.3,272.5,272.2,272.3,348.982
2022-11-19 23:56:00,1668902160.0,272.4,272.4,272.3,272.4,28.343
2022-11-19 23:57:00,1668902220.0,272.4,272.5,272.3,272.3,172.932
2022-11-19 23:58:00,1668902280.0,272.4,272.6,272.3,272.6,110.241
2022-11-19 23:59:00,1668902340.0,272.5,272.6,272.5,272.6,58.556
