Universal Time,Unix Time,Open,High,Low,Close,Volume
2023-03-19 00:00:00,1679184000.0,1.098,1.1,1.098,1.099,34067.2
2023-03-19 00:01:00,1679184060.0,1.098,1.099,1.098,1.099,2947.8
2023-03-19 00:02:00,1679184120.0,1.1,1.1,1.1,1.1,59829.5
2023-03-19 00:03:00,1679184180.0,1.101,1.103,1.1,1.103,16018.8
2023-03-19 00:04:00,1679184240.0,1.102,1.103,1.102,1.102,135.2
2023-03-19 00:05:00,1679184300.0,1.103,1.105,1.102,1.102,25238.6
2023-03-19 00:06:00,1679184360.0,1.103,1.103,1.101,1.103,8709.9
2023-03-19 00:07:00,1679184420.0,1.103,1.103,1.103,1.103,9226.0
2023-03-19 00:08:00,1679184480.0,1.104,1.106,1.104,1.106,18791.3
2023-03-19 00:09:00,1679184540.0,1.106,1.108,1.105,1.107,24977.9
2023-03-19 00:10:00,1679184600.0,1.106,1.108,1.106,1.108,9866.1
2023-03-19 00:11:00,1679184660.0,1.108,1.109,1.107,1.107,52931.6
2023-03-19 00:12:00,1679184720.0,1.107,1.108,1.107,1.107,14520.1
2023-03-19 00:13:00,1679184780.0,1.107,1.109,1.107,1.108,16263.6
2023-03-19 00:14:00,1679184840.0,1.108,1.108,1.108,1.108,225.2
2023-03-19 00:15:00,1679184900.0,1.108,1.108,1.104,1.104,12391.5
2023-03-19 00:16:00,1679184960.0,1.105,1.105,1.104,1.104,5965.7
2023-03-19 00:17:00,1679185020.0,1.104,1.107,1.104,1.106,10454.1
2023-03-19 00:18:00,1679185080.0,1.106,1.109,1.106,1.109,4893.3
2023-03-19 00:19:00,1679185140.0,1.109,1.11,1.109,1.109,19348.8
2023-03-19 00:20:00,1679185200.0,1.108,1.109,1.107,1.108,5049.9
2023-03-19 00:21:00,1679185260.0,1.108,1.109,1.108,1.109,9778.2
2023-03-19 00:22:00,1679185320.0,1.109,1.11,1.108,1.11,5263.7
2023-03-19 00:23:00,1679185380.0,1.11,1.11,1.109,1.11,17597.6
2023-03-19 00:24:00,1679185440.0,1.11,1.111,1.11,1.11,504.1
2023-03-19 00:25:00,1679185500.0,1.11,1.11,1.109,1.11,15597.8
2023-03-19 00:26:00,1679185560.0,1.11,1.11,1.109,1.11,425.5
2023-03-19 00:27:00,1679185620.0,1.11,1.11,1.107,1.107,1772.1
2023-03-19 00:28:00,1679185680.0,1.108,1.108,1.107,1.107,5888.4
2023-03-19 00:29:00,1679185740.0,1.108,1.109,1.108,1.109,6231.6
2023-03-19 00:30:00,1679185800.0,1.109,1.11,1.109,1.11,71583.2
2023-03-19 00:31:00,1679185860.0,1.111,1.113,1.111,1.113,19032.5
2023-03-19 00:32:00,1679185920.0,1.113,1.113,1.113,1.113,7849.7
2023-03-19 00:33:00,1679185980.0,1.112,1.114,1.112,1.113,10283.6
2023-03-19 00:34:00,1679186040.0,1.114,1.114,1.111,1.111,4770.5
2023-03-19 00:35:00,1679186100.0,1.111,1.113,1.111,1.111,10193.7
2023-03-19 00:36:00,1679186160.0,1.111,1.112,1.11,1.111,45573.9
2023-03-19 00:37:00,1679186220.0,1.111,1.111,1.109,1.11,1258.7
2023-03-19 00:38:00,1679186280.0,1.111,1.113,1.111,1.111,52810.7
2023-03-19 00:39:00,1679186340.0,1.11,1.111,1.11,1.111,7604.5
2023-03-19 00:40:00,1679186400.0,1.111,1.113,1.11,1.113,17950.2
2023-03-19 00:41:00,1679186460.0,1.113,1.115,1.113,1.114,32786.6
2023-03-19 00:42:00,1679186520.0,1.114,1.115,1.114,1.115,16086.8
2023-03-19 00:43:00,1679186580.0,1.115,1.115,1.113,1.113,12899.4
2023-03-19 00:44:00,1679186640.0,1.114,1.115,1.113,1.113,8125.6
2023-03-19 00:45:00,1679186700.0,1.113,1.114,1.112,1.114,6571.7
2023-03-19 00:46:00,1679186760.0,1.114,1.115,1.114,1.115,6796.8
2023-03-19 00:47:00,1679186820.0,1.115,1.116,1.114,1.116,61886.9
2023-03-19 00:48:00,1679186880.0,1.115,1.116,1.114,1.115,15559.3
2023-03-19 00:49:00,1679186940.0,1.116,1.116,1.113,1.115,15689.9
2023-03-19 00:50:00,1679187000.0,1.115,1.115,1.113,1.113,1465.4
2023-03-19 00:51:00,1679187060.0,1.113,1.113,1.112,1.112,6927.7
2023-03-19 00:52:00,1679187120.0,1.113,1.113,1.112,1.112,870.8
2023-03-19 00:53:00,1679187180.0,1.112,1.115,1.112,1.115,10239.5
2023-03-19 00:54:00,1679187240.0,1.115,1.115,1.112,1.114,10886.1
2023-03-19 00:55:00,1679187300.0,1.113,1.114,1.113,1.114,7254.1
2023-03-19 00:56:00,1679187360.0,1.113,1.114,1.113,1.114,3135.9
2023-03-19 00:57:00,1679187420.0,1.113,1.113,1.112,1.112,1848.2
2023-03-19 00:58:00,1679187480.0,1.113,1.114,1.113,1.113,8661.2
2023-03-19 00:59:00,1679187540.0,1.113,1.113,1.113,1.113,191.2
2023-03-19 01:00:00,1679187600.0,1.114,1.114,1.114,1.114,1732.9
2023-03-19 01:01:00,1679187660.0,1.114,1.115,1.114,1.115,9919.8
2023-03-19 01:02:00,1679187720.0,1.115,1.117,1.115,1.115,6927.5
2023-03-19 01:03:00,1679187780.0,1.116,1.117,1.116,1.116,21434.3
2023-03-19 01:04:00,1679187840.0,1.116,1.117,1.116,1.116,11879.1
2023-03-19 01:05:00,1679187900.0,1.116,1.116,1.114,1.114,11913.9
2023-03-19 01:06:00,1679187960.0,1.114,1.114,1.113,1.114,10284.3
2023-03-19 01:07:00,1679188020.0,1.113,1.113,1.112,1.112,8839.6
2023-03-19 01:08:00,1679188080.0,1.112,1.112,1.112,1.112,412.4
2023-03-19 01:09:00,1679188140.0,1.112,1.114,1.111,1.113,10943.4
2023-03-19 01:10:00,1679188200.0,1.113,1.113,1.111,1.112,18517.2
2023-03-19 01:11:00,1679188260.0,1.112,1.112,1.11,1.11,944.5
2023-03-19 01:12:00,1679188320.0,1.11,1.111,1.11,1.111,15448.8
2023-03-19 01:13:00,1679188380.0,1.112,1.112,1.111,1.112,6460.0
2023-03-19 01:14:00,1679188440.0,1.112,1.112,1.111,1.111,4010.1
2023-03-19 01:15:00,1679188500.0,1.112,1.115,1.112,1.115,4216.5
2023-03-19 01:16:00,1679188560.0,1.115,1.115,1.115,1.115,11382.3
2023-03-19 01:17:00,1679188620.0,1.115,1.115,1.113,1.114,9242.2
2023-03-19 01:18:00,1679188680.0,1.114,1.114,1.113,1.113,4454.6
2023-03-19 01:19:00,1679188740.0,1.112,1.113,1.111,1.113,7090.1
2023-03-19 01:20:00,1679188800.0,1.113,1.114,1.113,1.114,4932.7
2023-03-19 01:21:00,1679188860.0,1.115,1.116,1.115,1.115,6578.5
2023-03-19 01:22:00,1679188920.0,1.115,1.116,1.115,1.115,4616.1
2023-03-19 01:23:00,1679188980.0,1.116,1.116,1.113,1.113,11830.9
2023-03-19 01:24:00,1679189040.0,1.114,1.114,1.114,1.114,481.9
2023-03-19 01:25:00,1679189100.0,1.113,1.114,1.113,1.114,31.8
2023-03-19 01:26:00,1679189160.0,1.114,1.115,1.114,1.115,2928.7
2023-03-19 01:27:00,1679189220.0,1.115,1.116,1.114,1.114,8606.5
2023-03-19 01:28:00,1679189280.0,1.114,1.114,1.113,1.113,5830.6
2023-03-19 01:29:00,1679189340.0,1.114,1.114,1.114,1.114,8293.0
2023-03-19 01:30:00,1679189400.0,1.115,1.115,1.115,1.115,356.5
2023-03-19 01:31:00,1679189460.0,1.116,1.117,1.116,1.117,22600.1
2023-03-19 01:32:00,1679189520.0,1.117,1.119,1.117,1.118,7627.5
2023-03-19 01:33:00,1679189580.0,1.118,1.119,1.116,1.118,35988.5
2023-03-19 01:34:00,1679189640.0,1.117,1.117,1.115,1.116,4247.4
2023-03-19 01:35:00,1679189700.0,1.117,1.118,1.116,1.116,3021.6
2023-03-19 01:36:00,1679189760.0,1.117,1.118,1.117,1.118,345.1
2023-03-19 01:37:00,1679189820.0,1.118,1.118,1.116,1.117,7443.8
2023-03-19 01:38:00,1679189880.0,1.118,1.118,1.117,1.118,496.4
2023-03-19 01:39:00,1679189940.0,1.118,1.119,1.117,1.117,7685.2
2023-03-19 01:40:00,1679190000.0,1.117,1.118,1.117,1.117,4666.8
2023-03-19 01:41:00,1679190060.0,1.117,1.117,1.115,1.116,2059.4
2023-03-19 01:42:00,1679190120.0,1.115,1.116,1.114,1.116,8586.5
2023-03-19 01:43:00,1679190180.0,1.115,1.115,1.115,1.115,1087.3
2023-03-19 01:44:00,1679190240.0,1.115,1.116,1.115,1.116,545.7
2023-03-19 01:45:00,1679190300.0,1.115,1.115,1.114,1.115,4264.8
2023-03-19 01:46:00,1679190360.0,1.115,1.116,1.115,1.116,3200.3
2023-03-19 01:47:00,1679190420.0,1.116,1.116,1.115,1.116,6614.7
2023-03-19 01:48:00,1679190480.0,1.115,1.116,1.114,1.115,2485.6
2023-03-19 01:49:00,1679190540.0,1.115,1.116,1.115,1.116,6157.9
2023-03-19 01:50:00,1679190600.0,1.116,1.116,1.116,1.116,12231.0
2023-03-19 01:51:00,1679190660.0,1.116,1.116,1.114,1.114,95.4
2023-03-19 01:52:00,1679190720.0,1.115,1.115,1.115,1.115,174.4
2023-03-19 01:53:00,1679190780.0,1.115,1.117,1.115,1.116,6882.6
2023-03-19 01:54:00,1679190840.0,1.117,1.117,1.116,1.116,763.4
2023-03-19 01:55:00,1679190900.0,1.116,1.116,1.114,1.114,7988.3
2023-03-19 01:56:00,1679190960.0,1.115,1.115,1.114,1.114,4503.7
2023-03-19 01:57:00,1679191020.0,1.115,1.115,1.115,1.115,19.8
2023-03-19 01:58:00,1679191080.0,1.115,1.115,1.115,1.115,5273.2
2023-03-19 01:59:00,1679191140.0,1.115,1.115,1.115,1.115,0.0
2023-03-19 02:00:00,1679191200.0,1.115,1.116,1.115,1.116,3691.3
2023-03-19 02:01:00,1679191260.0,1.116,1.116,1.114,1.114,4607.1
2023-03-19 02:02:00,1679191320.0,1.114,1.115,1.113,1.115,3916.9
2023-03-19 02:03:00,1679191380.0,1.114,1.117,1.114,1.117,801.9
2023-03-19 02:04:00,1679191440.0,1.117,1.117,1.116,1.117,1863.3
2023-03-19 02:05:00,1679191500.0,1.116,1.116,1.116,1.116,40.5
2023-03-19 02:06:00,1679191560.0,1.117,1.117,1.116,1.116,3897.3
2023-03-19 02:07:00,1679191620.0,1.116,1.116,1.115,1.115,2926.8
2023-03-19 02:08:00,1679191680.0,1.115,1.115,1.115,1.115,3042.3
2023-03-19 02:09:00,1679191740.0,1.115,1.115,1.115,1.115,1870.0
2023-03-19 02:10:00,1679191800.0,1.114,1.114,1.113,1.113,122.4
2023-03-19 02:11:00,1679191860.0,1.113,1.113,1.112,1.112,17796.5
2023-03-19 02:12:00,1679191920.0,1.113,1.114,1.112,1.114,11566.9
2023-03-19 02:13:00,1679191980.0,1.114,1.114,1.113,1.113,268.1
2023-03-19 02:14:00,1679192040.0,1.113,1.115,1.112,1.113,6486.6
2023-03-19 02:15:00,1679192100.0,1.113,1.113,1.113,1.113,249.5
2023-03-19 02:16:00,1679192160.0,1.114,1.114,1.113,1.113,5177.7
2023-03-19 02:17:00,1679192220.0,1.112,1.112,1.111,1.111,35316.5
2023-03-19 02:18:00,1679192280.0,1.112,1.114,1.112,1.114,2828.7
2023-03-19 02:19:00,1679192340.0,1.114,1.114,1.114,1.114,4980.7
2023-03-19 02:20:00,1679192400.0,1.113,1.113,1.111,1.111,23834.7
2023-03-19 02:21:00,1679192460.0,1.111,1.113,1.111,1.113,713.7
2023-03-19 02:22:00,1679192520.0,1.113,1.113,1.112,1.112,8462.4
2023-03-19 02:23:00,1679192580.0,1.113,1.114,1.113,1.114,1949.4
2023-03-19 02:24:00,1679192640.0,1.114,1.114,1.114,1.114,0.0
2023-03-19 02:25:00,1679192700.0,1.114,1.114,1.114,1.114,20931.8
2023-03-19 02:26:00,1679192760.0,1.115,1.116,1.115,1.116,5252.9
2023-03-19 02:27:00,1679192820.0,1.116,1.116,1.116,1.116,179.2
2023-03-19 02:28:00,1679192880.0,1.115,1.115,1.115,1.115,9844.4
2023-03-19 02:29:00,1679192940.0,1.116,1.116,1.116,1.116,8145.9
2023-03-19 02:30:00,1679193000.0,1.116,1.117,1.116,1.116,6524.9
2023-03-19 02:31:00,1679193060.0,1.116,1.116,1.116,1.116,671.7
2023-03-19 02:32:00,1679193120.0,1.117,1.118,1.117,1.118,6826.2
2023-03-19 02:33:00,1679193180.0,1.117,1.117,1.116,1.117,21589.8
2023-03-19 02:34:00,1679193240.0,1.118,1.118,1.118,1.118,7651.0
2023-03-19 02:35:00,1679193300.0,1.118,1.118,1.117,1.117,3745.8
2023-03-19 02:36:00,1679193360.0,1.117,1.117,1.116,1.117,2039.3
2023-03-19 02:37:00,1679193420.0,1.117,1.117,1.117,1.117,634.7
2023-03-19 02:38:00,1679193480.0,1.117,1.117,1.117,1.117,4065.5
2023-03-19 02:39:00,1679193540.0,1.117,1.117,1.117,1.117,9587.1
2023-03-19 02:40:00,1679193600.0,1.117,1.117,1.117,1.117,2177.1
2023-03-19 02:41:00,1679193660.0,1.116,1.116,1.115,1.115,2021.5
2023-03-19 02:42:00,1679193720.0,1.115,1.115,1.115,1.115,0.0
2023-03-19 02:43:00,1679193780.0,1.115,1.115,1.115,1.115,38.3
2023-03-19 02:44:00,1679193840.0,1.115,1.115,1.112,1.112,51199.2
2023-03-19 02:45:00,1679193900.0,1.113,1.113,1.112,1.113,2342.1
2023-03-19 02:46:00,1679193960.0,1.113,1.113,1.113,1.113,2678.3
2023-03-19 02:47:00,1679194020.0,1.113,1.113,1.112,1.113,5430.7
2023-03-19 02:48:00,1679194080.0,1.112,1.112,1.112,1.112,525.1
2023-03-19 02:49:00,1679194140.0,1.112,1.112,1.112,1.112,16624.7
2023-03-19 02:50:00,1679194200.0,1.112,1.112,1.112,1.112,12934.0
2023-03-19 02:51:00,1679194260.0,1.112,1.112,1.111,1.111,4331.4
2023-03-19 02:52:00,1679194320.0,1.112,1.112,1.112,1.112,3696.7
2023-03-19 02:53:00,1679194380.0,1.112,1.112,1.111,1.111,1573.7
2023-03-19 02:54:00,1679194440.0,1.111,1.112,1.11,1.112,32355.2
2023-03-19 02:55:00,1679194500.0,1.112,1.112,1.111,1.112,5389.8
2023-03-19 02:56:00,1679194560.0,1.112,1.113,1.112,1.113,1925.3
2023-03-19 02:57:00,1679194620.0,1.112,1.113,1.111,1.113,1923.2
2023-03-19 02:58:00,1679194680.0,1.113,1.113,1.112,1.112,9828.8
2023-03-19 02:59:00,1679194740.0,1.113,1.113,1.113,1.113,10537.1
2023-03-19 03:00:00,1679194800.0,1.114,1.114,1.111,1.112,12988.6
2023-03-19 03:01:00,1679194860.0,1.112,1.112,1.111,1.112,2114.5
2023-03-19 03:02:00,1679194920.0,1.112,1.113,1.112,1.113,4662.9
2023-03-19 03:03:00,1679194980.0,1.114,1.114,1.113,1.113,34.2
2023-03-19 03:04:00,1679195040.0,1.113,1.113,1.112,1.113,8692.6
2023-03-19 03:05:00,1679195100.0,1.114,1.114,1.113,1.113,9363.9
2023-03-19 03:06:00,1679195160.0,1.113,1.114,1.113,1.114,5951.4
2023-03-19 03:07:00,1679195220.0,1.113,1.114,1.113,1.114,2321.7
2023-03-19 03:08:00,1679195280.0,1.114,1.114,1.114,1.114,131.8
2023-03-19 03:09:00,1679195340.0,1.115,1.115,1.113,1.113,6116.4
2023-03-19 03:10:00,1679195400.0,1.114,1.115,1.113,1.114,7087.9
2023-03-19 03:11:00,1679195460.0,1.114,1.114,1.113,1.113,16450.6
2023-03-19 03:12:00,1679195520.0,1.114,1.114,1.114,1.114,179.5
2023-03-19 03:13:00,1679195580.0,1.114,1.114,1.114,1.114,5200.0
2023-03-19 03:14:00,1679195640.0,1.114,1.114,1.114,1.114,7313.8
2023-03-19 03:15:00,1679195700.0,1.114,1.114,1.113,1.114,3487.1
2023-03-19 03:16:00,1679195760.0,1.114,1.114,1.114,1.114,10283.0
2023-03-19 03:17:00,1679195820.0,1.115,1.115,1.114,1.114,138.0
2023-03-19 03:18:00,1679195880.0,1.115,1.115,1.115,1.115,289.6
2023-03-19 03:19:00,1679195940.0,1.115,1.115,1.115,1.115,0.0
2023-03-19 03:20:00,1679196000.0,1.115,1.115,1.114,1.114,7874.3
2023-03-19 03:21:00,1679196060.0,1.113,1.113,1.112,1.113,607.1
2023-03-19 03:22:00,1679196120.0,1.112,1.113,1.112,1.113,368.5
2023-03-19 03:23:00,1679196180.0,1.112,1.113,1.112,1.113,1425.4
2023-03-19 03:24:00,1679196240.0,1.112,1.113,1.112,1.113,8665.3
2023-03-19 03:25:00,1679196300.0,1.113,1.113,1.113,1.113,361.0
2023-03-19 03:26:00,1679196360.0,1.111,1.112,1.111,1.112,73.8
2023-03-19 03:27:00,1679196420.0,1.112,1.112,1.112,1.112,12.8
2023-03-19 03:28:00,1679196480.0,1.112,1.112,1.112,1.112,18.3
2023-03-19 03:29:00,1679196540.0,1.112,1.112,1.112,1.112,0.0
2023-03-19 03:30:00,1679196600.0,1.112,1.114,1.112,1.113,7517.1
2023-03-19 03:31:00,1679196660.0,1.112,1.112,1.112,1.112,408.7
2023-03-19 03:32:00,1679196720.0,1.112,1.112,1.112,1.112,99.1
2023-03-19 03:33:00,1679196780.0,1.112,1.113,1.112,1.112,7182.9
2023-03-19 03:34:00,1679196840.0,1.113,1.113,1.112,1.113,16180.1
2023-03-19 03:35:00,1679196900.0,1.112,1.114,1.112,1.113,1155.8
2023-03-19 03:36:00,1679196960.0,1.113,1.114,1.113,1.113,7781.5
2023-03-19 03:37:00,1679197020.0,1.113,1.113,1.113,1.113,3794.3
2023-03-19 03:38:00,1679197080.0,1.112,1.114,1.112,1.113,2555.6
2023-03-19 03:39:00,1679197140.0,1.113,1.114,1.113,1.114,1876.1
2023-03-19 03:40:00,1679197200.0,1.113,1.113,1.113,1.113,11411.8
2023-03-19 03:41:00,1679197260.0,1.113,1.113,1.113,1.113,0.0
2023-03-19 03:42:00,1679197320.0,1.113,1.113,1.113,1.113,2146.7
2023-03-19 03:43:00,1679197380.0,1.113,1.114,1.113,1.114,5113.3
2023-03-19 03:44:00,1679197440.0,1.114,1.114,1.114,1.114,0.0
2023-03-19 03:45:00,1679197500.0,1.113,1.113,1.113,1.113,24.2
2023-03-19 03:46:00,1679197560.0,1.113,1.113,1.113,1.113,0.0
2023-03-19 03:47:00,1679197620.0,1.114,1.115,1.114,1.115,6572.4
2023-03-19 03:48:00,1679197680.0,1.115,1.115,1.115,1.115,14684.5
2023-03-19 03:49:00,1679197740.0,1.116,1.116,1.115,1.116,18845.8
2023-03-19 03:50:00,1679197800.0,1.116,1.116,1.116,1.116,11652.5
2023-03-19 03:51:00,1679197860.0,1.115,1.118,1.115,1.117,26688.7
2023-03-19 03:52:00,1679197920.0,1.117,1.117,1.117,1.117,0.0
2023-03-19 03:53:00,1679197980.0,1.117,1.117,1.117,1.117,4594.2
2023-03-19 03:54:00,1679198040.0,1.117,1.117,1.117,1.117,1144.4
2023-03-19 03:55:00,1679198100.0,1.116,1.116,1.116,1.116,5542.3
2023-03-19 03:56:00,1679198160.0,1.117,1.117,1.117,1.117,510.0
2023-03-19 03:57:00,1679198220.0,1.118,1.118,1.118,1.118,268.3
2023-03-19 03:58:00,1679198280.0,1.117,1.118,1.117,1.118,6598.0
2023-03-19 03:59:00,1679198340.0,1.117,1.119,1.117,1.117,22655.1
2023-03-19 04:00:00,1679198400.0,1.117,1.117,1.116,1.117,16543.8
2023-03-19 04:01:00,1679198460.0,1.118,1.12,1.118,1.119,4006.4
2023-03-19 04:02:00,1679198520.0,1.119,1.119,1.117,1.118,1388.6
2023-03-19 04:03:00,1679198580.0,1.118,1.119,1.118,1.119,31.4
2023-03-19 04:04:00,1679198640.0,1.118,1.118,1.118,1.118,10447.5
2023-03-19 04:05:00,1679198700.0,1.118,1.118,1.117,1.117,14043.3
2023-03-19 04:06:00,1679198760.0,1.118,1.118,1.118,1.118,13314.3
2023-03-19 04:07:00,1679198820.0,1.118,1.118,1.118,1.118,21.2
2023-03-19 04:08:00,1679198880.0,1.118,1.119,1.117,1.117,9092.2
2023-03-19 04:09:00,1679198940.0,1.117,1.117,1.116,1.117,4708.7
2023-03-19 04:10:00,1679199000.0,1.116,1.116,1.116,1.116,200.0
2023-03-19 04:11:00,1679199060.0,1.116,1.116,1.116,1.116,11978.4
2023-03-19 04:12:00,1679199120.0,1.116,1.116,1.116,1.116,0.0
2023-03-19 04:13:00,1679199180.0,1.116,1.116,1.116,1.116,11828.5
2023-03-19 04:14:00,1679199240.0,1.116,1.116,1.115,1.115,1028.9
2023-03-19 04:15:00,1679199300.0,1.115,1.116,1.115,1.116,467.2
2023-03-19 04:16:00,1679199360.0,1.116,1.116,1.116,1.116,593.7
2023-03-19 04:17:00,1679199420.0,1.115,1.115,1.115,1.115,7245.9
2023-03-19 04:18:00,1679199480.0,1.115,1.115,1.115,1.115,0.0
2023-03-19 04:19:00,1679199540.0,1.113,1.113,1.113,1.113,22068.6
2023-03-19 04:20:00,1679199600.0,1.113,1.113,1.113,1.113,10.6
2023-03-19 04:21:00,1679199660.0,1.112,1.113,1.111,1.112,3934.6
2023-03-19 04:22:00,1679199720.0,1.112,1.113,1.112,1.113,4620.0
2023-03-19 04:23:00,1679199780.0,1.112,1.112,1.112,1.112,1019.1
2023-03-19 04:24:00,1679199840.0,1.113,1.113,1.113,1.113,5511.5
2023-03-19 04:25:00,1679199900.0,1.113,1.113,1.113,1.113,557.9
2023-03-19 04:26:00,1679199960.0,1.113,1.113,1.113,1.113,7035.0
2023-03-19 04:27:00,1679200020.0,1.112,1.114,1.112,1.114,2426.6
2023-03-19 04:28:00,1679200080.0,1.113,1.113,1.113,1.113,340.7
2023-03-19 04:29:00,1679200140.0,1.113,1.113,1.113,1.113,6634.7
2023-03-19 04:30:00,1679200200.0,1.113,1.113,1.113,1.113,399.6
2023-03-19 04:31:00,1679200260.0,1.113,1.113,1.113,1.113,0.0
2023-03-19 04:32:00,1679200320.0,1.114,1.114,1.114,1.114,413.7
2023-03-19 04:33:00,1679200380.0,1.114,1.114,1.113,1.113,3692.8
2023-03-19 04:34:00,1679200440.0,1.113,1.114,1.113,1.113,3547.5
2023-03-19 04:35:00,1679200500.0,1.113,1.114,1.113,1.114,675.8
2023-03-19 04:36:00,1679200560.0,1.114,1.114,1.114,1.114,0.0
2023-03-19 04:37:00,1679200620.0,1.115,1.115,1.115,1.115,35.9
2023-03-19 04:38:00,1679200680.0,1.115,1.115,1.111,1.111,46933.7
2023-03-19 04:39:00,1679200740.0,1.111,1.112,1.111,1.112,5271.0
2023-03-19 04:40:00,1679200800.0,1.112,1.112,1.112,1.112,998.3
2023-03-19 04:41:00,1679200860.0,1.112,1.112,1.112,1.112,86.4
2023-03-19 04:42:00,1679200920.0,1.113,1.113,1.112,1.112,13063.1
2023-03-19 04:43:00,1679200980.0,1.112,1.114,1.112,1.114,1131.9
2023-03-19 04:44:00,1679201040.0,1.114,1.114,1.113,1.113,14783.6
2023-03-19 04:45:00,1679201100.0,1.113,1.114,1.113,1.113,949.2
2023-03-19 04:46:00,1679201160.0,1.113,1.113,1.113,1.113,0.0
2023-03-19 04:47:00,1679201220.0,1.113,1.113,1.113,1.113,1120.7
2023-03-19 04:48:00,1679201280.0,1.113,1.113,1.113,1.113,3251.3
2023-03-19 04:49:00,1679201340.0,1.113,1.114,1.113,1.113,1520.2
2023-03-19 04:50:00,1679201400.0,1.113,1.113,1.113,1.113,114.9
2023-03-19 04:51:00,1679201460.0,1.113,1.113,1.113,1.113,0.0
2023-03-19 04:52:00,1679201520.0,1.113,1.113,1.111,1.112,13093.3
2023-03-19 04:53:00,1679201580.0,1.113,1.113,1.112,1.112,1909.9
2023-03-19 04:54:00,1679201640.0,1.112,1.113,1.112,1.113,10422.9
2023-03-19 04:55:00,1679201700.0,1.113,1.113,1.112,1.112,256.0
2023-03-19 04:56:00,1679201760.0,1.113,1.113,1.113,1.113,4576.1
2023-03-19 04:57:00,1679201820.0,1.112,1.112,1.112,1.112,2784.1
2023-03-19 04:58:00,1679201880.0,1.111,1.111,1.111,1.111,968.1
2023-03-19 04:59:00,1679201940.0,1.112,1.113,1.112,1.113,8728.8
2023-03-19 05:00:00,1679202000.0,1.112,1.113,1.112,1.112,6792.4
2023-03-19 05:01:00,1679202060.0,1.112,1.112,1.111,1.111,499.0
2023-03-19 05:02:00,1679202120.0,1.111,1.111,1.11,1.11,420.7
2023-03-19 05:03:00,1679202180.0,1.111,1.111,1.11,1.111,10479.4
2023-03-19 05:04:00,1679202240.0,1.112,1.112,1.112,1.112,8713.9
2023-03-19 05:05:00,1679202300.0,1.113,1.113,1.112,1.112,60.2
2023-03-19 05:06:00,1679202360.0,1.113,1.113,1.113,1.113,948.5
2023-03-19 05:07:00,1679202420.0,1.113,1.114,1.113,1.114,2044.3
2023-03-19 05:08:00,1679202480.0,1.114,1.114,1.113,1.113,5518.3
2023-03-19 05:09:00,1679202540.0,1.112,1.112,1.112,1.112,60.0
2023-03-19 05:10:00,1679202600.0,1.113,1.113,1.113,1.113,128.0
2023-03-19 05:11:00,1679202660.0,1.114,1.114,1.113,1.113,13581.3
2023-03-19 05:12:00,1679202720.0,1.114,1.114,1.114,1.114,26.9
2023-03-19 05:13:00,1679202780.0,1.114,1.114,1.114,1.114,0.0
2023-03-19 05:14:00,1679202840.0,1.113,1.113,1.113,1.113,834.2
2023-03-19 05:15:00,1679202900.0,1.113,1.115,1.113,1.113,18435.1
2023-03-19 05:16:00,1679202960.0,1.113,1.113,1.112,1.112,9467.4
2023-03-19 05:17:00,1679203020.0,1.112,1.113,1.112,1.113,3573.5
2023-03-19 05:18:00,1679203080.0,1.113,1.113,1.113,1.113,0.0
2023-03-19 05:19:00,1679203140.0,1.112,1.112,1.111,1.111,11855.9
2023-03-19 05:20:00,1679203200.0,1.111,1.113,1.111,1.113,1695.6
2023-03-19 05:21:00,1679203260.0,1.113,1.113,1.112,1.113,9976.8
2023-03-19 05:22:00,1679203320.0,1.113,1.113,1.113,1.113,9993.2
2023-03-19 05:23:00,1679203380.0,1.112,1.113,1.112,1.113,12705.1
2023-03-19 05:24:00,1679203440.0,1.113,1.113,1.113,1.113,1312.4
2023-03-19 05:25:00,1679203500.0,1.113,1.114,1.113,1.114,7279.8
2023-03-19 05:26:00,1679203560.0,1.114,1.114,1.114,1.114,95.5
2023-03-19 05:27:00,1679203620.0,1.114,1.114,1.114,1.114,5207.6
2023-03-19 05:28:00,1679203680.0,1.114,1.114,1.114,1.114,8170.7
2023-03-19 05:29:00,1679203740.0,1.114,1.115,1.114,1.115,989.5
2023-03-19 05:30:00,1679203800.0,1.115,1.116,1.115,1.115,470.4
2023-03-19 05:31:00,1679203860.0,1.114,1.116,1.114,1.116,4210.9
2023-03-19 05:32:00,1679203920.0,1.115,1.116,1.115,1.115,7496.8
2023-03-19 05:33:00,1679203980.0,1.115,1.115,1.115,1.115,1605.2
2023-03-19 05:34:00,1679204040.0,1.115,1.115,1.114,1.114,5500.9
2023-03-19 05:35:00,1679204100.0,1.114,1.115,1.114,1.114,6455.5
2023-03-19 05:36:00,1679204160.0,1.115,1.115,1.115,1.115,84.2
2023-03-19 05:37:00,1679204220.0,1.113,1.113,1.112,1.113,2763.1
2023-03-19 05:38:00,1679204280.0,1.113,1.113,1.112,1.113,445.4
2023-03-19 05:39:00,1679204340.0,1.114,1.115,1.114,1.114,9146.7
2023-03-19 05:40:00,1679204400.0,1.115,1.115,1.114,1.114,5532.8
2023-03-19 05:41:00,1679204460.0,1.113,1.113,1.113,1.113,6678.6
2023-03-19 05:42:00,1679204520.0,1.113,1.113,1.112,1.113,385.0
2023-03-19 05:43:00,1679204580.0,1.112,1.112,1.112,1.112,228.3
2023-03-19 05:44:00,1679204640.0,1.112,1.112,1.112,1.112,220.0
2023-03-19 05:45:00,1679204700.0,1.111,1.111,1.111,1.111,27040.6
2023-03-19 05:46:00,1679204760.0,1.111,1.111,1.11,1.111,3080.4
2023-03-19 05:47:00,1679204820.0,1.11,1.11,1.11,1.11,4693.5
2023-03-19 05:48:00,1679204880.0,1.11,1.111,1.11,1.111,11586.1
2023-03-19 05:49:00,1679204940.0,1.111,1.111,1.111,1.111,33833.1
2023-03-19 05:50:00,1679205000.0,1.111,1.111,1.111,1.111,6656.7
2023-03-19 05:51:00,1679205060.0,1.112,1.112,1.111,1.111,36.2
2023-03-19 05:52:00,1679205120.0,1.111,1.112,1.111,1.112,505.5
2023-03-19 05:53:00,1679205180.0,1.112,1.113,1.112,1.112,2930.5
2023-03-19 05:54:00,1679205240.0,1.112,1.112,1.111,1.112,9175.4
2023-03-19 05:55:00,1679205300.0,1.112,1.112,1.112,1.112,8993.1
2023-03-19 05:56:00,1679205360.0,1.112,1.112,1.111,1.111,5913.2
2023-03-19 05:57:00,1679205420.0,1.111,1.112,1.111,1.112,212.3
2023-03-19 05:58:00,1679205480.0,1.11,1.112,1.11,1.112,82.6
2023-03-19 05:59:00,1679205540.0,1.112,1.113,1.112,1.113,1005.2
2023-03-19 06:00:00,1679205600.0,1.113,1.114,1.113,1.113,5547.6
2023-03-19 06:01:00,1679205660.0,1.114,1.114,1.114,1.114,4601.4
2023-03-19 06:02:00,1679205720.0,1.114,1.116,1.114,1.116,15031.8
2023-03-19 06:03:00,1679205780.0,1.116,1.116,1.116,1.116,115.5
2023-03-19 06:04:00,1679205840.0,1.116,1.116,1.115,1.115,3041.3
2023-03-19 06:05:00,1679205900.0,1.116,1.117,1.116,1.117,1123.9
2023-03-19 06:06:00,1679205960.0,1.118,1.118,1.118,1.118,2432.1
2023-03-19 06:07:00,1679206020.0,1.117,1.117,1.117,1.117,13258.2
2023-03-19 06:08:00,1679206080.0,1.117,1.119,1.117,1.118,6176.0
2023-03-19 06:09:00,1679206140.0,1.118,1.118,1.118,1.118,166.2
2023-03-19 06:10:00,1679206200.0,1.118,1.119,1.118,1.119,6651.2
2023-03-19 06:11:00,1679206260.0,1.119,1.119,1.117,1.117,3618.6
2023-03-19 06:12:00,1679206320.0,1.117,1.117,1.115,1.115,9122.6
2023-03-19 06:13:00,1679206380.0,1.116,1.118,1.115,1.117,9678.9
2023-03-19 06:14:00,1679206440.0,1.117,1.118,1.117,1.117,4176.9
2023-03-19 06:15:00,1679206500.0,1.117,1.117,1.116,1.116,6068.0
2023-03-19 06:16:00,1679206560.0,1.116,1.117,1.116,1.116,9713.5
2023-03-19 06:17:00,1679206620.0,1.116,1.116,1.116,1.116,20.8
2023-03-19 06:18:00,1679206680.0,1.116,1.116,1.116,1.116,2750.7
2023-03-19 06:19:00,1679206740.0,1.116,1.116,1.115,1.115,64.0
2023-03-19 06:20:00,1679206800.0,1.115,1.115,1.114,1.114,8753.1
2023-03-19 06:21:00,1679206860.0,1.114,1.115,1.114,1.115,224.7
2023-03-19 06:22:00,1679206920.0,1.114,1.114,1.114,1.114,796.2
2023-03-19 06:23:00,1679206980.0,1.113,1.114,1.111,1.112,8986.6
2023-03-19 06:24:00,1679207040.0,1.112,1.114,1.111,1.113,13001.2
2023-03-19 06:25:00,1679207100.0,1.113,1.114,1.113,1.113,4605.2
2023-03-19 06:26:00,1679207160.0,1.111,1.113,1.111,1.113,27328.7
2023-03-19 06:27:00,1679207220.0,1.113,1.113,1.112,1.112,243.7
2023-03-19 06:28:00,1679207280.0,1.112,1.112,1.112,1.112,2765.0
2023-03-19 06:29:00,1679207340.0,1.112,1.113,1.111,1.111,19462.3
2023-03-19 06:30:00,1679207400.0,1.112,1.112,1.111,1.111,10276.8
2023-03-19 06:31:00,1679207460.0,1.112,1.112,1.112,1.112,497.6
2023-03-19 06:32:00,1679207520.0,1.112,1.112,1.112,1.112,728.1
2023-03-19 06:33:00,1679207580.0,1.112,1.112,1.111,1.111,214.9
2023-03-19 06:34:00,1679207640.0,1.112,1.112,1.112,1.112,17332.0
2023-03-19 06:35:00,1679207700.0,1.112,1.114,1.111,1.113,2715.2
2023-03-19 06:36:00,1679207760.0,1.114,1.114,1.113,1.113,9409.8
2023-03-19 06:37:00,1679207820.0,1.113,1.114,1.113,1.114,3819.2
2023-03-19 06:38:00,1679207880.0,1.113,1.114,1.112,1.113,20742.0
2023-03-19 06:39:00,1679207940.0,1.112,1.112,1.111,1.111,9941.4
2023-03-19 06:40:00,1679208000.0,1.111,1.111,1.111,1.111,404.7
2023-03-19 06:41:00,1679208060.0,1.111,1.111,1.11,1.11,183.5
2023-03-19 06:42:00,1679208120.0,1.111,1.111,1.111,1.111,10414.7
2023-03-19 06:43:00,1679208180.0,1.111,1.111,1.111,1.111,0.0
2023-03-19 06:44:00,1679208240.0,1.11,1.11,1.108,1.108,34787.3
2023-03-19 06:45:00,1679208300.0,1.109,1.109,1.108,1.109,20942.7
2023-03-19 06:46:00,1679208360.0,1.109,1.11,1.109,1.109,9663.1
2023-03-19 06:47:00,1679208420.0,1.109,1.109,1.107,1.107,18539.9
2023-03-19 06:48:00,1679208480.0,1.108,1.108,1.106,1.107,21243.3
2023-03-19 06:49:00,1679208540.0,1.108,1.108,1.108,1.108,1733.1
2023-03-19 06:50:00,1679208600.0,1.11,1.11,1.109,1.109,2279.8
2023-03-19 06:51:00,1679208660.0,1.109,1.11,1.109,1.11,6060.6
2023-03-19 06:52:00,1679208720.0,1.109,1.109,1.109,1.109,7487.0
2023-03-19 06:53:00,1679208780.0,1.108,1.109,1.108,1.109,4038.9
2023-03-19 06:54:00,1679208840.0,1.108,1.108,1.108,1.108,109.4
2023-03-19 06:55:00,1679208900.0,1.109,1.11,1.109,1.11,376.2
2023-03-19 06:56:00,1679208960.0,1.11,1.11,1.11,1.11,2725.6
2023-03-19 06:57:00,1679209020.0,1.111,1.111,1.11,1.11,2833.1
2023-03-19 06:58:00,1679209080.0,1.111,1.111,1.109,1.109,5473.5
2023-03-19 06:59:00,1679209140.0,1.109,1.11,1.109,1.109,3716.3
2023-03-19 07:00:00,1679209200.0,1.109,1.11,1.109,1.11,6579.0
2023-03-19 07:01:00,1679209260.0,1.11,1.111,1.11,1.111,1783.5
2023-03-19 07:02:00,1679209320.0,1.11,1.11,1.109,1.109,11700.8
2023-03-19 07:03:00,1679209380.0,1.109,1.109,1.107,1.107,4296.8
2023-03-19 07:04:00,1679209440.0,1.107,1.107,1.105,1.106,26740.5
2023-03-19 07:05:00,1679209500.0,1.106,1.106,1.104,1.105,32767.7
2023-03-19 07:06:00,1679209560.0,1.105,1.106,1.105,1.105,6080.0
2023-03-19 07:07:00,1679209620.0,1.104,1.105,1.102,1.104,17553.9
2023-03-19 07:08:00,1679209680.0,1.104,1.105,1.103,1.103,49454.5
2023-03-19 07:09:00,1679209740.0,1.103,1.103,1.1,1.102,35772.9
2023-03-19 07:10:00,1679209800.0,1.101,1.102,1.1,1.1,7240.7
2023-03-19 07:11:00,1679209860.0,1.101,1.101,1.1,1.1,6772.1
2023-03-19 07:12:00,1679209920.0,1.1,1.103,1.1,1.103,20195.6
2023-03-19 07:13:00,1679209980.0,1.104,1.105,1.104,1.104,2656.5
2023-03-19 07:14:00,1679210040.0,1.105,1.107,1.104,1.106,16248.3
2023-03-19 07:15:00,1679210100.0,1.105,1.107,1.105,1.106,1743.7
2023-03-19 07:16:00,1679210160.0,1.105,1.106,1.104,1.105,10673.7
2023-03-19 07:17:00,1679210220.0,1.106,1.108,1.106,1.108,12527.1
2023-03-19 07:18:00,1679210280.0,1.108,1.109,1.108,1.109,20291.4
2023-03-19 07:19:00,1679210340.0,1.108,1.108,1.108,1.108,2837.4
2023-03-19 07:20:00,1679210400.0,1.105,1.105,1.105,1.105,16.7
2023-03-19 07:21:00,1679210460.0,1.105,1.106,1.105,1.106,4031.1
2023-03-19 07:22:00,1679210520.0,1.106,1.107,1.106,1.107,3004.4
2023-03-19 07:23:00,1679210580.0,1.108,1.108,1.107,1.107,7681.4
2023-03-19 07:24:00,1679210640.0,1.106,1.107,1.106,1.107,65190.3
2023-03-19 07:25:00,1679210700.0,1.108,1.108,1.107,1.107,405.0
2023-03-19 07:26:00,1679210760.0,1.108,1.108,1.107,1.107,8689.4
2023-03-19 07:27:00,1679210820.0,1.107,1.108,1.106,1.108,27464.0
2023-03-19 07:28:00,1679210880.0,1.108,1.108,1.107,1.107,3354.9
2023-03-19 07:29:00,1679210940.0,1.108,1.108,1.108,1.108,8319.5
2023-03-19 07:30:00,1679211000.0,1.108,1.108,1.108,1.108,2684.4
2023-03-19 07:31:00,1679211060.0,1.108,1.109,1.108,1.109,20363.7
2023-03-19 07:32:00,1679211120.0,1.108,1.108,1.108,1.108,1238.9
2023-03-19 07:33:00,1679211180.0,1.108,1.108,1.108,1.108,0.0
2023-03-19 07:34:00,1679211240.0,1.109,1.11,1.108,1.108,28165.9
2023-03-19 07:35:00,1679211300.0,1.108,1.108,1.108,1.108,8552.8
2023-03-19 07:36:00,1679211360.0,1.108,1.109,1.108,1.108,20487.6
2023-03-19 07:37:00,1679211420.0,1.108,1.108,1.107,1.108,918.5
2023-03-19 07:38:00,1679211480.0,1.108,1.108,1.108,1.108,7923.3
2023-03-19 07:39:00,1679211540.0,1.108,1.108,1.108,1.108,129.3
2023-03-19 07:40:00,1679211600.0,1.108,1.109,1.108,1.109,5111.1
2023-03-19 07:41:00,1679211660.0,1.109,1.109,1.108,1.108,5327.1
2023-03-19 07:42:00,1679211720.0,1.107,1.107,1.107,1.107,3127.3
2023-03-19 07:43:00,1679211780.0,1.107,1.107,1.107,1.107,295.5
2023-03-19 07:44:00,1679211840.0,1.107,1.108,1.107,1.108,2334.6
2023-03-19 07:45:00,1679211900.0,1.108,1.108,1.108,1.108,8735.4
2023-03-19 07:46:00,1679211960.0,1.107,1.107,1.107,1.107,250.0
2023-03-19 07:47:00,1679212020.0,1.107,1.107,1.107,1.107,10044.7
2023-03-19 07:48:00,1679212080.0,1.107,1.108,1.107,1.107,6437.9
2023-03-19 07:49:00,1679212140.0,1.106,1.107,1.106,1.107,12146.0
2023-03-19 07:50:00,1679212200.0,1.106,1.106,1.106,1.106,5531.8
2023-03-19 07:51:00,1679212260.0,1.106,1.106,1.106,1.106,866.2
2023-03-19 07:52:00,1679212320.0,1.106,1.108,1.106,1.107,13023.3
2023-03-19 07:53:00,1679212380.0,1.107,1.108,1.107,1.108,3052.1
2023-03-19 07:54:00,1679212440.0,1.107,1.107,1.106,1.106,12606.6
2023-03-19 07:55:00,1679212500.0,1.106,1.107,1.106,1.107,6073.4
2023-03-19 07:56:00,1679212560.0,1.107,1.108,1.107,1.108,6637.5
2023-03-19 07:57:00,1679212620.0,1.108,1.108,1.107,1.108,1128.8
2023-03-19 07:58:00,1679212680.0,1.108,1.109,1.108,1.109,971.8
2023-03-19 07:59:00,1679212740.0,1.108,1.11,1.108,1.109,11284.2
2023-03-19 08:00:00,1679212800.0,1.109,1.111,1.109,1.11,3518.3
2023-03-19 08:01:00,1679212860.0,1.11,1.111,1.109,1.11,15926.6
2023-03-19 08:02:00,1679212920.0,1.11,1.112,1.11,1.112,3647.6
2023-03-19 08:03:00,1679212980.0,1.111,1.112,1.111,1.111,20392.2
2023-03-19 08:04:00,1679213040.0,1.11,1.11,1.11,1.11,1634.9
2023-03-19 08:05:00,1679213100.0,1.11,1.11,1.109,1.109,936.2
2023-03-19 08:06:00,1679213160.0,1.109,1.109,1.108,1.108,20110.1
2023-03-19 08:07:00,1679213220.0,1.108,1.108,1.107,1.107,130.2
2023-03-19 08:08:00,1679213280.0,1.108,1.109,1.107,1.107,773.6
2023-03-19 08:09:00,1679213340.0,1.107,1.108,1.106,1.108,17608.0
2023-03-19 08:10:00,1679213400.0,1.108,1.108,1.107,1.107,6615.6
2023-03-19 08:11:00,1679213460.0,1.107,1.107,1.106,1.106,10028.5
2023-03-19 08:12:00,1679213520.0,1.106,1.106,1.104,1.104,1286.9
2023-03-19 08:13:00,1679213580.0,1.105,1.105,1.104,1.105,12665.4
2023-03-19 08:14:00,1679213640.0,1.105,1.105,1.105,1.105,16635.8
2023-03-19 08:15:00,1679213700.0,1.104,1.104,1.103,1.103,6102.8
2023-03-19 08:16:00,1679213760.0,1.104,1.104,1.103,1.103,6256.9
2023-03-19 08:17:00,1679213820.0,1.104,1.105,1.104,1.105,3115.9
2023-03-19 08:18:00,1679213880.0,1.105,1.106,1.105,1.106,264.0
2023-03-19 08:19:00,1679213940.0,1.107,1.107,1.107,1.107,9379.2
2023-03-19 08:20:00,1679214000.0,1.108,1.11,1.108,1.11,18884.2
2023-03-19 08:21:00,1679214060.0,1.11,1.111,1.11,1.111,8855.3
2023-03-19 08:22:00,1679214120.0,1.112,1.113,1.112,1.112,9437.8
2023-03-19 08:23:00,1679214180.0,1.112,1.112,1.111,1.111,11196.1
2023-03-19 08:24:00,1679214240.0,1.111,1.111,1.11,1.11,5038.2
2023-03-19 08:25:00,1679214300.0,1.109,1.109,1.108,1.108,1567.0
2023-03-19 08:26:00,1679214360.0,1.109,1.111,1.109,1.111,1362.7
2023-03-19 08:27:00,1679214420.0,1.111,1.111,1.109,1.111,2948.2
2023-03-19 08:28:00,1679214480.0,1.111,1.112,1.11,1.11,2814.8
2023-03-19 08:29:00,1679214540.0,1.11,1.11,1.109,1.109,5250.7
2023-03-19 08:30:00,1679214600.0,1.108,1.108,1.108,1.108,156.4
2023-03-19 08:31:00,1679214660.0,1.107,1.11,1.107,1.11,1362.5
2023-03-19 08:32:00,1679214720.0,1.11,1.111,1.11,1.111,302.0
2023-03-19 08:33:00,1679214780.0,1.111,1.112,1.11,1.11,5359.7
2023-03-19 08:34:00,1679214840.0,1.11,1.111,1.11,1.11,5712.7
2023-03-19 08:35:00,1679214900.0,1.11,1.11,1.11,1.11,4135.5
2023-03-19 08:36:00,1679214960.0,1.11,1.111,1.11,1.11,2028.7
2023-03-19 08:37:00,1679215020.0,1.109,1.109,1.109,1.109,51.1
2023-03-19 08:38:00,1679215080.0,1.109,1.109,1.108,1.108,3014.3
2023-03-19 08:39:00,1679215140.0,1.109,1.109,1.109,1.109,8335.9
2023-03-19 08:40:00,1679215200.0,1.11,1.111,1.11,1.11,4614.7
2023-03-19 08:41:00,1679215260.0,1.11,1.111,1.109,1.109,2685.1
2023-03-19 08:42:00,1679215320.0,1.109,1.109,1.108,1.109,1428.7
2023-03-19 08:43:00,1679215380.0,1.108,1.111,1.107,1.111,2182.1
2023-03-19 08:44:00,1679215440.0,1.11,1.11,1.11,1.11,5872.8
2023-03-19 08:45:00,1679215500.0,1.109,1.111,1.109,1.111,5319.5
2023-03-19 08:46:00,1679215560.0,1.11,1.11,1.109,1.109,2184.0
2023-03-19 08:47:00,1679215620.0,1.109,1.109,1.109,1.109,196.7
2023-03-19 08:48:00,1679215680.0,1.11,1.11,1.109,1.109,10006.8
2023-03-19 08:49:00,1679215740.0,1.109,1.11,1.109,1.11,1184.8
2023-03-19 08:50:00,1679215800.0,1.11,1.111,1.109,1.109,40166.3
2023-03-19 08:51:00,1679215860.0,1.11,1.111,1.11,1.111,2010.4
2023-03-19 08:52:00,1679215920.0,1.111,1.111,1.111,1.111,1428.2
2023-03-19 08:53:00,1679215980.0,1.11,1.11,1.109,1.109,15360.2
2023-03-19 08:54:00,1679216040.0,1.109,1.109,1.109,1.109,0.0
2023-03-19 08:55:00,1679216100.0,1.108,1.109,1.108,1.109,1656.6
2023-03-19 08:56:00,1679216160.0,1.108,1.108,1.107,1.107,17177.6
2023-03-19 08:57:00,1679216220.0,1.106,1.106,1.105,1.105,6039.7
2023-03-19 08:58:00,1679216280.0,1.105,1.105,1.104,1.104,10597.6
2023-03-19 08:59:00,1679216340.0,1.104,1.106,1.104,1.106,11913.7
2023-03-19 09:00:00,1679216400.0,1.106,1.106,1.104,1.106,8013.8
2023-03-19 09:01:00,1679216460.0,1.105,1.106,1.105,1.106,10979.2
2023-03-19 09:02:00,1679216520.0,1.106,1.106,1.105,1.106,2180.1
2023-03-19 09:03:00,1679216580.0,1.106,1.106,1.105,1.105,5898.2
2023-03-19 09:04:00,1679216640.0,1.105,1.107,1.105,1.107,1069.6
2023-03-19 09:05:00,1679216700.0,1.106,1.108,1.106,1.108,154.9
2023-03-19 09:06:00,1679216760.0,1.109,1.109,1.108,1.108,15332.6
2023-03-19 09:07:00,1679216820.0,1.108,1.11,1.108,1.11,4620.6
2023-03-19 09:08:00,1679216880.0,1.109,1.109,1.107,1.107,56146.4
2023-03-19 09:09:00,1679216940.0,1.107,1.107,1.105,1.107,1029.4
2023-03-19 09:10:00,1679217000.0,1.107,1.107,1.107,1.107,0.0
2023-03-19 09:11:00,1679217060.0,1.108,1.108,1.106,1.106,18143.7
2023-03-19 09:12:00,1679217120.0,1.106,1.106,1.105,1.105,2392.8
2023-03-19 09:13:00,1679217180.0,1.105,1.105,1.104,1.105,5390.2
2023-03-19 09:14:00,1679217240.0,1.105,1.105,1.104,1.104,3690.6
2023-03-19 09:15:00,1679217300.0,1.105,1.105,1.105,1.105,1759.9
2023-03-19 09:16:00,1679217360.0,1.104,1.104,1.104,1.104,1425.9
2023-03-19 09:17:00,1679217420.0,1.104,1.105,1.104,1.105,16295.0
2023-03-19 09:18:00,1679217480.0,1.104,1.105,1.104,1.105,3272.6
2023-03-19 09:19:00,1679217540.0,1.106,1.107,1.106,1.107,3156.3
2023-03-19 09:20:00,1679217600.0,1.107,1.107,1.107,1.107,555.4
2023-03-19 09:21:00,1679217660.0,1.106,1.106,1.105,1.106,10194.1
2023-03-19 09:22:00,1679217720.0,1.107,1.107,1.106,1.107,10750.4
2023-03-19 09:23:00,1679217780.0,1.106,1.107,1.106,1.107,72.0
2023-03-19 09:24:00,1679217840.0,1.106,1.106,1.106,1.106,4567.9
2023-03-19 09:25:00,1679217900.0,1.106,1.106,1.105,1.105,16954.0
2023-03-19 09:26:00,1679217960.0,1.105,1.106,1.105,1.105,912.6
2023-03-19 09:27:00,1679218020.0,1.105,1.106,1.105,1.106,4664.3
2023-03-19 09:28:00,1679218080.0,1.106,1.107,1.106,1.107,258.7
2023-03-19 09:29:00,1679218140.0,1.107,1.107,1.105,1.105,10715.8
2023-03-19 09:30:00,1679218200.0,1.105,1.106,1.105,1.105,13167.4
2023-03-19 09:31:00,1679218260.0,1.105,1.105,1.105,1.105,2741.1
2023-03-19 09:32:00,1679218320.0,1.105,1.106,1.105,1.106,9487.5
2023-03-19 09:33:00,1679218380.0,1.107,1.109,1.107,1.109,1940.4
2023-03-19 09:34:00,1679218440.0,1.109,1.109,1.108,1.109,12299.4
2023-03-19 09:35:00,1679218500.0,1.109,1.109,1.108,1.108,2819.2
2023-03-19 09:36:00,1679218560.0,1.109,1.109,1.109,1.109,6515.6
2023-03-19 09:37:00,1679218620.0,1.109,1.109,1.108,1.108,7093.7
2023-03-19 09:38:00,1679218680.0,1.109,1.109,1.108,1.109,1160.6
2023-03-19 09:39:00,1679218740.0,1.11,1.11,1.109,1.109,5265.5
2023-03-19 09:40:00,1679218800.0,1.11,1.111,1.11,1.11,2721.5
2023-03-19 09:41:00,1679218860.0,1.11,1.111,1.11,1.111,7874.2
2023-03-19 09:42:00,1679218920.0,1.111,1.111,1.11,1.111,11790.6
2023-03-19 09:43:00,1679218980.0,1.11,1.112,1.11,1.112,4505.0
2023-03-19 09:44:00,1679219040.0,1.111,1.111,1.11,1.111,7043.4
2023-03-19 09:45:00,1679219100.0,1.111,1.111,1.11,1.11,3628.6
2023-03-19 09:46:00,1679219160.0,1.109,1.109,1.109,1.109,998.0
2023-03-19 09:47:00,1679219220.0,1.109,1.11,1.108,1.109,2850.1
2023-03-19 09:48:00,1679219280.0,1.109,1.11,1.109,1.11,4855.0
2023-03-19 09:49:00,1679219340.0,1.11,1.11,1.11,1.11,380.5
2023-03-19 09:50:00,1679219400.0,1.109,1.109,1.109,1.109,7782.8
2023-03-19 09:51:00,1679219460.0,1.11,1.11,1.11,1.11,4027.8
2023-03-19 09:52:00,1679219520.0,1.11,1.112,1.11,1.112,3700.8
2023-03-19 09:53:00,1679219580.0,1.112,1.113,1.111,1.111,16824.3
2023-03-19 09:54:00,1679219640.0,1.111,1.111,1.111,1.111,18.9
2023-03-19 09:55:00,1679219700.0,1.111,1.112,1.11,1.11,11308.5
2023-03-19 09:56:00,1679219760.0,1.111,1.111,1.111,1.111,1659.3
2023-03-19 09:57:00,1679219820.0,1.111,1.111,1.111,1.111,86.1
2023-03-19 09:58:00,1679219880.0,1.111,1.112,1.11,1.11,19366.4
2023-03-19 09:59:00,1679219940.0,1.111,1.111,1.11,1.11,10240.7
2023-03-19 10:00:00,1679220000.0,1.11,1.11,1.11,1.11,5142.1
2023-03-19 10:01:00,1679220060.0,1.11,1.112,1.11,1.112,743.3
2023-03-19 10:02:00,1679220120.0,1.111,1.114,1.111,1.113,16812.3
2023-03-19 10:03:00,1679220180.0,1.113,1.114,1.113,1.114,7836.6
2023-03-19 10:04:00,1679220240.0,1.114,1.114,1.111,1.112,55761.2
2023-03-19 10:05:00,1679220300.0,1.112,1.112,1.111,1.111,11180.6
2023-03-19 10:06:00,1679220360.0,1.111,1.113,1.111,1.113,10912.5
2023-03-19 10:07:00,1679220420.0,1.112,1.112,1.11,1.111,12091.7
2023-03-19 10:08:00,1679220480.0,1.111,1.111,1.109,1.109,4437.1
2023-03-19 10:09:00,1679220540.0,1.11,1.111,1.109,1.111,13492.4
2023-03-19 10:10:00,1679220600.0,1.111,1.111,1.11,1.111,13736.1
2023-03-19 10:11:00,1679220660.0,1.111,1.112,1.111,1.112,3430.8
2023-03-19 10:12:00,1679220720.0,1.111,1.112,1.111,1.112,943.4
2023-03-19 10:13:00,1679220780.0,1.112,1.112,1.11,1.11,5501.7
2023-03-19 10:14:00,1679220840.0,1.111,1.111,1.11,1.111,1528.0
2023-03-19 10:15:00,1679220900.0,1.11,1.11,1.11,1.11,4674.2
2023-03-19 10:16:00,1679220960.0,1.11,1.11,1.11,1.11,5970.4
2023-03-19 10:17:00,1679221020.0,1.11,1.11,1.11,1.11,43.4
2023-03-19 10:18:00,1679221080.0,1.109,1.11,1.109,1.11,17798.9
2023-03-19 10:19:00,1679221140.0,1.11,1.11,1.11,1.11,570.3
2023-03-19 10:20:00,1679221200.0,1.11,1.11,1.109,1.109,124.2
2023-03-19 10:21:00,1679221260.0,1.11,1.111,1.11,1.111,1702.3
2023-03-19 10:22:00,1679221320.0,1.112,1.114,1.112,1.113,15909.9
2023-03-19 10:23:00,1679221380.0,1.114,1.114,1.113,1.114,10814.6
2023-03-19 10:24:00,1679221440.0,1.114,1.115,1.114,1.114,17764.2
2023-03-19 10:25:00,1679221500.0,1.114,1.115,1.114,1.114,7334.5
2023-03-19 10:26:00,1679221560.0,1.114,1.114,1.114,1.114,8018.8
2023-03-19 10:27:00,1679221620.0,1.113,1.113,1.113,1.113,21.0
2023-03-19 10:28:00,1679221680.0,1.114,1.114,1.114,1.114,4125.8
2023-03-19 10:29:00,1679221740.0,1.114,1.116,1.114,1.115,11698.1
2023-03-19 10:30:00,1679221800.0,1.114,1.114,1.113,1.113,2634.0
2023-03-19 10:31:00,1679221860.0,1.112,1.113,1.112,1.113,107.7
2023-03-19 10:32:00,1679221920.0,1.113,1.113,1.113,1.113,1231.2
2023-03-19 10:33:00,1679221980.0,1.114,1.114,1.114,1.114,2208.8
2023-03-19 10:34:00,1679222040.0,1.114,1.114,1.112,1.112,6924.9
2023-03-19 10:35:00,1679222100.0,1.113,1.113,1.113,1.113,1440.4
2023-03-19 10:36:00,1679222160.0,1.114,1.114,1.114,1.114,70.6
2023-03-19 10:37:00,1679222220.0,1.114,1.114,1.114,1.114,0.0
2023-03-19 10:38:00,1679222280.0,1.114,1.115,1.114,1.114,961.4
2023-03-19 10:39:00,1679222340.0,1.114,1.114,1.113,1.113,6424.8
2023-03-19 10:40:00,1679222400.0,1.113,1.113,1.113,1.113,0.0
2023-03-19 10:41:00,1679222460.0,1.113,1.113,1.111,1.112,941.7
2023-03-19 10:42:00,1679222520.0,1.112,1.112,1.112,1.112,167.3
2023-03-19 10:43:00,1679222580.0,1.112,1.112,1.112,1.112,604.9
2023-03-19 10:44:00,1679222640.0,1.113,1.113,1.113,1.113,18.6
2023-03-19 10:45:00,1679222700.0,1.112,1.114,1.112,1.113,951.7
2023-03-19 10:46:00,1679222760.0,1.113,1.114,1.113,1.113,1811.0
2023-03-19 10:47:00,1679222820.0,1.113,1.113,1.113,1.113,4722.7
2023-03-19 10:48:00,1679222880.0,1.113,1.113,1.113,1.113,1305.9
2023-03-19 10:49:00,1679222940.0,1.112,1.112,1.11,1.111,2615.6
2023-03-19 10:50:00,1679223000.0,1.11,1.11,1.11,1.11,6799.0
2023-03-19 10:51:00,1679223060.0,1.11,1.11,1.11,1.11,0.0
2023-03-19 10:52:00,1679223120.0,1.11,1.111,1.109,1.111,5702.4
2023-03-19 10:53:00,1679223180.0,1.112,1.112,1.112,1.112,3148.8
2023-03-19 10:54:00,1679223240.0,1.112,1.112,1.111,1.112,12484.9
2023-03-19 10:55:00,1679223300.0,1.112,1.112,1.112,1.112,13.6
2023-03-19 10:56:00,1679223360.0,1.112,1.114,1.112,1.114,1398.8
2023-03-19 10:57:00,1679223420.0,1.113,1.113,1.113,1.113,2354.3
2023-03-19 10:58:00,1679223480.0,1.113,1.114,1.112,1.112,3008.8
2023-03-19 10:59:00,1679223540.0,1.112,1.113,1.112,1.112,7429.1
2023-03-19 11:00:00,1679223600.0,1.112,1.112,1.111,1.112,1152.7
2023-03-19 11:01:00,1679223660.0,1.113,1.113,1.112,1.113,342.8
2023-03-19 11:02:00,1679223720.0,1.115,1.115,1.112,1.113,10861.6
2023-03-19 11:03:00,1679223780.0,1.112,1.112,1.11,1.11,1394.8
2023-03-19 11:04:00,1679223840.0,1.109,1.11,1.109,1.109,11525.1
2023-03-19 11:05:00,1679223900.0,1.109,1.11,1.108,1.11,7040.4
2023-03-19 11:06:00,1679223960.0,1.109,1.109,1.106,1.106,31110.2
2023-03-19 11:07:00,1679224020.0,1.107,1.109,1.105,1.109,40497.8
2023-03-19 11:08:00,1679224080.0,1.109,1.111,1.109,1.111,18127.9
2023-03-19 11:09:00,1679224140.0,1.112,1.113,1.112,1.113,26425.4
2023-03-19 11:10:00,1679224200.0,1.113,1.115,1.113,1.115,20679.7
2023-03-19 11:11:00,1679224260.0,1.114,1.117,1.114,1.117,37091.6
2023-03-19 11:12:00,1679224320.0,1.117,1.122,1.116,1.122,86679.1
2023-03-19 11:13:00,1679224380.0,1.122,1.125,1.121,1.125,112201.2
2023-03-19 11:14:00,1679224440.0,1.124,1.129,1.124,1.128,38441.8
2023-03-19 11:15:00,1679224500.0,1.129,1.13,1.125,1.126,79749.1
2023-03-19 11:16:00,1679224560.0,1.126,1.131,1.125,1.131,49587.2
2023-03-19 11:17:00,1679224620.0,1.13,1.135,1.13,1.134,40777.3
2023-03-19 11:18:00,1679224680.0,1.133,1.138,1.132,1.136,242270.9
2023-03-19 11:19:00,1679224740.0,1.136,1.137,1.128,1.13,137788.1
2023-03-19 11:20:00,1679224800.0,1.129,1.132,1.129,1.132,33945.8
2023-03-19 11:21:00,1679224860.0,1.132,1.133,1.131,1.131,114704.9
2023-03-19 11:22:00,1679224920.0,1.132,1.132,1.129,1.129,71248.9
2023-03-19 11:23:00,1679224980.0,1.129,1.129,1.126,1.126,17638.7
2023-03-19 11:24:00,1679225040.0,1.127,1.127,1.125,1.125,33369.4
2023-03-19 11:25:00,1679225100.0,1.126,1.127,1.124,1.125,25696.5
2023-03-19 11:26:00,1679225160.0,1.125,1.126,1.125,1.126,7030.9
2023-03-19 11:27:00,1679225220.0,1.127,1.128,1.127,1.127,38334.4
2023-03-19 11:28:00,1679225280.0,1.127,1.127,1.126,1.127,9772.0
2023-03-19 11:29:00,1679225340.0,1.127,1.129,1.126,1.129,29179.5
2023-03-19 11:30:00,1679225400.0,1.129,1.135,1.129,1.135,37137.5
2023-03-19 11:31:00,1679225460.0,1.135,1.136,1.133,1.134,28832.6
2023-03-19 11:32:00,1679225520.0,1.134,1.135,1.133,1.134,21785.3
2023-03-19 11:33:00,1679225580.0,1.134,1.137,1.134,1.134,114838.8
2023-03-19 11:34:00,1679225640.0,1.134,1.134,1.131,1.131,26481.1
2023-03-19 11:35:00,1679225700.0,1.132,1.134,1.129,1.13,48843.0
2023-03-19 11:36:00,1679225760.0,1.129,1.134,1.129,1.132,65853.2
2023-03-19 11:37:00,1679225820.0,1.132,1.133,1.131,1.131,51358.2
2023-03-19 11:38:00,1679225880.0,1.131,1.133,1.131,1.132,10818.7
2023-03-19 11:39:00,1679225940.0,1.133,1.133,1.132,1.132,7619.7
2023-03-19 11:40:00,1679226000.0,1.132,1.132,1.131,1.131,15316.7
2023-03-19 11:41:00,1679226060.0,1.132,1.133,1.13,1.131,30373.0
2023-03-19 11:42:00,1679226120.0,1.131,1.131,1.127,1.128,65901.6
2023-03-19 11:43:00,1679226180.0,1.128,1.13,1.128,1.129,24842.3
2023-03-19 11:44:00,1679226240.0,1.129,1.133,1.129,1.133,30883.7
2023-03-19 11:45:00,1679226300.0,1.133,1.135,1.133,1.134,56985.6
2023-03-19 11:46:00,1679226360.0,1.134,1.136,1.134,1.134,19174.8
2023-03-19 11:47:00,1679226420.0,1.135,1.135,1.133,1.135,22112.5
2023-03-19 11:48:00,1679226480.0,1.134,1.137,1.134,1.135,26124.7
2023-03-19 11:49:00,1679226540.0,1.135,1.137,1.135,1.137,18443.7
2023-03-19 11:50:00,1679226600.0,1.136,1.137,1.135,1.136,57037.9
2023-03-19 11:51:00,1679226660.0,1.136,1.137,1.134,1.135,53809.2
2023-03-19 11:52:00,1679226720.0,1.135,1.137,1.135,1.137,6108.4
2023-03-19 11:53:00,1679226780.0,1.137,1.138,1.137,1.138,12102.4
2023-03-19 11:54:00,1679226840.0,1.138,1.139,1.133,1.134,35826.0
2023-03-19 11:55:00,1679226900.0,1.133,1.134,1.133,1.134,17202.7
2023-03-19 11:56:00,1679226960.0,1.134,1.136,1.134,1.135,7078.9
2023-03-19 11:57:00,1679227020.0,1.135,1.136,1.134,1.134,24466.2
2023-03-19 11:58:00,1679227080.0,1.134,1.135,1.133,1.133,13630.4
2023-03-19 11:59:00,1679227140.0,1.134,1.134,1.133,1.134,4982.6
2023-03-19 12:00:00,1679227200.0,1.133,1.135,1.133,1.133,8263.5
2023-03-19 12:01:00,1679227260.0,1.134,1.136,1.133,1.134,11998.2
2023-03-19 12:02:00,1679227320.0,1.134,1.135,1.134,1.135,18941.5
2023-03-19 12:03:00,1679227380.0,1.135,1.135,1.134,1.134,82.6
2023-03-19 12:04:00,1679227440.0,1.135,1.136,1.135,1.135,6165.3
2023-03-19 12:05:00,1679227500.0,1.136,1.137,1.135,1.136,12254.3
2023-03-19 12:06:00,1679227560.0,1.136,1.137,1.135,1.136,10957.6
2023-03-19 12:07:00,1679227620.0,1.137,1.138,1.137,1.138,15183.8
2023-03-19 12:08:00,1679227680.0,1.138,1.138,1.136,1.136,28020.5
2023-03-19 12:09:00,1679227740.0,1.136,1.137,1.136,1.137,2814.6
2023-03-19 12:10:00,1679227800.0,1.136,1.136,1.135,1.135,7210.8
2023-03-19 12:11:00,1679227860.0,1.135,1.135,1.135,1.135,5717.0
2023-03-19 12:12:00,1679227920.0,1.135,1.135,1.131,1.131,22060.1
2023-03-19 12:13:00,1679227980.0,1.132,1.133,1.131,1.133,9671.7
2023-03-19 12:14:00,1679228040.0,1.133,1.135,1.133,1.135,10658.1
2023-03-19 12:15:00,1679228100.0,1.135,1.136,1.132,1.132,16767.0
2023-03-19 12:16:00,1679228160.0,1.131,1.132,1.131,1.131,4533.7
2023-03-19 12:17:00,1679228220.0,1.131,1.133,1.13,1.131,34895.1
2023-03-19 12:18:00,1679228280.0,1.131,1.132,1.13,1.131,18734.9
2023-03-19 12:19:00,1679228340.0,1.131,1.131,1.131,1.131,1846.5
2023-03-19 12:20:00,1679228400.0,1.131,1.133,1.131,1.133,15320.9
2023-03-19 12:21:00,1679228460.0,1.133,1.133,1.131,1.131,13881.2
2023-03-19 12:22:00,1679228520.0,1.131,1.131,1.129,1.131,5045.8
2023-03-19 12:23:00,1679228580.0,1.13,1.131,1.13,1.131,20005.2
2023-03-19 12:24:00,1679228640.0,1.131,1.132,1.131,1.132,2905.0
2023-03-19 12:25:00,1679228700.0,1.132,1.133,1.132,1.133,177.6
2023-03-19 12:26:00,1679228760.0,1.133,1.133,1.131,1.132,44373.8
2023-03-19 12:27:00,1679228820.0,1.13,1.132,1.13,1.131,639.6
2023-03-19 12:28:00,1679228880.0,1.132,1.132,1.13,1.13,16501.4
2023-03-19 12:29:00,1679228940.0,1.13,1.131,1.129,1.131,8494.2
2023-03-19 12:30:00,1679229000.0,1.131,1.132,1.13,1.13,14001.7
2023-03-19 12:31:00,1679229060.0,1.131,1.131,1.13,1.13,1012.0
2023-03-19 12:32:00,1679229120.0,1.131,1.132,1.13,1.132,16265.2
2023-03-19 12:33:00,1679229180.0,1.133,1.133,1.132,1.132,49.2
2023-03-19 12:34:00,1679229240.0,1.133,1.133,1.132,1.132,7866.8
2023-03-19 12:35:00,1679229300.0,1.132,1.132,1.131,1.132,11426.2
2023-03-19 12:36:00,1679229360.0,1.132,1.132,1.13,1.132,994.3
2023-03-19 12:37:00,1679229420.0,1.132,1.133,1.132,1.133,26954.4
2023-03-19 12:38:00,1679229480.0,1.133,1.133,1.132,1.132,8740.2
2023-03-19 12:39:00,1679229540.0,1.132,1.132,1.132,1.132,547.7
2023-03-19 12:40:00,1679229600.0,1.133,1.133,1.131,1.131,7998.1
2023-03-19 12:41:00,1679229660.0,1.132,1.133,1.132,1.133,3711.6
2023-03-19 12:42:00,1679229720.0,1.133,1.133,1.132,1.132,8114.7
2023-03-19 12:43:00,1679229780.0,1.132,1.133,1.132,1.132,8620.8
2023-03-19 12:44:00,1679229840.0,1.132,1.133,1.132,1.133,3474.7
2023-03-19 12:45:00,1679229900.0,1.133,1.133,1.132,1.132,6703.7
2023-03-19 12:46:00,1679229960.0,1.132,1.135,1.132,1.134,47575.5
2023-03-19 12:47:00,1679230020.0,1.134,1.134,1.132,1.133,2809.4
2023-03-19 12:48:00,1679230080.0,1.133,1.133,1.131,1.132,4784.9
2023-03-19 12:49:00,1679230140.0,1.131,1.132,1.131,1.132,28113.6
2023-03-19 12:50:00,1679230200.0,1.132,1.133,1.132,1.132,3906.6
2023-03-19 12:51:00,1679230260.0,1.132,1.132,1.131,1.131,5300.3
2023-03-19 12:52:00,1679230320.0,1.131,1.131,1.13,1.13,1210.6
2023-03-19 12:53:00,1679230380.0,1.131,1.131,1.131,1.131,5015.1
2023-03-19 12:54:00,1679230440.0,1.131,1.132,1.131,1.132,4821.4
2023-03-19 12:55:00,1679230500.0,1.132,1.132,1.131,1.131,9400.0
2023-03-19 12:56:00,1679230560.0,1.132,1.132,1.132,1.132,304.3
2023-03-19 12:57:00,1679230620.0,1.132,1.133,1.132,1.133,1451.8
2023-03-19 12:58:00,1679230680.0,1.133,1.133,1.133,1.133,1505.3
2023-03-19 12:59:00,1679230740.0,1.133,1.134,1.133,1.134,5003.4
2023-03-19 13:00:00,1679230800.0,1.134,1.135,1.133,1.133,16678.2
2023-03-19 13:01:00,1679230860.0,1.133,1.135,1.133,1.134,2290.3
2023-03-19 13:02:00,1679230920.0,1.134,1.134,1.133,1.133,4092.7
2023-03-19 13:03:00,1679230980.0,1.133,1.135,1.133,1.134,17252.2
2023-03-19 13:04:00,1679231040.0,1.133,1.133,1.132,1.132,533.9
2023-03-19 13:05:00,1679231100.0,1.132,1.133,1.132,1.132,1564.9
2023-03-19 13:06:00,1679231160.0,1.132,1.134,1.132,1.133,7527.5
2023-03-19 13:07:00,1679231220.0,1.133,1.133,1.13,1.131,9407.3
2023-03-19 13:08:00,1679231280.0,1.131,1.131,1.129,1.129,4989.2
2023-03-19 13:09:00,1679231340.0,1.129,1.13,1.128,1.13,13343.6
2023-03-19 13:10:00,1679231400.0,1.129,1.131,1.128,1.13,31010.0
2023-03-19 13:11:00,1679231460.0,1.131,1.133,1.131,1.133,2980.6
2023-03-19 13:12:00,1679231520.0,1.133,1.134,1.132,1.132,16406.3
2023-03-19 13:13:00,1679231580.0,1.132,1.134,1.132,1.132,5954.7
2023-03-19 13:14:00,1679231640.0,1.134,1.135,1.133,1.134,10010.1
2023-03-19 13:15:00,1679231700.0,1.133,1.135,1.133,1.134,7841.1
2023-03-19 13:16:00,1679231760.0,1.135,1.135,1.134,1.134,9828.9
2023-03-19 13:17:00,1679231820.0,1.134,1.134,1.133,1.133,1403.6
2023-03-19 13:18:00,1679231880.0,1.134,1.134,1.134,1.134,22351.8
2023-03-19 13:19:00,1679231940.0,1.135,1.135,1.134,1.135,7342.5
2023-03-19 13:20:00,1679232000.0,1.135,1.136,1.135,1.136,9920.2
2023-03-19 13:21:00,1679232060.0,1.137,1.138,1.136,1.136,60418.9
2023-03-19 13:22:00,1679232120.0,1.137,1.14,1.137,1.139,71030.4
2023-03-19 13:23:00,1679232180.0,1.138,1.14,1.138,1.139,17970.2
2023-03-19 13:24:00,1679232240.0,1.139,1.14,1.138,1.14,2236.1
2023-03-19 13:25:00,1679232300.0,1.139,1.143,1.139,1.142,27047.5
2023-03-19 13:26:00,1679232360.0,1.142,1.149,1.142,1.148,69403.1
2023-03-19 13:27:00,1679232420.0,1.148,1.148,1.147,1.148,8019.1
2023-03-19 13:28:00,1679232480.0,1.149,1.155,1.149,1.154,119126.6
2023-03-19 13:29:00,1679232540.0,1.154,1.157,1.153,1.156,64830.2
2023-03-19 13:30:00,1679232600.0,1.156,1.162,1.156,1.161,129546.4
2023-03-19 13:31:00,1679232660.0,1.161,1.164,1.159,1.16,120131.0
2023-03-19 13:32:00,1679232720.0,1.16,1.163,1.158,1.158,73516.5
2023-03-19 13:33:00,1679232780.0,1.158,1.161,1.158,1.161,27199.0
2023-03-19 13:34:00,1679232840.0,1.161,1.162,1.158,1.159,63951.1
2023-03-19 13:35:00,1679232900.0,1.159,1.16,1.157,1.157,12976.3
2023-03-19 13:36:00,1679232960.0,1.158,1.164,1.158,1.161,56206.7
2023-03-19 13:37:00,1679233020.0,1.162,1.167,1.162,1.163,121604.5
2023-03-19 13:38:00,1679233080.0,1.163,1.164,1.156,1.156,66187.7
2023-03-19 13:39:00,1679233140.0,1.157,1.157,1.151,1.153,48273.8
2023-03-19 13:40:00,1679233200.0,1.153,1.156,1.152,1.153,65375.6
2023-03-19 13:41:00,1679233260.0,1.152,1.153,1.151,1.152,22053.3
2023-03-19 13:42:00,1679233320.0,1.151,1.151,1.148,1.149,58749.6
2023-03-19 13:43:00,1679233380.0,1.15,1.152,1.149,1.152,33382.7
2023-03-19 13:44:00,1679233440.0,1.151,1.151,1.149,1.149,9405.7
2023-03-19 13:45:00,1679233500.0,1.148,1.151,1.148,1.148,16239.0
2023-03-19 13:46:00,1679233560.0,1.148,1.15,1.147,1.148,14072.3
2023-03-19 13:47:00,1679233620.0,1.148,1.149,1.148,1.148,4834.1
2023-03-19 13:48:00,1679233680.0,1.149,1.149,1.147,1.147,1873.8
2023-03-19 13:49:00,1679233740.0,1.148,1.148,1.144,1.146,18148.2
2023-03-19 13:50:00,1679233800.0,1.145,1.15,1.144,1.149,13329.3
2023-03-19 13:51:00,1679233860.0,1.148,1.148,1.147,1.147,10703.9
2023-03-19 13:52:00,1679233920.0,1.147,1.148,1.146,1.148,17632.6
2023-03-19 13:53:00,1679233980.0,1.147,1.149,1.147,1.148,5503.4
2023-03-19 13:54:00,1679234040.0,1.149,1.149,1.148,1.149,4830.8
2023-03-19 13:55:00,1679234100.0,1.149,1.151,1.148,1.151,13026.0
2023-03-19 13:56:00,1679234160.0,1.151,1.151,1.149,1.149,11088.8
2023-03-19 13:57:00,1679234220.0,1.15,1.15,1.149,1.149,7498.7
2023-03-19 13:58:00,1679234280.0,1.15,1.151,1.149,1.149,6210.9
2023-03-19 13:59:00,1679234340.0,1.15,1.15,1.149,1.15,5917.5
2023-03-19 14:00:00,1679234400.0,1.149,1.15,1.149,1.15,2470.8
2023-03-19 14:01:00,1679234460.0,1.15,1.151,1.15,1.151,15792.2
2023-03-19 14:02:00,1679234520.0,1.151,1.152,1.151,1.151,6772.7
2023-03-19 14:03:00,1679234580.0,1.152,1.152,1.149,1.15,11666.0
2023-03-19 14:04:00,1679234640.0,1.149,1.15,1.149,1.15,6736.1
2023-03-19 14:05:00,1679234700.0,1.15,1.151,1.15,1.15,24237.3
2023-03-19 14:06:00,1679234760.0,1.15,1.15,1.149,1.149,2972.6
2023-03-19 14:07:00,1679234820.0,1.15,1.152,1.15,1.151,6064.8
2023-03-19 14:08:00,1679234880.0,1.15,1.15,1.15,1.15,4991.9
2023-03-19 14:09:00,1679234940.0,1.15,1.151,1.149,1.151,15516.0
2023-03-19 14:10:00,1679235000.0,1.15,1.151,1.15,1.151,1161.0
2023-03-19 14:11:00,1679235060.0,1.151,1.153,1.151,1.153,91672.8
2023-03-19 14:12:00,1679235120.0,1.154,1.154,1.151,1.152,17425.0
2023-03-19 14:13:00,1679235180.0,1.152,1.152,1.149,1.15,23453.3
2023-03-19 14:14:00,1679235240.0,1.15,1.154,1.15,1.152,62869.5
2023-03-19 14:15:00,1679235300.0,1.152,1.154,1.151,1.152,11589.1
2023-03-19 14:16:00,1679235360.0,1.152,1.154,1.151,1.154,6861.3
2023-03-19 14:17:00,1679235420.0,1.154,1.155,1.154,1.155,17423.0
2023-03-19 14:18:00,1679235480.0,1.154,1.154,1.152,1.153,2954.4
2023-03-19 14:19:00,1679235540.0,1.152,1.153,1.152,1.152,10783.1
2023-03-19 14:20:00,1679235600.0,1.152,1.152,1.151,1.151,1921.1
2023-03-19 14:21:00,1679235660.0,1.152,1.152,1.15,1.15,11204.5
2023-03-19 14:22:00,1679235720.0,1.149,1.15,1.148,1.149,22093.2
2023-03-19 14:23:00,1679235780.0,1.149,1.151,1.149,1.151,20779.7
2023-03-19 14:24:00,1679235840.0,1.152,1.153,1.151,1.153,26003.9
2023-03-19 14:25:00,1679235900.0,1.152,1.152,1.152,1.152,4543.6
2023-03-19 14:26:00,1679235960.0,1.152,1.153,1.152,1.153,9382.0
2023-03-19 14:27:00,1679236020.0,1.153,1.153,1.152,1.153,13800.7
2023-03-19 14:28:00,1679236080.0,1.152,1.152,1.151,1.152,29466.9
2023-03-19 14:29:00,1679236140.0,1.151,1.154,1.151,1.154,12747.9
2023-03-19 14:30:00,1679236200.0,1.153,1.156,1.153,1.154,23697.5
2023-03-19 14:31:00,1679236260.0,1.154,1.154,1.153,1.153,1580.5
2023-03-19 14:32:00,1679236320.0,1.153,1.153,1.152,1.153,5713.7
2023-03-19 14:33:00,1679236380.0,1.153,1.156,1.152,1.156,12896.8
2023-03-19 14:34:00,1679236440.0,1.155,1.157,1.155,1.157,8680.7
2023-03-19 14:35:00,1679236500.0,1.156,1.161,1.155,1.161,39749.5
2023-03-19 14:36:00,1679236560.0,1.162,1.174,1.162,1.172,152260.4
2023-03-19 14:37:00,1679236620.0,1.172,1.175,1.168,1.168,94017.8
2023-03-19 14:38:00,1679236680.0,1.169,1.172,1.169,1.171,114051.7
2023-03-19 14:39:00,1679236740.0,1.171,1.172,1.166,1.168,36025.5
2023-03-19 14:40:00,1679236800.0,1.168,1.168,1.165,1.165,26737.5
2023-03-19 14:41:00,1679236860.0,1.166,1.168,1.165,1.168,29470.6
2023-03-19 14:42:00,1679236920.0,1.168,1.172,1.167,1.17,52026.0
2023-03-19 14:43:00,1679236980.0,1.17,1.171,1.169,1.17,18059.7
2023-03-19 14:44:00,1679237040.0,1.171,1.175,1.17,1.173,61166.9
2023-03-19 14:45:00,1679237100.0,1.173,1.174,1.171,1.173,52208.2
2023-03-19 14:46:00,1679237160.0,1.173,1.177,1.172,1.176,145720.5
2023-03-19 14:47:00,1679237220.0,1.175,1.176,1.171,1.171,72977.8
2023-03-19 14:48:00,1679237280.0,1.171,1.173,1.169,1.172,40965.3
2023-03-19 14:49:00,1679237340.0,1.171,1.175,1.17,1.175,67520.8
2023-03-19 14:50:00,1679237400.0,1.175,1.177,1.175,1.177,46890.6
2023-03-19 14:51:00,1679237460.0,1.177,1.178,1.175,1.177,53934.2
2023-03-19 14:52:00,1679237520.0,1.177,1.177,1.171,1.172,61492.8
2023-03-19 14:53:00,1679237580.0,1.172,1.172,1.169,1.171,27160.0
2023-03-19 14:54:00,1679237640.0,1.171,1.171,1.166,1.168,128328.7
2023-03-19 14:55:00,1679237700.0,1.167,1.169,1.167,1.168,17908.1
2023-03-19 14:56:00,1679237760.0,1.168,1.169,1.166,1.167,21313.2
2023-03-19 14:57:00,1679237820.0,1.167,1.167,1.164,1.165,72561.0
2023-03-19 14:58:00,1679237880.0,1.165,1.168,1.165,1.168,35438.6
2023-03-19 14:59:00,1679237940.0,1.168,1.168,1.166,1.166,25701.7
2023-03-19 15:00:00,1679238000.0,1.166,1.169,1.166,1.169,6156.0
2023-03-19 15:01:00,1679238060.0,1.169,1.171,1.168,1.168,31457.5
2023-03-19 15:02:00,1679238120.0,1.168,1.17,1.168,1.168,12131.2
2023-03-19 15:03:00,1679238180.0,1.168,1.169,1.166,1.169,17811.0
2023-03-19 15:04:00,1679238240.0,1.169,1.17,1.165,1.168,182234.3
2023-03-19 15:05:00,1679238300.0,1.167,1.171,1.166,1.169,48565.7
2023-03-19 15:06:00,1679238360.0,1.169,1.17,1.168,1.169,20982.5
2023-03-19 15:07:00,1679238420.0,1.169,1.169,1.167,1.167,7911.9
2023-03-19 15:08:00,1679238480.0,1.166,1.167,1.163,1.166,91803.8
2023-03-19 15:09:00,1679238540.0,1.165,1.166,1.164,1.165,11478.3
2023-03-19 15:10:00,1679238600.0,1.165,1.167,1.164,1.167,104919.4
2023-03-19 15:11:00,1679238660.0,1.168,1.169,1.166,1.168,18885.9
2023-03-19 15:12:00,1679238720.0,1.167,1.168,1.164,1.166,30413.0
2023-03-19 15:13:00,1679238780.0,1.166,1.166,1.162,1.163,13231.7
2023-03-19 15:14:00,1679238840.0,1.164,1.164,1.161,1.163,4262.3
2023-03-19 15:15:00,1679238900.0,1.163,1.166,1.163,1.165,6572.8
2023-03-19 15:16:00,1679238960.0,1.165,1.166,1.165,1.166,18840.5
2023-03-19 15:17:00,1679239020.0,1.166,1.166,1.164,1.164,4677.0
2023-03-19 15:18:00,1679239080.0,1.164,1.165,1.164,1.164,10156.1
2023-03-19 15:19:00,1679239140.0,1.164,1.165,1.164,1.164,2863.6
2023-03-19 15:20:00,1679239200.0,1.164,1.167,1.164,1.166,11743.3
2023-03-19 15:21:00,1679239260.0,1.166,1.166,1.165,1.165,2394.4
2023-03-19 15:22:00,1679239320.0,1.166,1.166,1.166,1.166,3163.2
2023-03-19 15:23:00,1679239380.0,1.165,1.165,1.161,1.162,50706.6
2023-03-19 15:24:00,1679239440.0,1.161,1.161,1.158,1.161,49849.5
2023-03-19 15:25:00,1679239500.0,1.162,1.163,1.161,1.162,9061.9
2023-03-19 15:26:00,1679239560.0,1.163,1.163,1.162,1.163,6282.7
2023-03-19 15:27:00,1679239620.0,1.164,1.165,1.163,1.163,13191.0
2023-03-19 15:28:00,1679239680.0,1.162,1.164,1.162,1.163,22121.1
2023-03-19 15:29:00,1679239740.0,1.162,1.164,1.162,1.163,30120.6
2023-03-19 15:30:00,1679239800.0,1.163,1.163,1.161,1.161,8859.2
2023-03-19 15:31:00,1679239860.0,1.162,1.165,1.162,1.165,6197.5
2023-03-19 15:32:00,1679239920.0,1.165,1.165,1.163,1.164,12982.6
2023-03-19 15:33:00,1679239980.0,1.165,1.165,1.162,1.162,97856.1
2023-03-19 15:34:00,1679240040.0,1.163,1.163,1.162,1.162,18612.0
2023-03-19 15:35:00,1679240100.0,1.162,1.162,1.162,1.162,12387.7
2023-03-19 15:36:00,1679240160.0,1.161,1.163,1.161,1.162,3194.7
2023-03-19 15:37:00,1679240220.0,1.162,1.163,1.16,1.16,10552.7
2023-03-19 15:38:00,1679240280.0,1.16,1.16,1.159,1.159,12683.5
2023-03-19 15:39:00,1679240340.0,1.16,1.161,1.159,1.161,5015.9
2023-03-19 15:40:00,1679240400.0,1.161,1.161,1.16,1.161,20143.1
2023-03-19 15:41:00,1679240460.0,1.16,1.16,1.156,1.157,71193.0
2023-03-19 15:42:00,1679240520.0,1.158,1.159,1.158,1.158,28621.1
2023-03-19 15:43:00,1679240580.0,1.157,1.159,1.157,1.159,27063.0
2023-03-19 15:44:00,1679240640.0,1.158,1.159,1.158,1.159,6115.1
2023-03-19 15:45:00,1679240700.0,1.159,1.161,1.159,1.16,29363.7
2023-03-19 15:46:00,1679240760.0,1.16,1.16,1.159,1.159,9681.6
2023-03-19 15:47:00,1679240820.0,1.158,1.158,1.158,1.158,68.8
2023-03-19 15:48:00,1679240880.0,1.158,1.161,1.158,1.161,23713.3
2023-03-19 15:49:00,1679240940.0,1.161,1.162,1.161,1.162,19400.0
2023-03-19 15:50:00,1679241000.0,1.162,1.162,1.161,1.161,4233.1
2023-03-19 15:51:00,1679241060.0,1.161,1.162,1.161,1.161,17287.8
2023-03-19 15:52:00,1679241120.0,1.161,1.161,1.159,1.159,4356.9
2023-03-19 15:53:00,1679241180.0,1.16,1.161,1.16,1.16,7814.3
2023-03-19 15:54:00,1679241240.0,1.16,1.162,1.16,1.161,20220.5
2023-03-19 15:55:00,1679241300.0,1.161,1.162,1.161,1.162,10756.5
2023-03-19 15:56:00,1679241360.0,1.161,1.162,1.161,1.162,4176.6
2023-03-19 15:57:00,1679241420.0,1.162,1.164,1.159,1.159,50587.3
2023-03-19 15:58:00,1679241480.0,1.159,1.159,1.156,1.156,16174.8
2023-03-19 15:59:00,1679241540.0,1.156,1.159,1.156,1.157,13041.8
2023-03-19 16:00:00,1679241600.0,1.157,1.16,1.157,1.158,90761.1
2023-03-19 16:01:00,1679241660.0,1.159,1.16,1.157,1.158,61636.4
2023-03-19 16:02:00,1679241720.0,1.158,1.162,1.157,1.162,31377.4
2023-03-19 16:03:00,1679241780.0,1.162,1.163,1.162,1.163,3988.6
2023-03-19 16:04:00,1679241840.0,1.163,1.163,1.162,1.163,1301.4
2023-03-19 16:05:00,1679241900.0,1.162,1.163,1.161,1.161,4969.5
2023-03-19 16:06:00,1679241960.0,1.16,1.16,1.159,1.16,6996.2
2023-03-19 16:07:00,1679242020.0,1.161,1.161,1.16,1.16,682.4
2023-03-19 16:08:00,1679242080.0,1.16,1.16,1.158,1.158,14586.4
2023-03-19 16:09:00,1679242140.0,1.158,1.158,1.155,1.156,29094.7
2023-03-19 16:10:00,1679242200.0,1.157,1.157,1.155,1.157,35164.2
2023-03-19 16:11:00,1679242260.0,1.159,1.161,1.158,1.158,26950.6
2023-03-19 16:12:00,1679242320.0,1.158,1.159,1.157,1.159,15525.4
2023-03-19 16:13:00,1679242380.0,1.159,1.161,1.159,1.159,20652.5
2023-03-19 16:14:00,1679242440.0,1.16,1.16,1.158,1.158,3431.3
2023-03-19 16:15:00,1679242500.0,1.157,1.16,1.157,1.158,16824.0
2023-03-19 16:16:00,1679242560.0,1.158,1.16,1.158,1.159,5350.6
2023-03-19 16:17:00,1679242620.0,1.159,1.16,1.158,1.159,12863.7
2023-03-19 16:18:00,1679242680.0,1.159,1.161,1.159,1.161,18920.3
2023-03-19 16:19:00,1679242740.0,1.162,1.162,1.162,1.162,3512.7
2023-03-19 16:20:00,1679242800.0,1.161,1.161,1.16,1.16,18267.1
2023-03-19 16:21:00,1679242860.0,1.16,1.161,1.16,1.161,8727.7
2023-03-19 16:22:00,1679242920.0,1.162,1.163,1.161,1.162,9285.5
2023-03-19 16:23:00,1679242980.0,1.162,1.162,1.16,1.162,3642.3
2023-03-19 16:24:00,1679243040.0,1.162,1.163,1.161,1.162,11688.8
2023-03-19 16:25:00,1679243100.0,1.162,1.162,1.162,1.162,4165.9
2023-03-19 16:26:00,1679243160.0,1.162,1.162,1.161,1.162,6842.7
2023-03-19 16:27:00,1679243220.0,1.162,1.162,1.16,1.162,17362.1
2023-03-19 16:28:00,1679243280.0,1.161,1.162,1.161,1.162,111.7
2023-03-19 16:29:00,1679243340.0,1.161,1.162,1.161,1.162,113.6
2023-03-19 16:30:00,1679243400.0,1.162,1.163,1.162,1.162,13797.4
2023-03-19 16:31:00,1679243460.0,1.162,1.162,1.161,1.162,3251.1
2023-03-19 16:32:00,1679243520.0,1.161,1.164,1.161,1.164,10356.9
2023-03-19 16:33:00,1679243580.0,1.164,1.166,1.163,1.165,48634.5
2023-03-19 16:34:00,1679243640.0,1.165,1.166,1.161,1.162,76460.4
2023-03-19 16:35:00,1679243700.0,1.162,1.163,1.161,1.162,30659.2
2023-03-19 16:36:00,1679243760.0,1.162,1.165,1.162,1.164,18430.8
2023-03-19 16:37:00,1679243820.0,1.163,1.166,1.163,1.165,8227.3
2023-03-19 16:38:00,1679243880.0,1.165,1.166,1.164,1.165,24796.9
2023-03-19 16:39:00,1679243940.0,1.164,1.165,1.163,1.164,29279.8
2023-03-19 16:40:00,1679244000.0,1.165,1.165,1.165,1.165,13351.8
2023-03-19 16:41:00,1679244060.0,1.166,1.167,1.165,1.165,13422.0
2023-03-19 16:42:00,1679244120.0,1.165,1.165,1.163,1.165,66646.8
2023-03-19 16:43:00,1679244180.0,1.166,1.166,1.165,1.166,7613.5
2023-03-19 16:44:00,1679244240.0,1.166,1.166,1.163,1.165,8314.1
2023-03-19 16:45:00,1679244300.0,1.165,1.165,1.163,1.164,3034.9
2023-03-19 16:46:00,1679244360.0,1.164,1.165,1.163,1.164,4151.3
2023-03-19 16:47:00,1679244420.0,1.165,1.167,1.165,1.167,24242.6
2023-03-19 16:48:00,1679244480.0,1.167,1.168,1.166,1.168,38448.4
2023-03-19 16:49:00,1679244540.0,1.167,1.168,1.167,1.167,2068.6
2023-03-19 16:50:00,1679244600.0,1.167,1.169,1.167,1.169,25084.4
2023-03-19 16:51:00,1679244660.0,1.169,1.17,1.168,1.169,45666.7
2023-03-19 16:52:00,1679244720.0,1.169,1.17,1.169,1.17,13776.1
2023-03-19 16:53:00,1679244780.0,1.169,1.17,1.168,1.168,14698.6
2023-03-19 16:54:00,1679244840.0,1.169,1.169,1.167,1.167,838.1
2023-03-19 16:55:00,1679244900.0,1.168,1.17,1.168,1.169,9579.7
2023-03-19 16:56:00,1679244960.0,1.169,1.17,1.168,1.169,3940.1
2023-03-19 16:57:00,1679245020.0,1.169,1.169,1.167,1.167,11176.7
2023-03-19 16:58:00,1679245080.0,1.167,1.168,1.166,1.167,23129.7
2023-03-19 16:59:00,1679245140.0,1.167,1.168,1.166,1.167,13919.7
2023-03-19 17:00:00,1679245200.0,1.167,1.168,1.164,1.164,29997.2
2023-03-19 17:01:00,1679245260.0,1.164,1.164,1.159,1.16,67481.4
2023-03-19 17:02:00,1679245320.0,1.159,1.162,1.157,1.162,22975.0
2023-03-19 17:03:00,1679245380.0,1.162,1.164,1.162,1.162,18447.6
2023-03-19 17:04:00,1679245440.0,1.163,1.166,1.163,1.166,30923.3
2023-03-19 17:05:00,1679245500.0,1.165,1.166,1.164,1.164,27007.0
2023-03-19 17:06:00,1679245560.0,1.164,1.167,1.164,1.166,30718.3
2023-03-19 17:07:00,1679245620.0,1.166,1.167,1.166,1.166,9949.7
2023-03-19 17:08:00,1679245680.0,1.167,1.169,1.166,1.166,12606.3
2023-03-19 17:09:00,1679245740.0,1.167,1.167,1.166,1.167,6583.5
2023-03-19 17:10:00,1679245800.0,1.167,1.167,1.165,1.165,21729.7
2023-03-19 17:11:00,1679245860.0,1.165,1.166,1.164,1.165,9503.8
2023-03-19 17:12:00,1679245920.0,1.165,1.165,1.163,1.165,22223.6
2023-03-19 17:13:00,1679245980.0,1.166,1.166,1.164,1.165,7641.6
2023-03-19 17:14:00,1679246040.0,1.165,1.166,1.165,1.166,5594.8
2023-03-19 17:15:00,1679246100.0,1.166,1.167,1.165,1.166,5133.5
2023-03-19 17:16:00,1679246160.0,1.165,1.167,1.165,1.167,5694.6
2023-03-19 17:17:00,1679246220.0,1.167,1.167,1.163,1.163,17269.8
2023-03-19 17:18:00,1679246280.0,1.163,1.164,1.163,1.164,3544.1
2023-03-19 17:19:00,1679246340.0,1.165,1.167,1.165,1.167,1844.7
2023-03-19 17:20:00,1679246400.0,1.166,1.166,1.165,1.165,24731.9
2023-03-19 17:21:00,1679246460.0,1.164,1.165,1.164,1.165,1323.4
2023-03-19 17:22:00,1679246520.0,1.165,1.166,1.162,1.162,6642.7
2023-03-19 17:23:00,1679246580.0,1.163,1.163,1.161,1.162,37683.6
2023-03-19 17:24:00,1679246640.0,1.163,1.163,1.161,1.161,1201.4
2023-03-19 17:25:00,1679246700.0,1.162,1.162,1.161,1.161,4169.9
2023-03-19 17:26:00,1679246760.0,1.162,1.163,1.159,1.16,25018.9
2023-03-19 17:27:00,1679246820.0,1.16,1.161,1.16,1.161,4314.8
2023-03-19 17:28:00,1679246880.0,1.162,1.162,1.161,1.162,4087.7
2023-03-19 17:29:00,1679246940.0,1.161,1.163,1.161,1.162,12592.7
2023-03-19 17:30:00,1679247000.0,1.163,1.163,1.161,1.161,2065.3
2023-03-19 17:31:00,1679247060.0,1.161,1.162,1.161,1.161,6166.4
2023-03-19 17:32:00,1679247120.0,1.162,1.163,1.162,1.162,8448.3
2023-03-19 17:33:00,1679247180.0,1.163,1.163,1.163,1.163,2117.2
2023-03-19 17:34:00,1679247240.0,1.164,1.165,1.164,1.164,1716.5
2023-03-19 17:35:00,1679247300.0,1.164,1.165,1.164,1.164,230.4
2023-03-19 17:36:00,1679247360.0,1.164,1.165,1.164,1.165,1617.2
2023-03-19 17:37:00,1679247420.0,1.166,1.166,1.166,1.166,385.9
2023-03-19 17:38:00,1679247480.0,1.165,1.165,1.165,1.165,2213.8
2023-03-19 17:39:00,1679247540.0,1.166,1.166,1.165,1.165,80.3
2023-03-19 17:40:00,1679247600.0,1.166,1.167,1.166,1.167,9496.7
2023-03-19 17:41:00,1679247660.0,1.167,1.168,1.167,1.168,13148.1
2023-03-19 17:42:00,1679247720.0,1.168,1.169,1.168,1.169,8765.0
2023-03-19 17:43:00,1679247780.0,1.169,1.17,1.169,1.169,4907.1
2023-03-19 17:44:00,1679247840.0,1.169,1.169,1.169,1.169,9510.3
2023-03-19 17:45:00,1679247900.0,1.169,1.169,1.168,1.168,14156.2
2023-03-19 17:46:00,1679247960.0,1.167,1.167,1.165,1.166,34390.3
2023-03-19 17:47:00,1679248020.0,1.166,1.166,1.165,1.166,4141.5
2023-03-19 17:48:00,1679248080.0,1.166,1.167,1.165,1.167,5524.7
2023-03-19 17:49:00,1679248140.0,1.166,1.166,1.164,1.164,24216.6
2023-03-19 17:50:00,1679248200.0,1.164,1.165,1.164,1.165,434.7
2023-03-19 17:51:00,1679248260.0,1.164,1.166,1.164,1.166,28091.7
2023-03-19 17:52:00,1679248320.0,1.165,1.166,1.164,1.166,9516.8
2023-03-19 17:53:00,1679248380.0,1.165,1.165,1.164,1.165,15601.5
2023-03-19 17:54:00,1679248440.0,1.165,1.165,1.163,1.164,18209.9
2023-03-19 17:55:00,1679248500.0,1.165,1.165,1.164,1.164,13050.4
2023-03-19 17:56:00,1679248560.0,1.163,1.163,1.162,1.163,7930.1
2023-03-19 17:57:00,1679248620.0,1.163,1.164,1.163,1.163,3190.1
2023-03-19 17:58:00,1679248680.0,1.163,1.166,1.163,1.166,86960.0
2023-03-19 17:59:00,1679248740.0,1.165,1.167,1.164,1.164,16665.7
2023-03-19 18:00:00,1679248800.0,1.164,1.165,1.163,1.165,4089.6
2023-03-19 18:01:00,1679248860.0,1.164,1.164,1.162,1.162,2927.5
2023-03-19 18:02:00,1679248920.0,1.162,1.162,1.162,1.162,2942.7
2023-03-19 18:03:00,1679248980.0,1.162,1.163,1.162,1.162,759.7
2023-03-19 18:04:00,1679249040.0,1.163,1.164,1.163,1.163,2115.7
2023-03-19 18:05:00,1679249100.0,1.164,1.164,1.163,1.163,2181.6
2023-03-19 18:06:00,1679249160.0,1.162,1.162,1.161,1.161,759.6
2023-03-19 18:07:00,1679249220.0,1.162,1.164,1.162,1.163,5383.7
2023-03-19 18:08:00,1679249280.0,1.163,1.164,1.163,1.164,1005.8
2023-03-19 18:09:00,1679249340.0,1.163,1.165,1.163,1.163,38684.7
2023-03-19 18:10:00,1679249400.0,1.163,1.164,1.162,1.163,12775.0
2023-03-19 18:11:00,1679249460.0,1.162,1.163,1.161,1.162,5292.6
2023-03-19 18:12:00,1679249520.0,1.162,1.162,1.161,1.162,14757.0
2023-03-19 18:13:00,1679249580.0,1.162,1.164,1.162,1.163,9776.5
2023-03-19 18:14:00,1679249640.0,1.163,1.164,1.163,1.163,2012.8
2023-03-19 18:15:00,1679249700.0,1.163,1.163,1.162,1.162,2161.5
2023-03-19 18:16:00,1679249760.0,1.163,1.163,1.162,1.162,3378.0
2023-03-19 18:17:00,1679249820.0,1.161,1.163,1.161,1.162,12291.8
2023-03-19 18:18:00,1679249880.0,1.162,1.164,1.162,1.163,12055.1
2023-03-19 18:19:00,1679249940.0,1.164,1.166,1.164,1.165,4077.9
2023-03-19 18:20:00,1679250000.0,1.165,1.165,1.164,1.164,1570.5
2023-03-19 18:21:00,1679250060.0,1.164,1.165,1.164,1.165,221.8
2023-03-19 18:22:00,1679250120.0,1.165,1.165,1.164,1.164,1437.3
2023-03-19 18:23:00,1679250180.0,1.164,1.165,1.164,1.164,757.4
2023-03-19 18:24:00,1679250240.0,1.165,1.165,1.164,1.164,2766.3
2023-03-19 18:25:00,1679250300.0,1.164,1.165,1.163,1.165,38385.4
2023-03-19 18:26:00,1679250360.0,1.165,1.166,1.165,1.166,2032.3
2023-03-19 18:27:00,1679250420.0,1.167,1.168,1.167,1.167,20330.9
2023-03-19 18:28:00,1679250480.0,1.166,1.168,1.166,1.168,5268.4
2023-03-19 18:29:00,1679250540.0,1.168,1.168,1.167,1.167,2472.9
2023-03-19 18:30:00,1679250600.0,1.167,1.167,1.166,1.167,2926.9
2023-03-19 18:31:00,1679250660.0,1.167,1.167,1.167,1.167,4309.6
2023-03-19 18:32:00,1679250720.0,1.167,1.168,1.167,1.168,1522.1
2023-03-19 18:33:00,1679250780.0,1.168,1.168,1.167,1.167,15508.4
2023-03-19 18:34:00,1679250840.0,1.168,1.169,1.168,1.168,6842.1
2023-03-19 18:35:00,1679250900.0,1.168,1.168,1.166,1.166,4670.3
2023-03-19 18:36:00,1679250960.0,1.166,1.167,1.166,1.167,3670.2
2023-03-19 18:37:00,1679251020.0,1.167,1.167,1.166,1.166,10893.1
2023-03-19 18:38:00,1679251080.0,1.165,1.167,1.165,1.167,1812.9
2023-03-19 18:39:00,1679251140.0,1.167,1.167,1.166,1.166,10313.5
2023-03-19 18:40:00,1679251200.0,1.166,1.166,1.16,1.161,187075.8
2023-03-19 18:41:00,1679251260.0,1.161,1.163,1.161,1.163,24376.6
2023-03-19 18:42:00,1679251320.0,1.162,1.163,1.162,1.163,12589.1
2023-03-19 18:43:00,1679251380.0,1.162,1.162,1.161,1.162,14143.5
2023-03-19 18:44:00,1679251440.0,1.161,1.163,1.161,1.163,5341.6
2023-03-19 18:45:00,1679251500.0,1.163,1.163,1.161,1.162,5831.2
2023-03-19 18:46:00,1679251560.0,1.162,1.163,1.162,1.162,2408.1
2023-03-19 18:47:00,1679251620.0,1.162,1.163,1.161,1.163,7408.2
2023-03-19 18:48:00,1679251680.0,1.162,1.162,1.161,1.162,11278.0
2023-03-19 18:49:00,1679251740.0,1.161,1.162,1.159,1.159,3325.8
2023-03-19 18:50:00,1679251800.0,1.16,1.161,1.16,1.161,7262.8
2023-03-19 18:51:00,1679251860.0,1.161,1.162,1.161,1.161,27059.3
2023-03-19 18:52:00,1679251920.0,1.162,1.162,1.161,1.162,38.8
2023-03-19 18:53:00,1679251980.0,1.161,1.163,1.161,1.163,5211.4
2023-03-19 18:54:00,1679252040.0,1.163,1.163,1.162,1.163,6953.4
2023-03-19 18:55:00,1679252100.0,1.162,1.162,1.161,1.161,10700.2
2023-03-19 18:56:00,1679252160.0,1.161,1.162,1.161,1.162,8035.7
2023-03-19 18:57:00,1679252220.0,1.162,1.162,1.161,1.162,3213.1
2023-03-19 18:58:00,1679252280.0,1.162,1.164,1.162,1.163,25156.0
2023-03-19 18:59:00,1679252340.0,1.163,1.164,1.162,1.164,2641.1
2023-03-19 19:00:00,1679252400.0,1.164,1.164,1.162,1.163,22084.6
2023-03-19 19:01:00,1679252460.0,1.162,1.162,1.161,1.162,6664.2
2023-03-19 19:02:00,1679252520.0,1.163,1.165,1.163,1.165,4363.5
2023-03-19 19:03:00,1679252580.0,1.165,1.165,1.163,1.164,16337.3
2023-03-19 19:04:00,1679252640.0,1.165,1.167,1.165,1.166,6541.7
2023-03-19 19:05:00,1679252700.0,1.165,1.165,1.163,1.164,73375.0
2023-03-19 19:06:00,1679252760.0,1.164,1.166,1.164,1.166,20020.3
2023-03-19 19:07:00,1679252820.0,1.166,1.166,1.165,1.166,6167.8
2023-03-19 19:08:00,1679252880.0,1.166,1.168,1.166,1.167,10014.1
2023-03-19 19:09:00,1679252940.0,1.167,1.168,1.166,1.166,25443.3
2023-03-19 19:10:00,1679253000.0,1.166,1.167,1.166,1.167,10375.7
2023-03-19 19:11:00,1679253060.0,1.168,1.169,1.167,1.167,12261.3
2023-03-19 19:12:00,1679253120.0,1.168,1.168,1.167,1.167,3417.5
2023-03-19 19:13:00,1679253180.0,1.167,1.168,1.167,1.167,2696.3
2023-03-19 19:14:00,1679253240.0,1.168,1.168,1.167,1.168,4811.5
2023-03-19 19:15:00,1679253300.0,1.168,1.168,1.167,1.167,13895.1
2023-03-19 19:16:00,1679253360.0,1.167,1.167,1.165,1.166,3968.5
2023-03-19 19:17:00,1679253420.0,1.166,1.167,1.166,1.167,9766.8
2023-03-19 19:18:00,1679253480.0,1.167,1.167,1.166,1.167,5273.8
2023-03-19 19:19:00,1679253540.0,1.166,1.166,1.165,1.165,3368.8
2023-03-19 19:20:00,1679253600.0,1.164,1.165,1.163,1.165,27191.6
2023-03-19 19:21:00,1679253660.0,1.165,1.165,1.164,1.164,828.0
2023-03-19 19:22:00,1679253720.0,1.164,1.164,1.163,1.163,8260.1
2023-03-19 19:23:00,1679253780.0,1.163,1.165,1.163,1.165,4237.9
2023-03-19 19:24:00,1679253840.0,1.164,1.165,1.164,1.165,9509.7
2023-03-19 19:25:00,1679253900.0,1.165,1.166,1.165,1.166,1220.7
2023-03-19 19:26:00,1679253960.0,1.166,1.167,1.165,1.167,8544.7
2023-03-19 19:27:00,1679254020.0,1.166,1.168,1.166,1.168,3821.1
2023-03-19 19:28:00,1679254080.0,1.169,1.169,1.168,1.168,1936.7
2023-03-19 19:29:00,1679254140.0,1.168,1.168,1.168,1.168,391.6
2023-03-19 19:30:00,1679254200.0,1.167,1.169,1.167,1.169,3666.9
2023-03-19 19:31:00,1679254260.0,1.168,1.17,1.168,1.169,695.8
2023-03-19 19:32:00,1679254320.0,1.17,1.17,1.169,1.17,11497.0
2023-03-19 19:33:00,1679254380.0,1.17,1.172,1.17,1.171,14972.1
2023-03-19 19:34:00,1679254440.0,1.171,1.171,1.169,1.17,8521.7
2023-03-19 19:35:00,1679254500.0,1.17,1.171,1.168,1.169,6621.7
2023-03-19 19:36:00,1679254560.0,1.169,1.169,1.166,1.166,1950.6
2023-03-19 19:37:00,1679254620.0,1.167,1.167,1.163,1.164,10539.3
2023-03-19 19:38:00,1679254680.0,1.164,1.165,1.164,1.165,6229.1
2023-03-19 19:39:00,1679254740.0,1.164,1.164,1.163,1.163,14326.5
2023-03-19 19:40:00,1679254800.0,1.164,1.165,1.16,1.161,69596.6
2023-03-19 19:41:00,1679254860.0,1.161,1.161,1.155,1.156,59995.0
2023-03-19 19:42:00,1679254920.0,1.155,1.16,1.155,1.16,43233.3
2023-03-19 19:43:00,1679254980.0,1.161,1.162,1.157,1.157,22811.7
2023-03-19 19:44:00,1679255040.0,1.158,1.158,1.157,1.158,3782.2
2023-03-19 19:45:00,1679255100.0,1.158,1.158,1.155,1.156,5298.7
2023-03-19 19:46:00,1679255160.0,1.156,1.157,1.156,1.156,4840.7
2023-03-19 19:47:00,1679255220.0,1.157,1.158,1.156,1.156,5188.0
2023-03-19 19:48:00,1679255280.0,1.157,1.159,1.156,1.158,5982.6
2023-03-19 19:49:00,1679255340.0,1.158,1.159,1.158,1.159,6337.9
2023-03-19 19:50:00,1679255400.0,1.158,1.158,1.156,1.157,4658.0
2023-03-19 19:51:00,1679255460.0,1.157,1.158,1.157,1.158,1241.3
2023-03-19 19:52:00,1679255520.0,1.158,1.158,1.157,1.157,4834.0
2023-03-19 19:53:00,1679255580.0,1.157,1.157,1.156,1.157,5716.4
2023-03-19 19:54:00,1679255640.0,1.157,1.157,1.157,1.157,17.5
2023-03-19 19:55:00,1679255700.0,1.157,1.157,1.156,1.156,295.0
2023-03-19 19:56:00,1679255760.0,1.157,1.157,1.154,1.155,3721.6
2023-03-19 19:57:00,1679255820.0,1.155,1.156,1.154,1.155,9215.5
2023-03-19 19:58:00,1679255880.0,1.155,1.156,1.155,1.156,11317.8
2023-03-19 19:59:00,1679255940.0,1.156,1.157,1.155,1.157,1874.6
2023-03-19 20:00:00,1679256000.0,1.157,1.157,1.156,1.157,11379.0
2023-03-19 20:01:00,1679256060.0,1.158,1.159,1.158,1.159,12207.1
2023-03-19 20:02:00,1679256120.0,1.159,1.159,1.157,1.158,16757.9
2023-03-19 20:03:00,1679256180.0,1.159,1.16,1.159,1.159,9852.3
2023-03-19 20:04:00,1679256240.0,1.159,1.16,1.159,1.16,4639.6
2023-03-19 20:05:00,1679256300.0,1.159,1.161,1.159,1.161,28867.5
2023-03-19 20:06:00,1679256360.0,1.16,1.16,1.157,1.157,18491.3
2023-03-19 20:07:00,1679256420.0,1.157,1.157,1.157,1.157,14369.8
2023-03-19 20:08:00,1679256480.0,1.158,1.159,1.158,1.159,9719.1
2023-03-19 20:09:00,1679256540.0,1.159,1.159,1.157,1.157,1743.1
2023-03-19 20:10:00,1679256600.0,1.157,1.157,1.156,1.156,1632.0
2023-03-19 20:11:00,1679256660.0,1.156,1.159,1.156,1.159,3959.3
2023-03-19 20:12:00,1679256720.0,1.158,1.158,1.156,1.156,10394.3
2023-03-19 20:13:00,1679256780.0,1.155,1.155,1.152,1.153,22931.4
2023-03-19 20:14:00,1679256840.0,1.153,1.154,1.151,1.152,8520.5
2023-03-19 20:15:00,1679256900.0,1.152,1.154,1.151,1.154,11339.4
2023-03-19 20:16:00,1679256960.0,1.153,1.155,1.151,1.152,36704.2
2023-03-19 20:17:00,1679257020.0,1.152,1.155,1.151,1.155,30673.9
2023-03-19 20:18:00,1679257080.0,1.156,1.158,1.156,1.158,42786.6
2023-03-19 20:19:00,1679257140.0,1.157,1.157,1.156,1.156,11690.4
2023-03-19 20:20:00,1679257200.0,1.156,1.158,1.156,1.157,8803.5
2023-03-19 20:21:00,1679257260.0,1.156,1.156,1.155,1.155,9484.9
2023-03-19 20:22:00,1679257320.0,1.155,1.157,1.155,1.157,8643.3
2023-03-19 20:23:00,1679257380.0,1.158,1.158,1.157,1.157,5148.2
2023-03-19 20:24:00,1679257440.0,1.157,1.157,1.157,1.157,9843.3
2023-03-19 20:25:00,1679257500.0,1.156,1.157,1.156,1.156,6927.9
2023-03-19 20:26:00,1679257560.0,1.155,1.156,1.154,1.155,5994.6
2023-03-19 20:27:00,1679257620.0,1.156,1.157,1.155,1.156,4897.1
2023-03-19 20:28:00,1679257680.0,1.157,1.157,1.154,1.154,2793.3
2023-03-19 20:29:00,1679257740.0,1.155,1.156,1.153,1.153,5353.0
2023-03-19 20:30:00,1679257800.0,1.153,1.155,1.153,1.155,34753.8
2023-03-19 20:31:00,1679257860.0,1.156,1.158,1.156,1.157,6242.3
2023-03-19 20:32:00,1679257920.0,1.157,1.157,1.157,1.157,4384.6
2023-03-19 20:33:00,1679257980.0,1.156,1.157,1.156,1.157,21195.3
2023-03-19 20:34:00,1679258040.0,1.157,1.157,1.155,1.155,14558.5
2023-03-19 20:35:00,1679258100.0,1.156,1.156,1.155,1.155,10553.9
2023-03-19 20:36:00,1679258160.0,1.156,1.156,1.155,1.155,5792.2
2023-03-19 20:37:00,1679258220.0,1.154,1.155,1.153,1.153,43416.8
2023-03-19 20:38:00,1679258280.0,1.152,1.153,1.142,1.147,127678.2
2023-03-19 20:39:00,1679258340.0,1.146,1.146,1.138,1.143,77466.3
2023-03-19 20:40:00,1679258400.0,1.143,1.147,1.143,1.147,16316.1
2023-03-19 20:41:00,1679258460.0,1.148,1.15,1.147,1.149,18298.0
2023-03-19 20:42:00,1679258520.0,1.15,1.151,1.149,1.15,35507.9
2023-03-19 20:43:00,1679258580.0,1.15,1.15,1.148,1.149,11774.0
2023-03-19 20:44:00,1679258640.0,1.15,1.151,1.15,1.15,11578.9
2023-03-19 20:45:00,1679258700.0,1.149,1.149,1.147,1.147,13021.1
2023-03-19 20:46:00,1679258760.0,1.147,1.151,1.147,1.151,31533.2
2023-03-19 20:47:00,1679258820.0,1.15,1.152,1.15,1.15,4366.7
2023-03-19 20:48:00,1679258880.0,1.15,1.151,1.148,1.148,15138.5
2023-03-19 20:49:00,1679258940.0,1.149,1.15,1.149,1.15,5626.4
2023-03-19 20:50:00,1679259000.0,1.15,1.15,1.149,1.149,13776.6
2023-03-19 20:51:00,1679259060.0,1.149,1.149,1.148,1.148,10970.5
2023-03-19 20:52:00,1679259120.0,1.148,1.148,1.146,1.148,11831.5
2023-03-19 20:53:00,1679259180.0,1.149,1.149,1.147,1.147,5706.5
2023-03-19 20:54:00,1679259240.0,1.147,1.147,1.145,1.146,20125.5
2023-03-19 20:55:00,1679259300.0,1.147,1.147,1.146,1.146,7192.0
2023-03-19 20:56:00,1679259360.0,1.146,1.147,1.146,1.146,8700.8
2023-03-19 20:57:00,1679259420.0,1.147,1.147,1.147,1.147,12147.2
2023-03-19 20:58:00,1679259480.0,1.147,1.15,1.147,1.15,6208.6
2023-03-19 20:59:00,1679259540.0,1.149,1.149,1.147,1.147,1190.5
2023-03-19 21:00:00,1679259600.0,1.147,1.147,1.145,1.146,47503.2
2023-03-19 21:01:00,1679259660.0,1.147,1.149,1.147,1.149,10388.2
2023-03-19 21:02:00,1679259720.0,1.149,1.15,1.149,1.149,3461.5
2023-03-19 21:03:00,1679259780.0,1.149,1.149,1.147,1.148,16764.6
2023-03-19 21:04:00,1679259840.0,1.149,1.15,1.149,1.149,4089.2
2023-03-19 21:05:00,1679259900.0,1.15,1.151,1.15,1.151,14883.9
2023-03-19 21:06:00,1679259960.0,1.151,1.151,1.15,1.15,684.0
2023-03-19 21:07:00,1679260020.0,1.151,1.153,1.151,1.152,6777.2
2023-03-19 21:08:00,1679260080.0,1.152,1.153,1.152,1.152,8719.9
2023-03-19 21:09:00,1679260140.0,1.153,1.153,1.15,1.152,17379.7
2023-03-19 21:10:00,1679260200.0,1.151,1.152,1.151,1.151,5669.0
2023-03-19 21:11:00,1679260260.0,1.151,1.152,1.151,1.152,1366.7
2023-03-19 21:12:00,1679260320.0,1.152,1.152,1.151,1.151,2926.6
2023-03-19 21:13:00,1679260380.0,1.15,1.151,1.149,1.151,6179.9
2023-03-19 21:14:00,1679260440.0,1.151,1.151,1.149,1.15,7109.5
2023-03-19 21:15:00,1679260500.0,1.149,1.15,1.149,1.15,437.0
2023-03-19 21:16:00,1679260560.0,1.15,1.151,1.15,1.151,2720.0
2023-03-19 21:17:00,1679260620.0,1.151,1.153,1.151,1.152,21561.4
2023-03-19 21:18:00,1679260680.0,1.151,1.152,1.151,1.151,4914.3
2023-03-19 21:19:00,1679260740.0,1.151,1.152,1.151,1.151,962.4
2023-03-19 21:20:00,1679260800.0,1.151,1.151,1.15,1.15,3843.2
2023-03-19 21:21:00,1679260860.0,1.151,1.151,1.15,1.151,9612.1
2023-03-19 21:22:00,1679260920.0,1.152,1.152,1.151,1.151,1923.7
2023-03-19 21:23:00,1679260980.0,1.15,1.15,1.15,1.15,7753.3
2023-03-19 21:24:00,1679261040.0,1.15,1.15,1.15,1.15,204.9
2023-03-19 21:25:00,1679261100.0,1.15,1.15,1.15,1.15,3603.3
2023-03-19 21:26:00,1679261160.0,1.15,1.151,1.15,1.151,5577.1
2023-03-19 21:27:00,1679261220.0,1.151,1.151,1.151,1.151,9980.5
2023-03-19 21:28:00,1679261280.0,1.151,1.152,1.151,1.152,3025.2
2023-03-19 21:29:00,1679261340.0,1.152,1.153,1.152,1.152,2716.9
2023-03-19 21:30:00,1679261400.0,1.153,1.153,1.152,1.153,14524.5
2023-03-19 21:31:00,1679261460.0,1.153,1.153,1.153,1.153,6437.8
2023-03-19 21:32:00,1679261520.0,1.153,1.153,1.152,1.153,2404.5
2023-03-19 21:33:00,1679261580.0,1.153,1.153,1.151,1.152,5399.2
2023-03-19 21:34:00,1679261640.0,1.152,1.152,1.151,1.151,388.9
2023-03-19 21:35:00,1679261700.0,1.152,1.152,1.152,1.152,879.1
2023-03-19 21:36:00,1679261760.0,1.151,1.151,1.15,1.151,3918.7
2023-03-19 21:37:00,1679261820.0,1.151,1.151,1.15,1.15,1522.2
2023-03-19 21:38:00,1679261880.0,1.149,1.15,1.148,1.15,2015.3
2023-03-19 21:39:00,1679261940.0,1.15,1.151,1.15,1.151,16994.1
2023-03-19 21:40:00,1679262000.0,1.15,1.151,1.15,1.151,6172.4
2023-03-19 21:41:00,1679262060.0,1.151,1.152,1.15,1.152,1681.1
2023-03-19 21:42:00,1679262120.0,1.152,1.153,1.152,1.153,23.5
2023-03-19 21:43:00,1679262180.0,1.152,1.152,1.152,1.152,8682.5
2023-03-19 21:44:00,1679262240.0,1.152,1.153,1.151,1.153,16626.2
2023-03-19 21:45:00,1679262300.0,1.153,1.153,1.152,1.152,8493.5
2023-03-19 21:46:00,1679262360.0,1.152,1.153,1.152,1.153,194.6
2023-03-19 21:47:00,1679262420.0,1.154,1.154,1.154,1.154,121.1
2023-03-19 21:48:00,1679262480.0,1.154,1.154,1.154,1.154,216.6
2023-03-19 21:49:00,1679262540.0,1.153,1.154,1.153,1.154,397.3
2023-03-19 21:50:00,1679262600.0,1.153,1.153,1.149,1.15,2373.6
2023-03-19 21:51:00,1679262660.0,1.15,1.15,1.15,1.15,1090.7
2023-03-19 21:52:00,1679262720.0,1.149,1.15,1.149,1.15,1333.8
2023-03-19 21:53:00,1679262780.0,1.15,1.15,1.15,1.15,4024.2
2023-03-19 21:54:00,1679262840.0,1.15,1.151,1.15,1.151,2527.1
2023-03-19 21:55:00,1679262900.0,1.15,1.15,1.15,1.15,673.9
2023-03-19 21:56:00,1679262960.0,1.15,1.15,1.15,1.15,0.0
2023-03-19 21:57:00,1679263020.0,1.15,1.152,1.15,1.151,5909.6
2023-03-19 21:58:00,1679263080.0,1.15,1.15,1.15,1.15,5045.7
2023-03-19 21:59:00,1679263140.0,1.15,1.15,1.15,1.15,0.0
2023-03-19 22:00:00,1679263200.0,1.15,1.15,1.149,1.149,6378.8
2023-03-19 22:01:00,1679263260.0,1.15,1.151,1.15,1.151,1332.6
2023-03-19 22:02:00,1679263320.0,1.15,1.151,1.149,1.149,24708.1
2023-03-19 22:03:00,1679263380.0,1.15,1.153,1.15,1.153,14354.4
2023-03-19 22:04:00,1679263440.0,1.154,1.155,1.154,1.154,13888.6
2023-03-19 22:05:00,1679263500.0,1.154,1.155,1.153,1.153,10824.6
2023-03-19 22:06:00,1679263560.0,1.153,1.153,1.153,1.153,130.6
2023-03-19 22:07:00,1679263620.0,1.152,1.153,1.152,1.152,16629.5
2023-03-19 22:08:00,1679263680.0,1.152,1.153,1.152,1.153,5540.2
2023-03-19 22:09:00,1679263740.0,1.153,1.155,1.153,1.155,9506.4
2023-03-19 22:10:00,1679263800.0,1.154,1.156,1.154,1.155,1615.5
2023-03-19 22:11:00,1679263860.0,1.155,1.156,1.154,1.156,7196.7
2023-03-19 22:12:00,1679263920.0,1.156,1.156,1.155,1.155,16819.5
2023-03-19 22:13:00,1679263980.0,1.154,1.157,1.154,1.157,8967.9
2023-03-19 22:14:00,1679264040.0,1.157,1.157,1.156,1.156,21676.7
2023-03-19 22:15:00,1679264100.0,1.156,1.158,1.156,1.158,2982.3
2023-03-19 22:16:00,1679264160.0,1.158,1.158,1.157,1.157,1691.3
2023-03-19 22:17:00,1679264220.0,1.157,1.158,1.157,1.157,9882.8
2023-03-19 22:18:00,1679264280.0,1.156,1.157,1.156,1.156,6735.1
2023-03-19 22:19:00,1679264340.0,1.156,1.157,1.156,1.156,440.9
2023-03-19 22:20:00,1679264400.0,1.156,1.157,1.156,1.157,237.2
2023-03-19 22:21:00,1679264460.0,1.157,1.157,1.155,1.155,3910.7
2023-03-19 22:22:00,1679264520.0,1.154,1.155,1.154,1.154,735.0
2023-03-19 22:23:00,1679264580.0,1.154,1.154,1.151,1.151,4367.6
2023-03-19 22:24:00,1679264640.0,1.151,1.151,1.149,1.15,11600.7
2023-03-19 22:25:00,1679264700.0,1.151,1.151,1.149,1.149,3326.1
2023-03-19 22:26:00,1679264760.0,1.149,1.15,1.149,1.15,3450.7
2023-03-19 22:27:00,1679264820.0,1.15,1.151,1.149,1.15,5124.0
2023-03-19 22:28:00,1679264880.0,1.15,1.152,1.15,1.152,294.9
2023-03-19 22:29:00,1679264940.0,1.152,1.154,1.152,1.153,718.9
2023-03-19 22:30:00,1679265000.0,1.153,1.153,1.153,1.153,60.6
2023-03-19 22:31:00,1679265060.0,1.152,1.154,1.152,1.154,18898.3
2023-03-19 22:32:00,1679265120.0,1.154,1.155,1.154,1.155,8281.8
2023-03-19 22:33:00,1679265180.0,1.155,1.156,1.154,1.155,9896.2
2023-03-19 22:34:00,1679265240.0,1.155,1.157,1.154,1.156,47928.5
2023-03-19 22:35:00,1679265300.0,1.156,1.158,1.156,1.158,1017.8
2023-03-19 22:36:00,1679265360.0,1.158,1.159,1.157,1.158,43166.0
2023-03-19 22:37:00,1679265420.0,1.159,1.159,1.159,1.159,1266.5
2023-03-19 22:38:00,1679265480.0,1.159,1.16,1.159,1.159,6375.7
2023-03-19 22:39:00,1679265540.0,1.16,1.16,1.16,1.16,1266.8
2023-03-19 22:40:00,1679265600.0,1.16,1.161,1.159,1.16,3372.0
2023-03-19 22:41:00,1679265660.0,1.16,1.162,1.16,1.161,18111.9
2023-03-19 22:42:00,1679265720.0,1.161,1.161,1.159,1.159,3043.3
2023-03-19 22:43:00,1679265780.0,1.159,1.16,1.159,1.16,689.6
2023-03-19 22:44:00,1679265840.0,1.16,1.16,1.159,1.159,629.7
2023-03-19 22:45:00,1679265900.0,1.16,1.161,1.159,1.159,8065.9
2023-03-19 22:46:00,1679265960.0,1.159,1.16,1.159,1.16,1710.4
2023-03-19 22:47:00,1679266020.0,1.159,1.159,1.156,1.157,34132.7
2023-03-19 22:48:00,1679266080.0,1.157,1.158,1.157,1.157,7560.4
2023-03-19 22:49:00,1679266140.0,1.158,1.161,1.158,1.161,46473.0
2023-03-19 22:50:00,1679266200.0,1.161,1.161,1.16,1.161,3940.8
2023-03-19 22:51:00,1679266260.0,1.161,1.161,1.161,1.161,301.8
2023-03-19 22:52:00,1679266320.0,1.16,1.16,1.159,1.159,6773.1
2023-03-19 22:53:00,1679266380.0,1.16,1.16,1.16,1.16,19752.3
2023-03-19 22:54:00,1679266440.0,1.161,1.161,1.161,1.161,4984.7
2023-03-19 22:55:00,1679266500.0,1.16,1.16,1.16,1.16,99.9
2023-03-19 22:56:00,1679266560.0,1.16,1.16,1.159,1.16,8170.2
2023-03-19 22:57:00,1679266620.0,1.161,1.161,1.159,1.159,21114.0
2023-03-19 22:58:00,1679266680.0,1.16,1.161,1.16,1.161,9981.1
2023-03-19 22:59:00,1679266740.0,1.16,1.16,1.16,1.16,1648.4
2023-03-19 23:00:00,1679266800.0,1.16,1.161,1.16,1.161,3479.9
2023-03-19 23:01:00,1679266860.0,1.161,1.164,1.161,1.163,26197.1
2023-03-19 23:02:00,1679266920.0,1.163,1.165,1.162,1.164,14629.2
2023-03-19 23:03:00,1679266980.0,1.164,1.164,1.163,1.164,21689.5
2023-03-19 23:04:00,1679267040.0,1.164,1.164,1.161,1.163,54002.3
2023-03-19 23:05:00,1679267100.0,1.163,1.163,1.161,1.161,11161.0
2023-03-19 23:06:00,1679267160.0,1.162,1.163,1.162,1.163,22471.2
2023-03-19 23:07:00,1679267220.0,1.162,1.164,1.162,1.163,1613.6
2023-03-19 23:08:00,1679267280.0,1.163,1.164,1.162,1.164,12601.7
2023-03-19 23:09:00,1679267340.0,1.164,1.164,1.162,1.162,1054.1
2023-03-19 23:10:00,1679267400.0,1.162,1.163,1.162,1.163,4325.9
2023-03-19 23:11:00,1679267460.0,1.163,1.165,1.163,1.164,7198.8
2023-03-19 23:12:00,1679267520.0,1.165,1.165,1.163,1.164,3535.7
2023-03-19 23:13:00,1679267580.0,1.164,1.164,1.163,1.164,719.1
2023-03-19 23:14:00,1679267640.0,1.164,1.164,1.163,1.163,1410.2
2023-03-19 23:15:00,1679267700.0,1.163,1.164,1.162,1.162,17631.2
2023-03-19 23:16:00,1679267760.0,1.162,1.163,1.162,1.162,15991.0
2023-03-19 23:17:00,1679267820.0,1.161,1.162,1.161,1.161,4275.7
2023-03-19 23:18:00,1679267880.0,1.162,1.163,1.161,1.162,22512.5
2023-03-19 23:19:00,1679267940.0,1.163,1.164,1.163,1.163,6097.1
2023-03-19 23:20:00,1679268000.0,1.163,1.163,1.16,1.161,7686.3
2023-03-19 23:21:00,1679268060.0,1.161,1.162,1.161,1.162,5751.0
2023-03-19 23:22:00,1679268120.0,1.163,1.163,1.162,1.162,9220.1
2023-03-19 23:23:00,1679268180.0,1.161,1.161,1.16,1.16,1655.5
2023-03-19 23:24:00,1679268240.0,1.161,1.161,1.16,1.161,3835.8
2023-03-19 23:25:00,1679268300.0,1.161,1.161,1.16,1.16,2577.8
2023-03-19 23:26:00,1679268360.0,1.161,1.163,1.161,1.163,15740.1
2023-03-19 23:27:00,1679268420.0,1.163,1.164,1.162,1.164,16760.4
2023-03-19 23:28:00,1679268480.0,1.164,1.164,1.163,1.164,6949.9
2023-03-19 23:29:00,1679268540.0,1.164,1.165,1.164,1.164,6044.5
2023-03-19 23:30:00,1679268600.0,1.163,1.169,1.163,1.169,83926.8
2023-03-19 23:31:00,1679268660.0,1.17,1.173,1.168,1.172,54144.1
2023-03-19 23:32:00,1679268720.0,1.172,1.175,1.17,1.174,41721.3
2023-03-19 23:33:00,1679268780.0,1.173,1.175,1.167,1.167,258711.7
2023-03-19 23:34:00,1679268840.0,1.168,1.168,1.166,1.166,16335.0
2023-03-19 23:35:00,1679268900.0,1.166,1.172,1.166,1.169,102222.1
2023-03-19 23:36:00,1679268960.0,1.169,1.175,1.169,1.175,41112.2
2023-03-19 23:37:00,1679269020.0,1.175,1.18,1.171,1.172,727320.2
2023-03-19 23:38:00,1679269080.0,1.173,1.177,1.169,1.171,1436728.0
2023-03-19 23:39:00,1679269140.0,1.171,1.171,1.169,1.17,295446.9
2023-03-19 23:40:00,1679269200.0,1.17,1.17,1.167,1.167,359628.9
2023-03-19 23:41:00,1679269260.0,1.167,1.167,1.164,1.165,140220.3
2023-03-19 23:42:00,1679269320.0,1.165,1.165,1.164,1.164,4376.7
2023-03-19 23:43:00,1679269380.0,1.164,1.167,1.164,1.166,5329.7
2023-03-19 23:44:00,1679269440.0,1.165,1.165,1.163,1.165,24760.3
2023-03-19 23:45:00,1679269500.0,1.165,1.167,1.164,1.166,16163.3
2023-03-19 23:46:00,1679269560.0,1.165,1.165,1.163,1.163,24007.0
2023-03-19 23:47:00,1679269620.0,1.163,1.163,1.16,1.162,17462.0
2023-03-19 23:48:00,1679269680.0,1.162,1.163,1.161,1.161,10728.9
2023-03-19 23:49:00,1679269740.0,1.162,1.162,1.162,1.162,13673.5
2023-03-19 23:50:00,1679269800.0,1.162,1.162,1.161,1.161,7383.4
2023-03-19 23:51:00,1679269860.0,1.162,1.162,1.16,1.16,6356.6
2023-03-19 23:52:00,1679269920.0,1.161,1.161,1.158,1.159,14751.9
2023-03-19 23:53:00,1679269980.0,1.159,1.16,1.157,1.158,48719.7
2023-03-19 23:54:00,1679270040.0,1.158,1.158,1.153,1.153,64634.0
2023-03-19 23:55:00,1679270100.0,1.152,1.154,1.152,1.154,42390.8
2023-03-19 23:56:00,1679270160.0,1.154,1.156,1.154,1.155,15058.1
2023-03-19 23:57:00,1679270220.0,1.155,1.155,1.152,1.153,39024.0
2023-03-19 23:58:00,1679270280.0,1.153,1.154,1.153,1.154,16914.5
2023-03-19 23:59:00,1679270340.0,1.154,1.154,1.154,1.154,7300.6
